BLE,1704596400341934782,D3:F4:55:AB:96:20,-67
BLE,1704596400416036450,DF:DF:EE:00:00:04,-53
BLE,1704596400534385737,D3:F4:55:AB:96:20,-63
BLE,1704596400720938511,D3:F4:55:AB:96:20,-67
BLE,1704596400915594778,D3:F4:55:AB:96:20,-63
BLE,1704596400945990676,DF:DF:EE:00:00:04,-34
BLE,1704596401101132100,D3:F4:55:AB:96:20,-62
BLE,1704596401300056790,D3:F4:55:AB:96:20,-52
BLE,1704596401869908882,D3:F4:55:AB:96:20,-66
BLE,1704596401950689443,DF:DF:EE:00:00:04,-46
BLE,1704596402408990594,DF:DF:EE:00:00:04,-34
BLE,1704596402451381176,D3:F4:55:AB:96:20,-66
BLE,1704596403030711612,D3:F4:55:AB:96:20,-68
BLE,1704596403219108882,D3:F4:55:AB:96:20,-63
BLE,1704596403263885810,DF:A6:DC:DC:2E:81,-72
BLE,1704596403263926183,DF:DF:EE:00:00:01,-72
BLE,1704596403413631280,D3:F4:55:AB:96:20,-68
BLE,1704596403795144057,D3:F4:55:AB:96:20,-69
BLE,1704596404223420584,DF:DF:EE:00:00:04,-55
BLE,1704596404381084764,D3:F4:55:AB:96:20,-68
BLE,1704596404679776535,DF:DF:EE:00:00:04,-51
BLE,1704596405342512783,D3:F4:55:AB:96:20,-70
BLE,1704596405531521733,D3:F4:55:AB:96:20,-68
BLE,1704596406491071715,DF:DF:EE:00:00:04,-52
BLE,1704596406876482600,D3:F4:55:AB:96:20,-85
BLE,1704596406955002851,DF:DF:EE:00:00:04,-50
BLE,1704596407065084069,D3:F4:55:AB:96:20,-53
BLE,1704596407263136759,D3:F4:55:AB:96:20,-69
BLE,1704596407498421524,DF:DF:EE:00:00:04,-52
BLE,1704596407836410064,D3:F4:55:AB:96:20,-55
BLE,1704596408347146239,DF:A6:DC:DC:2E:81,-59
BLE,1704596408347193570,DF:DF:EE:00:00:01,-59
BLE,1704596408608413361,D3:F4:55:AB:96:20,-58
BLE,1704596408797645092,D3:F4:55:AB:96:20,-66
BLE,1704596408993390016,D3:F4:55:AB:96:20,-69
BLE,1704596409179295362,D3:F4:55:AB:96:20,-52
BLE,1704596409377122646,D3:F4:55:AB:96:20,-66
BLE,1704596409571323809,D3:F4:55:AB:96:20,-55
BLE,1704596410331771776,D3:F4:55:AB:96:20,-63
BLE,1704596410332975386,D3:F4:55:AB:96:20,-55
BLE,1704596410525391176,D3:F4:55:AB:96:20,-52
BLE,1704596410712870240,D3:F4:55:AB:96:20,-67
BLE,1704596410910220754,D3:F4:55:AB:96:20,-53
BLE,1704596411103393758,D3:F4:55:AB:96:20,-55
BLE,1704596411295735509,D3:F4:55:AB:96:20,-52
BLE,1704596411506831458,DF:DF:EE:00:00:04,-46
BLE,1704596411686012288,D3:F4:55:AB:96:20,-55
BLE,1704596411880390027,D3:F4:55:AB:96:20,-67
BLE,1704596412171924802,DF:A6:DC:DC:2E:81,-71
BLE,1704596412171972217,DF:DF:EE:00:00:01,-71
BLE,1704596412457146126,D3:F4:55:AB:96:20,-53
BLE,1704596412645924504,D3:F4:55:AB:96:20,-66
BLE,1704596412838409873,D3:F4:55:AB:96:20,-52
BLE,1704596413044032663,DF:DF:EE:00:00:04,-55
BLE,1704596413413164150,D3:F4:55:AB:96:20,-53
BLE,1704596413514937469,DF:DF:EE:00:00:04,-55
BLE,1704596413810001536,D3:F4:55:AB:96:20,-68
BLE,1704596414192288443,D3:F4:55:AB:96:20,-69
BLE,1704596414962144050,D3:F4:55:AB:96:20,-68
BLE,1704596415326221858,DF:DF:EE:00:00:04,-44
BLE,1704596415345735978,D3:F4:55:AB:96:20,-53
BLE,1704596415723459517,D3:F4:55:AB:96:20,-69
BLE,1704596416102508619,D3:F4:55:AB:96:20,-52
BLE,1704596416329252829,DF:DF:EE:00:00:04,-40
BLE,1704596416877880506,D3:F4:55:AB:96:20,-68
BLE,1704596417843484578,D3:F4:55:AB:96:20,-66
BLE,1704596418415672476,D3:F4:55:AB:96:20,-55
BLE,1704596418603012630,DF:DF:EE:00:00:04,-55
BLE,1704596418607103478,D3:F4:55:AB:96:20,-58
BLE,1704596419185934855,D3:F4:55:AB:96:20,-69
BLE,1704596419765719811,D3:F4:55:AB:96:20,-70
BLE,1704596419803324994,DF:A6:DC:DC:2E:81,-58
BLE,1704596419803355409,DF:DF:EE:00:00:01,-58
BLE,1704596420066087544,DF:DF:EE:00:00:04,-65
BLE,1704596420147116885,D3:F4:55:AB:96:20,-71
BLE,1704596420538318663,D3:F4:55:AB:96:20,-64
BLE,1704596420600279653,DF:DF:EE:00:00:04,-50
BLE,1704596420915870835,D3:F4:55:AB:96:20,-63
BLE,1704596421489236261,D3:F4:55:AB:96:20,-67
BLE,1704596421882806635,D3:F4:55:AB:96:20,-68
BLE,1704596422078923499,D3:F4:55:AB:96:20,-55
BLE,1704596422461683009,D3:F4:55:AB:96:20,-55
BLE,1704596422655816217,D3:F4:55:AB:96:20,-66
BLE,1704596422852689088,D3:F4:55:AB:96:20,-52
BLE,1704596422875151235,DF:DF:EE:00:00:04,-55
BLE,1704596423240001591,D3:F4:55:AB:96:20,-52
BLE,1704596423438828244,D3:F4:55:AB:96:20,-69
BLE,1704596423874100566,DF:DF:EE:00:00:04,-36
BLE,1704596424396366654,D3:F4:55:AB:96:20,-70
BLE,1704596424967950331,D3:F4:55:AB:96:20,-69
BLE,1704596425161355490,D3:F4:55:AB:96:20,-55
BLE,1704596425356465527,D3:F4:55:AB:96:20,-66
BLE,1704596425613477475,DF:DF:EE:00:00:04,-52
BLE,1704596425745583778,D3:F4:55:AB:96:20,-55
BLE,1704596426321316343,D3:F4:55:AB:96:20,-62
BLE,1704596426517869020,D3:F4:55:AB:96:20,-63
BLE,1704596426705603947,D3:F4:55:AB:96:20,-60
BLE,1704596426879579024,DF:DF:EE:00:00:04,-55
BLE,1704596426901669397,D3:F4:55:AB:96:20,-52
BLE,1704596427088393788,D3:F4:55:AB:96:20,-68
BLE,1704596427416369635,DF:DF:EE:00:00:04,-44
BLE,1704596427472121294,D3:F4:55:AB:96:20,-66
BLE,1704596427670063822,D3:F4:55:AB:96:20,-69
BLE,1704596427863536520,D3:F4:55:AB:96:20,-70
BLE,1704596427883018267,DF:DF:EE:00:00:04,-53
BLE,1704596428056846142,D3:F4:55:AB:96:20,-53
BLE,1704596428641142094,D3:F4:55:AB:96:20,-53
BLE,1704596429162659551,DF:DF:EE:00:00:04,-50
BLE,1704596429220263414,D3:F4:55:AB:96:20,-69
BLE,1704596429805009261,D3:F4:55:AB:96:20,-68
BLE,1704596429994227118,D3:F4:55:AB:96:20,-63
BLE,1704596430156981350,DF:DF:EE:00:00:04,-52
BLE,1704596430383449406,D3:F4:55:AB:96:20,-55
BLE,1704596430767208785,D3:F4:55:AB:96:20,-72
BLE,1704596431155681525,D3:F4:55:AB:96:20,-66
BLE,1704596431978388886,DF:DF:EE:00:00:04,-53
BLE,1704596432438538491,DF:DF:EE:00:00:04,-55
BLE,1704596433089501628,D3:F4:55:AB:96:20,-53
BLE,1704596433276975776,D3:F4:55:AB:96:20,-52
BLE,1704596433660051479,D3:F4:55:AB:96:20,-62
BLE,1704596434051371792,D3:F4:55:AB:96:20,-55
BLE,1704596434245878358,D3:F4:55:AB:96:20,-66
BLE,1704596434824207883,D3:F4:55:AB:96:20,-68
BLE,1704596435077739036,DF:A6:DC:DC:2E:81,-58
BLE,1704596435077788659,DF:DF:EE:00:00:01,-58
BLE,1704596435203249985,D3:F4:55:AB:96:20,-68
BLE,1704596435392612960,D3:F4:55:AB:96:20,-67
BLE,1704596435784221927,D3:F4:55:AB:96:20,-71
BLE,1704596435977940488,D3:F4:55:AB:96:20,-66
BLE,1704596435985403718,DF:DF:EE:00:00:04,-53
BLE,1704596436516683340,DF:DF:EE:00:00:04,-52
BLE,1704596436735594212,D3:F4:55:AB:96:20,-68
BLE,1704596436980317114,DF:DF:EE:00:00:04,-72
BLE,1704596437320509051,D3:F4:55:AB:96:20,-69
BLE,1704596437705576660,D3:F4:55:AB:96:20,-68
BLE,1704596438090661101,D3:F4:55:AB:96:20,-67
BLE,1704596438519151285,DF:DF:EE:00:00:04,-45
BLE,1704596438903804622,DF:A6:DC:DC:2E:81,-59
BLE,1704596438903857536,DF:DF:EE:00:00:01,-59
BLE,1704596438982941885,DF:DF:EE:00:00:04,-56
BLE,1704596439046299018,D3:F4:55:AB:96:20,-70
BLE,1704596439432512781,D3:F4:55:AB:96:20,-69
BLE,1704596439809353904,D3:F4:55:AB:96:20,-70
BLE,1704596440005402896,D3:F4:55:AB:96:20,-66
BLE,1704596441348613137,D3:F4:55:AB:96:20,-69
BLE,1704596441447918615,DF:A6:DC:DC:2E:81,-72
BLE,1704596441447959238,DF:DF:EE:00:00:01,-72
BLE,1704596441726151310,D3:F4:55:AB:96:20,-71
BLE,1704596441727428958,D3:F4:55:AB:96:20,-68
BLE,1704596442111764810,D3:F4:55:AB:96:20,-69
BLE,1704596442492896480,D3:F4:55:AB:96:20,-63
BLE,1704596442787493319,DF:DF:EE:00:00:04,-56
BLE,1704596442868951890,D3:F4:55:AB:96:20,-55
BLE,1704596443446538158,D3:F4:55:AB:96:20,-67
BLE,1704596443832565430,D3:F4:55:AB:96:20,-66
BLE,1704596444603063923,D3:F4:55:AB:96:20,-55
BLE,1704596444994716137,D3:F4:55:AB:96:20,-69
BLE,1704596445268021232,DF:A6:DC:DC:2E:81,-73
BLE,1704596445268061355,DF:DF:EE:00:00:01,-73
BLE,1704596445567709289,D3:F4:55:AB:96:20,-55
BLE,1704596446145997024,D3:F4:55:AB:96:20,-62
BLE,1704596446340025613,D3:F4:55:AB:96:20,-63
BLE,1704596446520377055,DF:DF:EE:00:00:04,-50
BLE,1704596446529624910,D3:F4:55:AB:96:20,-82
BLE,1704596446722576465,D3:F4:55:AB:96:20,-52
BLE,1704596447108049680,D3:F4:55:AB:96:20,-57
BLE,1704596448065899576,DF:DF:EE:00:00:04,-37
BLE,1704596448438444485,D3:F4:55:AB:96:20,-66
BLE,1704596448527139797,DF:DF:EE:00:00:04,-50
BLE,1704596449405428033,D3:F4:55:AB:96:20,-53
BLE,1704596449524654403,DF:DF:EE:00:00:04,-50
BLE,1704596450363783196,D3:F4:55:AB:96:20,-55
BLE,1704596450521542205,DF:DF:EE:00:00:04,-53
BLE,1704596450938395730,D3:F4:55:AB:96:20,-68
BLE,1704596451322496968,D3:F4:55:AB:96:20,-66
BLE,1704596451512797941,D3:F4:55:AB:96:20,-60
BLE,1704596451525863865,DF:DF:EE:00:00:04,-45
BLE,1704596451897539565,D3:F4:55:AB:96:20,-63
BLE,1704596452134152434,DF:DF:EE:00:00:04,-35
BLE,1704596452559120659,DF:DF:EE:00:00:04,-50
BLE,1704596452667520874,D3:F4:55:AB:96:20,-52
BLE,1704596452861251476,D3:F4:55:AB:96:20,-71
BLE,1704596453023402486,DF:DF:EE:00:00:04,-66
BLE,1704596453057549665,D3:F4:55:AB:96:20,-82
BLE,1704596453451556019,D3:F4:55:AB:96:20,-52
BLE,1704596453563217996,DF:DF:EE:00:00:04,-39
BLE,1704596453637503363,D3:F4:55:AB:96:20,-67
BLE,1704596453833771679,D3:F4:55:AB:96:20,-52
BLE,1704596454217158867,D3:F4:55:AB:96:20,-49
BLE,1704596454593734586,D3:F4:55:AB:96:20,-55
BLE,1704596454785006595,D3:F4:55:AB:96:20,-52
BLE,1704596454982292030,D3:F4:55:AB:96:20,-52
BLE,1704596455024806314,DF:DF:EE:00:00:04,-39
BLE,1704596455947067458,D3:F4:55:AB:96:20,-52
BLE,1704596456330660494,D3:F4:55:AB:96:20,-68
BLE,1704596456521158487,D3:F4:55:AB:96:20,-66
BLE,1704596456714762022,D3:F4:55:AB:96:20,-52
BLE,1704596457284924772,D3:F4:55:AB:96:20,-65
BLE,1704596457837243685,DF:DF:EE:00:00:04,-55
BLE,1704596457852786096,D3:F4:55:AB:96:20,-70
BLE,1704596457980204378,DF:A6:DC:DC:2E:81,-58
BLE,1704596457980256085,DF:DF:EE:00:00:01,-58
BLE,1704596458048716390,D3:F4:55:AB:96:20,-63
BLE,1704596458237439033,D3:F4:55:AB:96:20,-54
BLE,1704596458297705951,DF:DF:EE:00:00:04,-52
BLE,1704596459304405005,DF:DF:EE:00:00:04,-73
BLE,1704596459975962730,D3:F4:55:AB:96:20,-52
BLE,1704596460171308782,D3:F4:55:AB:96:20,-70
BLE,1704596460836007560,DF:DF:EE:00:00:04,-40
BLE,1704596461133157747,D3:F4:55:AB:96:20,-66
BLE,1704596461299051998,DF:DF:EE:00:00:04,-36
BLE,1704596461513458495,D3:F4:55:AB:96:20,-66
BLE,1704596462090122863,D3:F4:55:AB:96:20,-63
BLE,1704596462277100864,D3:F4:55:AB:96:20,-68
BLE,1704596462472761829,D3:F4:55:AB:96:20,-69
BLE,1704596462857796011,D3:F4:55:AB:96:20,-68
BLE,1704596464204679075,D3:F4:55:AB:96:20,-52
BLE,1704596464398049238,D3:F4:55:AB:96:20,-66
BLE,1704596464566386038,DF:DF:EE:00:00:04,-73
BLE,1704596464591446233,D3:F4:55:AB:96:20,-53
BLE,1704596464785253556,D3:F4:55:AB:96:20,-70
BLE,1704596465106607118,DF:DF:EE:00:00:04,-39
BLE,1704596465170082116,D3:F4:55:AB:96:20,-70
BLE,1704596465552985661,D3:F4:55:AB:96:20,-71
BLE,1704596465932780874,D3:F4:55:AB:96:20,-55
BLE,1704596466507703725,D3:F4:55:AB:96:20,-67
BLE,1704596466846354423,DF:DF:EE:00:00:04,-35
BLE,1704596467087179513,D3:F4:55:AB:96:20,-66
BLE,1704596467275235374,D3:F4:55:AB:96:20,-52
BLE,1704596467386378798,DF:DF:EE:00:00:04,-51
BLE,1704596467658957116,D3:F4:55:AB:96:20,-52
BLE,1704596467844929214,DF:DF:EE:00:00:04,-53
BLE,1704596468438191187,D3:F4:55:AB:96:20,-68
BLE,1704596468825273758,D3:F4:55:AB:96:20,-66
BLE,1704596469119736441,DF:DF:EE:00:00:04,-51
BLE,1704596469210421813,D3:F4:55:AB:96:20,-68
BLE,1704596469657942882,DF:DF:EE:00:00:04,-50
BLE,1704596470559005979,D3:F4:55:AB:96:20,-66
BLE,1704596471137713069,D3:F4:55:AB:96:20,-52
BLE,1704596471325005691,D3:F4:55:AB:96:20,-53
BLE,1704596471521620725,D3:F4:55:AB:96:20,-69
BLE,1704596471980587553,DF:A6:DC:DC:2E:81,-58
BLE,1704596471980645386,DF:DF:EE:00:00:01,-58
BLE,1704596472103668228,D3:F4:55:AB:96:20,-52
BLE,1704596472291206971,D3:F4:55:AB:96:20,-67
BLE,1704596472488956823,D3:F4:55:AB:96:20,-52
BLE,1704596472680566760,D3:F4:55:AB:96:20,-70
BLE,1704596472871875951,D3:F4:55:AB:96:20,-66
BLE,1704596473059054491,D3:F4:55:AB:96:20,-52
BLE,1704596473205619134,DF:DF:EE:00:00:04,-55
BLE,1704596473250105936,D3:F4:55:AB:96:20,-53
BLE,1704596473443040021,D3:F4:55:AB:96:20,-66
BLE,1704596474025688391,D3:F4:55:AB:96:20,-62
BLE,1704596474409279509,D3:F4:55:AB:96:20,-67
BLE,1704596474662791883,DF:DF:EE:00:00:04,-37
BLE,1704596474792963377,D3:F4:55:AB:96:20,-67
BLE,1704596475367038781,D3:F4:55:AB:96:20,-63
BLE,1704596475750834980,D3:F4:55:AB:96:20,-63
BLE,1704596476134266351,D3:F4:55:AB:96:20,-69
BLE,1704596476708712876,D3:F4:55:AB:96:20,-70
BLE,1704596476899117621,D3:F4:55:AB:96:20,-66
BLE,1704596477665412454,D3:F4:55:AB:96:20,-63
BLE,1704596477851472676,D3:F4:55:AB:96:20,-68
BLE,1704596478245951186,D3:F4:55:AB:96:20,-68
BLE,1704596478344992651,DF:A6:DC:DC:2E:81,-64
BLE,1704596478345029776,DF:DF:EE:00:00:01,-64
BLE,1704596478440477666,D3:F4:55:AB:96:20,-70
BLE,1704596478751325039,DF:DF:EE:00:00:04,-50
BLE,1704596478826672415,D3:F4:55:AB:96:20,-70
BLE,1704596479595528754,D3:F4:55:AB:96:20,-52
BLE,1704596479756712445,DF:DF:EE:00:00:04,-63
BLE,1704596479979180664,D3:F4:55:AB:96:20,-63
BLE,1704596480168190137,D3:F4:55:AB:96:20,-52
BLE,1704596480212320069,DF:DF:EE:00:00:04,-51
BLE,1704596480361288178,D3:F4:55:AB:96:20,-68
BLE,1704596480886577090,DF:A6:DC:DC:2E:81,-73
BLE,1704596480886617298,DF:DF:EE:00:00:01,-73
BLE,1704596481327317211,D3:F4:55:AB:96:20,-52
BLE,1704596481517492459,D3:F4:55:AB:96:20,-58
BLE,1704596481901413448,D3:F4:55:AB:96:20,-53
BLE,1704596482029048811,DF:DF:EE:00:00:04,-44
BLE,1704596482288693766,D3:F4:55:AB:96:20,-55
BLE,1704596482482787752,D3:F4:55:AB:96:20,-62
BLE,1704596482484841099,DF:DF:EE:00:00:04,-45
BLE,1704596483024516728,DF:DF:EE:00:00:04,-36
BLE,1704596483055442510,D3:F4:55:AB:96:20,-70
BLE,1704596483250147820,D3:F4:55:AB:96:20,-66
BLE,1704596483444329555,D3:F4:55:AB:96:20,-52
BLE,1704596483489522598,DF:DF:EE:00:00:04,-54
BLE,1704596483633746231,D3:F4:55:AB:96:20,-66
BLE,1704596484017348766,D3:F4:55:AB:96:20,-68
BLE,1704596484207720428,D3:F4:55:AB:96:20,-52
BLE,1704596484397933718,D3:F4:55:AB:96:20,-52
BLE,1704596484595544364,D3:F4:55:AB:96:20,-68
BLE,1704596484771074148,DF:DF:EE:00:00:04,-40
BLE,1704596484781799624,D3:F4:55:AB:96:20,-52
BLE,1704596484976251980,D3:F4:55:AB:96:20,-68
BLE,1704596485169326522,D3:F4:55:AB:96:20,-55
BLE,1704596485362986847,D3:F4:55:AB:96:20,-53
BLE,1704596486327884354,D3:F4:55:AB:96:20,-58
BLE,1704596486521929091,D3:F4:55:AB:96:20,-71
BLE,1704596486578324020,DF:DF:EE:00:00:04,-35
BLE,1704596487046476013,DF:DF:EE:00:00:04,-66
BLE,1704596487255004549,DF:A6:DC:DC:2E:81,-68
BLE,1704596487255026590,DF:DF:EE:00:00:01,-68
BLE,1704596487480309312,D3:F4:55:AB:96:20,-66
BLE,1704596487676533602,D3:F4:55:AB:96:20,-69
BLE,1704596487862029374,D3:F4:55:AB:96:20,-53
BLE,1704596488042012429,DF:DF:EE:00:00:04,-35
BLE,1704596488051669879,D3:F4:55:AB:96:20,-55
BLE,1704596488246810684,D3:F4:55:AB:96:20,-66
BLE,1704596488635369984,D3:F4:55:AB:96:20,-71
BLE,1704596489799125119,DF:A6:DC:DC:2E:81,-69
BLE,1704596489799171244,DF:DF:EE:00:00:01,-69
BLE,1704596489978067023,D3:F4:55:AB:96:20,-52
BLE,1704596490312959356,DF:DF:EE:00:00:04,-51
BLE,1704596490738529811,D3:F4:55:AB:96:20,-86
BLE,1704596491127029446,D3:F4:55:AB:96:20,-52
BLE,1704596491511326430,D3:F4:55:AB:96:20,-52
BLE,1704596491905821939,D3:F4:55:AB:96:20,-69
BLE,1704596492133251257,DF:DF:EE:00:00:04,-56
BLE,1704596492480244714,D3:F4:55:AB:96:20,-55
BLE,1704596492855762694,D3:F4:55:AB:96:20,-62
BLE,1704596493617393967,D3:F4:55:AB:96:20,-53
BLE,1704596493804574256,D3:F4:55:AB:96:20,-66
BLE,1704596493868839994,DF:DF:EE:00:00:04,-50
BLE,1704596494574593371,D3:F4:55:AB:96:20,-55
BLE,1704596494881450883,DF:A6:DC:DC:2E:81,-59
BLE,1704596494881504007,DF:DF:EE:00:00:01,-59
BLE,1704596495341975231,D3:F4:55:AB:96:20,-55
BLE,1704596495537219826,D3:F4:55:AB:96:20,-82
BLE,1704596495874063299,DF:DF:EE:00:00:04,-50
BLE,1704596496316923891,D3:F4:55:AB:96:20,-69
BLE,1704596496505376621,D3:F4:55:AB:96:20,-82
BLE,1704596496899563885,D3:F4:55:AB:96:20,-68
BLE,1704596497149030565,DF:DF:EE:00:00:04,-63
BLE,1704596497289527416,D3:F4:55:AB:96:20,-68
BLE,1704596497683192104,DF:DF:EE:00:00:04,-52
BLE,1704596497873259770,D3:F4:55:AB:96:20,-82
BLE,1704596498070123051,D3:F4:55:AB:96:20,-69
BLE,1704596498146835492,DF:DF:EE:00:00:04,-51
BLE,1704596498260381090,D3:F4:55:AB:96:20,-52
BLE,1704596498650407203,D3:F4:55:AB:96:20,-71
BLE,1704596498684273861,DF:DF:EE:00:00:04,-45
BLE,1704596498844135528,D3:F4:55:AB:96:20,-52
BLE,1704596499035557884,D3:F4:55:AB:96:20,-52
BLE,1704596499150469588,DF:DF:EE:00:00:04,-51
BLE,1704596499223374123,D3:F4:55:AB:96:20,-62
BLE,1704596499412229765,D3:F4:55:AB:96:20,-55
BLE,1704596499605576553,D3:F4:55:AB:96:20,-66
BLE,1704596499801872550,D3:F4:55:AB:96:20,-68
BLE,1704596499965370792,DF:A6:DC:DC:2E:81,-58
BLE,1704596499965386208,DF:DF:EE:00:00:01,-58
BLE,1704596499992406627,D3:F4:55:AB:96:20,-53
BLE,1704596500184706221,D3:F4:55:AB:96:20,-69
BLE,1704596500426937334,DF:DF:EE:00:00:04,-52
BLE,1704596500573277521,D3:F4:55:AB:96:20,-67
BLE,1704596500957650879,D3:F4:55:AB:96:20,-69
BLE,1704596501347232498,D3:F4:55:AB:96:20,-71
BLE,1704596501917995906,D3:F4:55:AB:96:20,-52
BLE,1704596502301077949,D3:F4:55:AB:96:20,-68
BLE,1704596502488539193,D3:F4:55:AB:96:20,-63
BLE,1704596502878803845,D3:F4:55:AB:96:20,-55
BLE,1704596503072342297,D3:F4:55:AB:96:20,-65
BLE,1704596503458239467,D3:F4:55:AB:96:20,-63
BLE,1704596503696667007,DF:DF:EE:00:00:04,-39
BLE,1704596504037644839,D3:F4:55:AB:96:20,-67
BLE,1704596504423836630,D3:F4:55:AB:96:20,-67
BLE,1704596505186980090,D3:F4:55:AB:96:20,-66
BLE,1704596505239862110,DF:DF:EE:00:00:04,-54
BLE,1704596505955683682,D3:F4:55:AB:96:20,-67
BLE,1704596506335888722,D3:F4:55:AB:96:20,-53
BLE,1704596506531012527,D3:F4:55:AB:96:20,-68
BLE,1704596507300740438,D3:F4:55:AB:96:20,-59
BLE,1704596507303289319,DF:DF:EE:00:00:04,-39
BLE,1704596507594457464,DF:A6:DC:DC:2E:81,-69
BLE,1704596507594507047,DF:DF:EE:00:00:01,-69
BLE,1704596508467503281,DF:DF:EE:00:00:04,-55
BLE,1704596508653383589,D3:F4:55:AB:96:20,-52
BLE,1704596509041726892,D3:F4:55:AB:96:20,-55
BLE,1704596509425449759,D3:F4:55:AB:96:20,-70
BLE,1704596509472264737,DF:DF:EE:00:00:04,-37
BLE,1704596509807918018,D3:F4:55:AB:96:20,-71
BLE,1704596510574405432,D3:F4:55:AB:96:20,-55
BLE,1704596510767867802,D3:F4:55:AB:96:20,-67
BLE,1704596511160961914,D3:F4:55:AB:96:20,-55
BLE,1704596511279173698,DF:DF:EE:00:00:04,-55
BLE,1704596511354601698,D3:F4:55:AB:96:20,-66
BLE,1704596511734169497,DF:DF:EE:00:00:04,-51
BLE,1704596511937780977,D3:F4:55:AB:96:20,-66
BLE,1704596512134706548,D3:F4:55:AB:96:20,-58
BLE,1704596512323266153,D3:F4:55:AB:96:20,-57
BLE,1704596512719558638,D3:F4:55:AB:96:20,-68
BLE,1704596512742075368,DF:DF:EE:00:00:04,-63
BLE,1704596513105911343,D3:F4:55:AB:96:20,-67
BLE,1704596513304477476,D3:F4:55:AB:96:20,-68
BLE,1704596513879660906,D3:F4:55:AB:96:20,-55
BLE,1704596514258626964,D3:F4:55:AB:96:20,-67
BLE,1704596515033459887,D3:F4:55:AB:96:20,-69
BLE,1704596515421127491,D3:F4:55:AB:96:20,-52
BLE,1704596515615823802,D3:F4:55:AB:96:20,-71
BLE,1704596515996771208,D3:F4:55:AB:96:20,-70
BLE,1704596516507277573,DF:A6:DC:DC:2E:81,-58
BLE,1704596516507340739,DF:DF:EE:00:00:01,-58
BLE,1704596516559530643,DF:DF:EE:00:00:04,-36
BLE,1704596516572236968,D3:F4:55:AB:96:20,-67
BLE,1704596516956763407,D3:F4:55:AB:96:20,-63
BLE,1704596517018467222,DF:DF:EE:00:00:04,-67
BLE,1704596518015104331,DF:DF:EE:00:00:04,-57
BLE,1704596518498687153,D3:F4:55:AB:96:20,-78
BLE,1704596518880958873,D3:F4:55:AB:96:20,-63
BLE,1704596519018948592,DF:DF:EE:00:00:04,-50
BLE,1704596519047636446,DF:A6:DC:DC:2E:81,-72
BLE,1704596519047668404,DF:DF:EE:00:00:01,-72
BLE,1704596520017308136,DF:DF:EE:00:00:04,-50
BLE,1704596520052345694,D3:F4:55:AB:96:20,-53
BLE,1704596520628514462,D3:F4:55:AB:96:20,-55
BLE,1704596520818679637,D3:F4:55:AB:96:20,-68
BLE,1704596521007563462,D3:F4:55:AB:96:20,-52
BLE,1704596521202351837,D3:F4:55:AB:96:20,-52
BLE,1704596521297244261,DF:DF:EE:00:00:04,-35
BLE,1704596521394303768,D3:F4:55:AB:96:20,-70
BLE,1704596521774021212,D3:F4:55:AB:96:20,-68
BLE,1704596521840423281,DF:DF:EE:00:00:04,-51
BLE,1704596522156017278,D3:F4:55:AB:96:20,-66
BLE,1704596522303398378,DF:DF:EE:00:00:04,-56
BLE,1704596523122942209,D3:F4:55:AB:96:20,-68
BLE,1704596523300895082,DF:DF:EE:00:00:04,-36
BLE,1704596523892692728,D3:F4:55:AB:96:20,-70
BLE,1704596524296221288,DF:DF:EE:00:00:04,-54
BLE,1704596525041159753,D3:F4:55:AB:96:20,-70
BLE,1704596525421912844,D3:F4:55:AB:96:20,-55
BLE,1704596526190636633,D3:F4:55:AB:96:20,-55
BLE,1704596527149908965,D3:F4:55:AB:96:20,-66
BLE,1704596527391054094,DF:DF:EE:00:00:04,-50
BLE,1704596527538587025,D3:F4:55:AB:96:20,-55
BLE,1704596527914619833,D3:F4:55:AB:96:20,-53
BLE,1704596527935479339,DF:A6:DC:DC:2E:81,-72
BLE,1704596527935507797,DF:DF:EE:00:00:01,-72
BLE,1704596528301025729,D3:F4:55:AB:96:20,-55
BLE,1704596528386311968,DF:DF:EE:00:00:04,-45
BLE,1704596528677966145,D3:F4:55:AB:96:20,-52
BLE,1704596529058303786,D3:F4:55:AB:96:20,-66
BLE,1704596529445053383,D3:F4:55:AB:96:20,-68
BLE,1704596529637009689,D3:F4:55:AB:96:20,-63
BLE,1704596529823256399,D3:F4:55:AB:96:20,-69
BLE,1704596530208423403,D3:F4:55:AB:96:20,-66
BLE,1704596530784335195,D3:F4:55:AB:96:20,-66
BLE,1704596531168338180,D3:F4:55:AB:96:20,-52
BLE,1704596531662488123,DF:DF:EE:00:00:04,-50
BLE,1704596531744969166,D3:F4:55:AB:96:20,-56
BLE,1704596531939972454,D3:F4:55:AB:96:20,-66
BLE,1704596532331198838,D3:F4:55:AB:96:20,-55
BLE,1704596533276856854,D3:F4:55:AB:96:20,-55
BLE,1704596533471082532,D3:F4:55:AB:96:20,-83
BLE,1704596533664680431,D3:F4:55:AB:96:20,-69
BLE,1704596533852558150,D3:F4:55:AB:96:20,-52
BLE,1704596534041403643,D3:F4:55:AB:96:20,-55
BLE,1704596534230571503,D3:F4:55:AB:96:20,-52
BLE,1704596534307141747,DF:A6:DC:DC:2E:81,-68
BLE,1704596534307228745,DF:DF:EE:00:00:01,-68
BLE,1704596534415931022,D3:F4:55:AB:96:20,-52
BLE,1704596534993254870,D3:F4:55:AB:96:20,-68
BLE,1704596535189715212,D3:F4:55:AB:96:20,-71
BLE,1704596535670682581,DF:DF:EE:00:00:04,-51
BLE,1704596535768067540,D3:F4:55:AB:96:20,-52
BLE,1704596536341314717,D3:F4:55:AB:96:20,-63
BLE,1704596536534312336,D3:F4:55:AB:96:20,-68
BLE,1704596537212625821,DF:DF:EE:00:00:04,-43
BLE,1704596537303987357,D3:F4:55:AB:96:20,-70
BLE,1704596538210689223,DF:DF:EE:00:00:04,-55
BLE,1704596538661874886,D3:F4:55:AB:96:20,-68
BLE,1704596539209570024,DF:DF:EE:00:00:04,-35
BLE,1704596539673930303,DF:DF:EE:00:00:04,-56
BLE,1704596539811496221,D3:F4:55:AB:96:20,-69
BLE,1704596540192550348,D3:F4:55:AB:96:20,-87
BLE,1704596540212578453,DF:DF:EE:00:00:04,-55
BLE,1704596540671217678,DF:A6:DC:DC:2E:81,-72
BLE,1704596540671275969,DF:DF:EE:00:00:01,-72
BLE,1704596540775264839,D3:F4:55:AB:96:20,-52
BLE,1704596540964970314,D3:F4:55:AB:96:20,-52
BLE,1704596541210691521,DF:DF:EE:00:00:04,-35
BLE,1704596541280083697,DF:DF:EE:00:00:04,-45
BLE,1704596541359889460,D3:F4:55:AB:96:20,-69
BLE,1704596541713610207,DF:DF:EE:00:00:04,-52
BLE,1704596541940330537,D3:F4:55:AB:96:20,-55
BLE,1704596542134796294,D3:F4:55:AB:96:20,-66
BLE,1704596542170130349,DF:DF:EE:00:00:04,-72
BLE,1704596542523521019,D3:F4:55:AB:96:20,-71
BLE,1704596543097747720,D3:F4:55:AB:96:20,-66
BLE,1704596543216042725,DF:A6:DC:DC:2E:81,-59
BLE,1704596543216059350,DF:DF:EE:00:00:01,-59
BLE,1704596543297448331,D3:F4:55:AB:96:20,-52
BLE,1704596543492226707,D3:F4:55:AB:96:20,-55
BLE,1704596543684414342,D3:F4:55:AB:96:20,-66
BLE,1704596543711432643,DF:DF:EE:00:00:04,-34
BLE,1704596543880967432,D3:F4:55:AB:96:20,-87
BLE,1704596544068756487,D3:F4:55:AB:96:20,-67
BLE,1704596544170950351,DF:DF:EE:00:00:04,-63
BLE,1704596544452006986,D3:F4:55:AB:96:20,-67
BLE,1704596544647576138,D3:F4:55:AB:96:20,-52
BLE,1704596545037920707,D3:F4:55:AB:96:20,-58
BLE,1704596545229166860,D3:F4:55:AB:96:20,-68
BLE,1704596545454454885,DF:DF:EE:00:00:04,-62
BLE,1704596545613609461,D3:F4:55:AB:96:20,-52
BLE,1704596545803835968,D3:F4:55:AB:96:20,-52
BLE,1704596545985717014,DF:DF:EE:00:00:04,-52
BLE,1704596546182722512,D3:F4:55:AB:96:20,-65
BLE,1704596546373294887,D3:F4:55:AB:96:20,-70
BLE,1704596546451068606,DF:DF:EE:00:00:04,-50
BLE,1704596546569418861,D3:F4:55:AB:96:20,-83
BLE,1704596546762549102,D3:F4:55:AB:96:20,-52
BLE,1704596546986754773,DF:DF:EE:00:00:04,-40
BLE,1704596547148222638,D3:F4:55:AB:96:20,-82
BLE,1704596547918015406,D3:F4:55:AB:96:20,-53
BLE,1704596547992363234,DF:DF:EE:00:00:04,-42
BLE,1704596548106889981,D3:F4:55:AB:96:20,-69
BLE,1704596548453777821,DF:DF:EE:00:00:04,-35
BLE,1704596548680568442,D3:F4:55:AB:96:20,-67
BLE,1704596548869987006,D3:F4:55:AB:96:20,-55
BLE,1704596548988152264,DF:DF:EE:00:00:04,-55
BLE,1704596549443355806,D3:F4:55:AB:96:20,-67
BLE,1704596549454233509,DF:DF:EE:00:00:04,-52
BLE,1704596549636510922,D3:F4:55:AB:96:20,-55
BLE,1704596549829811368,D3:F4:55:AB:96:20,-67
BLE,1704596549983666632,DF:DF:EE:00:00:04,-51
BLE,1704596550018705276,D3:F4:55:AB:96:20,-55
BLE,1704596550210014178,D3:F4:55:AB:96:20,-66
BLE,1704596550595139391,D3:F4:55:AB:96:20,-66
BLE,1704596550977301871,D3:F4:55:AB:96:20,-67
BLE,1704596550990823271,DF:DF:EE:00:00:04,-65
BLE,1704596551057815411,DF:DF:EE:00:00:04,-56
BLE,1704596551944960954,D3:F4:55:AB:96:20,-67
BLE,1704596551951893442,DF:DF:EE:00:00:04,-53
BLE,1704596552123823184,DF:A6:DC:DC:2E:81,-73
BLE,1704596552123862600,DF:DF:EE:00:00:01,-73
BLE,1704596552327432052,D3:F4:55:AB:96:20,-67
BLE,1704596552516510040,D3:F4:55:AB:96:20,-71
BLE,1704596552951111529,DF:DF:EE:00:00:04,-56
BLE,1704596553086337451,D3:F4:55:AB:96:20,-68
BLE,1704596553464519509,D3:F4:55:AB:96:20,-68
BLE,1704596553487381351,DF:DF:EE:00:00:04,-75
BLE,1704596553656501815,D3:F4:55:AB:96:20,-63
BLE,1704596553850776575,D3:F4:55:AB:96:20,-69
BLE,1704596554427415811,D3:F4:55:AB:96:20,-71
BLE,1704596555768427672,D3:F4:55:AB:96:20,-66
BLE,1704596556227423598,DF:DF:EE:00:00:04,-52
BLE,1704596556346678168,D3:F4:55:AB:96:20,-52
BLE,1704596557115837824,D3:F4:55:AB:96:20,-66
BLE,1704596557501437361,D3:F4:55:AB:96:20,-52
BLE,1704596557896570752,D3:F4:55:AB:96:20,-63
BLE,1704596558036035716,DF:DF:EE:00:00:04,-62
BLE,1704596558087097336,D3:F4:55:AB:96:20,-66
BLE,1704596558283428347,D3:F4:55:AB:96:20,-63
BLE,1704596558663740738,D3:F4:55:AB:96:20,-69
BLE,1704596559039973418,D3:F4:55:AB:96:20,-55
BLE,1704596559999390205,D3:F4:55:AB:96:20,-63
BLE,1704596560766391528,D3:F4:55:AB:96:20,-68
BLE,1704596560960860368,D3:F4:55:AB:96:20,-53
BLE,1704596561500135464,DF:DF:EE:00:00:04,-56
BLE,1704596561908635384,D3:F4:55:AB:96:20,-52
BLE,1704596562294805368,D3:F4:55:AB:96:20,-53
BLE,1704596562489156293,D3:F4:55:AB:96:20,-68
BLE,1704596562868864280,D3:F4:55:AB:96:20,-86
BLE,1704596563037457379,DF:DF:EE:00:00:04,-34
BLE,1704596563110010034,DF:DF:EE:00:00:04,-54
BLE,1704596563256345280,D3:F4:55:AB:96:20,-63
BLE,1704596563446200960,D3:F4:55:AB:96:20,-70
BLE,1704596563573901406,DF:A6:DC:DC:2E:81,-59
BLE,1704596563573947071,DF:DF:EE:00:00:01,-59
BLE,1704596563829912409,D3:F4:55:AB:96:20,-55
BLE,1704596564019036854,D3:F4:55:AB:96:20,-68
BLE,1704596564275832968,DF:DF:EE:00:00:04,-65
BLE,1704596564790130764,D3:F4:55:AB:96:20,-63
BLE,1704596565171027852,D3:F4:55:AB:96:20,-52
BLE,1704596565366436673,D3:F4:55:AB:96:20,-68
BLE,1704596566326375450,D3:F4:55:AB:96:20,-55
BLE,1704596566706605467,D3:F4:55:AB:96:20,-53
BLE,1704596567089157314,D3:F4:55:AB:96:20,-68
BLE,1704596567281146328,D3:F4:55:AB:96:20,-63
BLE,1704596567356056145,DF:DF:EE:00:00:04,-34
BLE,1704596567469573537,D3:F4:55:AB:96:20,-66
BLE,1704596567662164580,D3:F4:55:AB:96:20,-53
BLE,1704596567824263724,DF:DF:EE:00:00:04,-72
BLE,1704596568045293166,D3:F4:55:AB:96:20,-58
BLE,1704596568234014827,D3:F4:55:AB:96:20,-67
BLE,1704596568810241238,D3:F4:55:AB:96:20,-62
BLE,1704596568999111646,D3:F4:55:AB:96:20,-67
BLE,1704596569354127077,DF:DF:EE:00:00:04,-55
BLE,1704596569776150022,D3:F4:55:AB:96:20,-89
BLE,1704596569820635521,DF:DF:EE:00:00:04,-39
BLE,1704596570911672635,D3:F4:55:AB:96:20,-68
BLE,1704596571101237696,D3:F4:55:AB:96:20,-55
BLE,1704596571223477291,DF:A6:DC:DC:2E:81,-74
BLE,1704596571223538039,DF:DF:EE:00:00:01,-74
BLE,1704596571295205462,D3:F4:55:AB:96:20,-69
BLE,1704596571489077606,D3:F4:55:AB:96:20,-52
BLE,1704596571674549039,D3:F4:55:AB:96:20,-52
BLE,1704596571817764054,DF:DF:EE:00:00:04,-53
BLE,1704596572828868782,D3:F4:55:AB:96:20,-55
BLE,1704596573019646237,D3:F4:55:AB:96:20,-66
BLE,1704596573092706965,DF:DF:EE:00:00:04,-45
BLE,1704596573214821396,D3:F4:55:AB:96:20,-70
BLE,1704596573598308224,D3:F4:55:AB:96:20,-70
BLE,1704596573633801776,DF:DF:EE:00:00:04,-45
BLE,1704596573791278927,D3:F4:55:AB:96:20,-53
BLE,1704596574177218166,D3:F4:55:AB:96:20,-68
BLE,1704596574369188055,D3:F4:55:AB:96:20,-85
BLE,1704596574558410414,D3:F4:55:AB:96:20,-66
BLE,1704596574755737365,D3:F4:55:AB:96:20,-53
BLE,1704596574946222866,D3:F4:55:AB:96:20,-55
BLE,1704596575523965664,D3:F4:55:AB:96:20,-52
BLE,1704596575905519739,D3:F4:55:AB:96:20,-67
BLE,1704596576093906448,DF:DF:EE:00:00:04,-53
BLE,1704596576286133999,D3:F4:55:AB:96:20,-67
BLE,1704596576309803616,DF:A6:DC:DC:2E:81,-72
BLE,1704596576309821533,DF:DF:EE:00:00:01,-72
BLE,1704596576636466188,DF:DF:EE:00:00:04,-40
BLE,1704596577820274934,D3:F4:55:AB:96:20,-66
BLE,1704596578203537351,D3:F4:55:AB:96:20,-67
BLE,1704596578981319087,D3:F4:55:AB:96:20,-52
BLE,1704596579364028514,DF:DF:EE:00:00:04,-56
BLE,1704596579565001642,D3:F4:55:AB:96:20,-53
BLE,1704596579943502194,D3:F4:55:AB:96:20,-55
BLE,1704596580139106137,D3:F4:55:AB:96:20,-53
BLE,1704596581366450568,DF:DF:EE:00:00:04,-40
BLE,1704596581399402003,DF:A6:DC:DC:2E:81,-59
BLE,1704596581399430960,DF:DF:EE:00:00:01,-59
BLE,1704596581691163720,D3:F4:55:AB:96:20,-66
BLE,1704596583617717141,D3:F4:55:AB:96:20,-86
BLE,1704596583632077984,DF:DF:EE:00:00:04,-52
BLE,1704596584011029985,D3:F4:55:AB:96:20,-61
BLE,1704596584401340346,D3:F4:55:AB:96:20,-69
BLE,1704596584596374798,D3:F4:55:AB:96:20,-55
BLE,1704596584633474875,DF:DF:EE:00:00:04,-51
BLE,1704596584789099294,D3:F4:55:AB:96:20,-68
BLE,1704596585173948151,D3:F4:55:AB:96:20,-66
BLE,1704596585556203649,D3:F4:55:AB:96:20,-53
BLE,1704596585755202931,D3:F4:55:AB:96:20,-69
BLE,1704596585950744191,D3:F4:55:AB:96:20,-70
BLE,1704596586175527204,DF:DF:EE:00:00:04,-52
BLE,1704596586634003247,DF:DF:EE:00:00:04,-55
BLE,1704596586729565455,D3:F4:55:AB:96:20,-63
BLE,1704596587763558254,DF:A6:DC:DC:2E:81,-73
BLE,1704596587763620168,DF:DF:EE:00:00:01,-73
BLE,1704596588473564156,D3:F4:55:AB:96:20,-52
BLE,1704596588635827632,DF:DF:EE:00:00:04,-55
BLE,1704596588857215828,D3:F4:55:AB:96:20,-69
BLE,1704596589175400707,DF:DF:EE:00:00:04,-55
BLE,1704596589675083855,DF:DF:EE:00:00:04,-35
BLE,1704596589813035396,D3:F4:55:AB:96:20,-66
BLE,1704596590140216414,DF:DF:EE:00:00:04,-63
BLE,1704596590675572550,DF:DF:EE:00:00:04,-37
BLE,1704596590764051599,D3:F4:55:AB:96:20,-70
BLE,1704596591131355614,DF:DF:EE:00:00:04,-51
BLE,1704596591344466674,D3:F4:55:AB:96:20,-67
BLE,1704596591731272467,D3:F4:55:AB:96:20,-71
BLE,1704596592317385943,D3:F4:55:AB:96:20,-70
BLE,1704596593469983162,D3:F4:55:AB:96:20,-53
BLE,1704596594828709279,D3:F4:55:AB:96:20,-58
BLE,1704596595025737292,D3:F4:55:AB:96:20,-68
BLE,1704596595673730963,DF:DF:EE:00:00:04,-65
BLE,1704596595808119613,D3:F4:55:AB:96:20,-69
BLE,1704596596193775843,D3:F4:55:AB:96:20,-68
BLE,1704596596577429932,D3:F4:55:AB:96:20,-68
BLE,1704596596956950453,D3:F4:55:AB:96:20,-69
BLE,1704596597136182929,DF:DF:EE:00:00:04,-51
BLE,1704596597338469407,D3:F4:55:AB:96:20,-52
BLE,1704596597528923609,D3:F4:55:AB:96:20,-66
BLE,1704596597676162898,DF:DF:EE:00:00:04,-56
BLE,1704596597911279977,D3:F4:55:AB:96:20,-62
BLE,1704596598107259380,D3:F4:55:AB:96:20,-68
BLE,1704596598136550338,DF:DF:EE:00:00:04,-35
BLE,1704596598294163732,D3:F4:55:AB:96:20,-52
BLE,1704596598486009109,D3:F4:55:AB:96:20,-89
BLE,1704596598673320398,D3:F4:55:AB:96:20,-52
BLE,1704596599052406234,D3:F4:55:AB:96:20,-69
BLE,1704596599435780838,D3:F4:55:AB:96:20,-68
BLE,1704596599949214409,DF:DF:EE:00:00:04,-56
BLE,1704596601347130990,D3:F4:55:AB:96:20,-52
BLE,1704596601920911090,D3:F4:55:AB:96:20,-70
BLE,1704596601940152883,DF:DF:EE:00:00:04,-65
BLE,1704596602402779660,DF:DF:EE:00:00:04,-55
BLE,1704596602705752403,D3:F4:55:AB:96:20,-66
BLE,1704596602942004420,DF:DF:EE:00:00:04,-55
BLE,1704596603098640201,D3:F4:55:AB:96:20,-69
BLE,1704596603286467462,D3:F4:55:AB:96:20,-82
BLE,1704596603484453631,D3:F4:55:AB:96:20,-52
BLE,1704596603939843883,DF:DF:EE:00:00:04,-66
BLE,1704596604065600625,D3:F4:55:AB:96:20,-63
BLE,1704596604324808443,DF:A6:DC:DC:2E:81,-72
BLE,1704596604324877231,DF:DF:EE:00:00:01,-72
BLE,1704596605214418633,D3:F4:55:AB:96:20,-68
BLE,1704596605799584201,D3:F4:55:AB:96:20,-52
BLE,1704596605990536501,D3:F4:55:AB:96:20,-52
BLE,1704596606677086004,DF:DF:EE:00:00:04,-50
BLE,1704596606766915855,D3:F4:55:AB:96:20,-69
BLE,1704596606962031555,D3:F4:55:AB:96:20,-55
BLE,1704596607152677080,D3:F4:55:AB:96:20,-68
BLE,1704596607218072377,DF:DF:EE:00:00:04,-55
BLE,1704596607678593393,DF:DF:EE:00:00:04,-50
BLE,1704596607731500074,D3:F4:55:AB:96:20,-71
BLE,1704596607922090560,D3:F4:55:AB:96:20,-63
BLE,1704596608217406759,DF:DF:EE:00:00:04,-34
BLE,1704596608679701721,DF:DF:EE:00:00:04,-62
BLE,1704596608690242109,D3:F4:55:AB:96:20,-52
BLE,1704596608883114430,D3:F4:55:AB:96:20,-69
BLE,1704596609267799339,D3:F4:55:AB:96:20,-63
BLE,1704596609649458244,D3:F4:55:AB:96:20,-52
BLE,1704596609678606084,DF:DF:EE:00:00:04,-51
BLE,1704596610036090421,D3:F4:55:AB:96:20,-66
BLE,1704596610216810192,DF:DF:EE:00:00:04,-51
BLE,1704596610419828173,D3:F4:55:AB:96:20,-53
BLE,1704596610615832616,D3:F4:55:AB:96:20,-68
BLE,1704596610685750794,DF:DF:EE:00:00:04,-56
BLE,1704596610687903802,DF:A6:DC:DC:2E:81,-72
BLE,1704596610687919510,DF:DF:EE:00:00:01,-72
BLE,1704596610803275898,D3:F4:55:AB:96:20,-52
BLE,1704596611223243815,DF:DF:EE:00:00:04,-73
BLE,1704596611389512533,D3:F4:55:AB:96:20,-52
BLE,1704596611716676509,DF:DF:EE:00:00:04,-72
BLE,1704596611959277058,D3:F4:55:AB:96:20,-53
BLE,1704596612154404508,D3:F4:55:AB:96:20,-66
BLE,1704596612346751107,D3:F4:55:AB:96:20,-52
BLE,1704596612730725262,D3:F4:55:AB:96:20,-69
BLE,1704596613113958541,D3:F4:55:AB:96:20,-63
BLE,1704596613182147395,DF:DF:EE:00:00:04,-55
BLE,1704596613308188788,D3:F4:55:AB:96:20,-70
BLE,1704596613701492606,D3:F4:55:AB:96:20,-52
BLE,1704596614085703331,D3:F4:55:AB:96:20,-62
BLE,1704596615235435831,D3:F4:55:AB:96:20,-53
BLE,1704596615425610465,D3:F4:55:AB:96:20,-70
BLE,1704596615813001393,D3:F4:55:AB:96:20,-53
BLE,1704596616400992892,D3:F4:55:AB:96:20,-68
BLE,1704596617004426805,DF:DF:EE:00:00:04,-55
BLE,1704596617169556918,D3:F4:55:AB:96:20,-53
BLE,1704596617461918402,DF:DF:EE:00:00:04,-34
BLE,1704596617560177880,D3:F4:55:AB:96:20,-55
BLE,1704596617749262532,D3:F4:55:AB:96:20,-69
BLE,1704596618135199664,D3:F4:55:AB:96:20,-68
BLE,1704596618454129127,DF:DF:EE:00:00:04,-51
BLE,1704596618526556628,D3:F4:55:AB:96:20,-69
BLE,1704596619578766984,DF:A6:DC:DC:2E:81,-58
BLE,1704596619578810815,DF:DF:EE:00:00:01,-58
BLE,1704596619682424212,D3:F4:55:AB:96:20,-68
BLE,1704596619871592234,D3:F4:55:AB:96:20,-62
BLE,1704596619999281371,DF:DF:EE:00:00:04,-56
BLE,1704596620065381422,D3:F4:55:AB:96:20,-68
BLE,1704596620846787379,D3:F4:55:AB:96:20,-55
BLE,1704596621225517526,D3:F4:55:AB:96:20,-55
BLE,1704596621418828365,D3:F4:55:AB:96:20,-52
BLE,1704596621497787471,DF:DF:EE:00:00:04,-53
BLE,1704596621956935145,DF:DF:EE:00:00:04,-56
BLE,1704596622389528046,D3:F4:55:AB:96:20,-66
BLE,1704596622500571292,DF:DF:EE:00:00:04,-35
BLE,1704596624322870425,D3:F4:55:AB:96:20,-66
BLE,1704596624519300346,D3:F4:55:AB:96:20,-66
BLE,1704596625096176654,D3:F4:55:AB:96:20,-72
BLE,1704596625232002309,DF:DF:EE:00:00:04,-37
BLE,1704596625487789062,D3:F4:55:AB:96:20,-52
BLE,1704596625675081060,D3:F4:55:AB:96:20,-67
BLE,1704596625777514855,DF:DF:EE:00:00:04,-45
BLE,1704596625867593193,D3:F4:55:AB:96:20,-63
BLE,1704596626056718550,D3:F4:55:AB:96:20,-67
BLE,1704596626256246886,D3:F4:55:AB:96:20,-86
BLE,1704596627227493412,D3:F4:55:AB:96:20,-63
BLE,1704596627421563960,D3:F4:55:AB:96:20,-89
BLE,1704596627500318410,DF:DF:EE:00:00:04,-65
BLE,1704596627612830243,D3:F4:55:AB:96:20,-63
BLE,1704596628766693186,D3:F4:55:AB:96:20,-55
BLE,1704596629536643429,D3:F4:55:AB:96:20,-70
BLE,1704596629917772363,D3:F4:55:AB:96:20,-69
BLE,1704596630301059930,D3:F4:55:AB:96:20,-52
BLE,1704596630490421525,D3:F4:55:AB:96:20,-63
BLE,1704596630885391918,D3:F4:55:AB:96:20,-68
BLE,1704596631073625407,D3:F4:55:AB:96:20,-52
BLE,1704596631459172727,D3:F4:55:AB:96:20,-53
BLE,1704596632041059097,DF:DF:EE:00:00:04,-35
BLE,1704596632042173787,D3:F4:55:AB:96:20,-75
BLE,1704596632426575086,D3:F4:55:AB:96:20,-67
BLE,1704596633392795925,D3:F4:55:AB:96:20,-67
BLE,1704596633777475458,D3:F4:55:AB:96:20,-68
BLE,1704596634327181777,DF:DF:EE:00:00:04,-51
BLE,1704596634359764098,D3:F4:55:AB:96:20,-67
BLE,1704596634747645542,D3:F4:55:AB:96:20,-70
BLE,1704596635512771713,D3:F4:55:AB:96:20,-69
BLE,1704596635708977187,D3:F4:55:AB:96:20,-52
BLE,1704596635785253563,DF:DF:EE:00:00:04,-53
BLE,1704596636088605660,D3:F4:55:AB:96:20,-52
BLE,1704596636656324963,D3:F4:55:AB:96:20,-66
BLE,1704596636782461643,DF:DF:EE:00:00:04,-40
BLE,1704596636850011907,D3:F4:55:AB:96:20,-54
BLE,1704596637038950483,D3:F4:55:AB:96:20,-66
BLE,1704596637433401280,D3:F4:55:AB:96:20,-69
BLE,1704596637782696560,DF:DF:EE:00:00:04,-51
BLE,1704596638591191635,D3:F4:55:AB:96:20,-62
BLE,1704596638659906378,DF:A6:DC:DC:2E:81,-72
BLE,1704596638659959625,DF:DF:EE:00:00:01,-72
BLE,1704596638783448407,D3:F4:55:AB:96:20,-64
BLE,1704596638787443357,DF:DF:EE:00:00:04,-39
BLE,1704596638971569401,D3:F4:55:AB:96:20,-52
BLE,1704596639166425949,D3:F4:55:AB:96:20,-52
BLE,1704596639356341638,D3:F4:55:AB:96:20,-67
BLE,1704596639545211051,D3:F4:55:AB:96:20,-55
BLE,1704596639739138565,D3:F4:55:AB:96:20,-66
BLE,1704596640117629183,D3:F4:55:AB:96:20,-53
BLE,1704596640310120275,D3:F4:55:AB:96:20,-55
BLE,1704596640559832898,DF:DF:EE:00:00:04,-50
BLE,1704596641100299758,DF:DF:EE:00:00:04,-67
BLE,1704596641645328663,D3:F4:55:AB:96:20,-69
BLE,1704596641839043938,D3:F4:55:AB:96:20,-55
BLE,1704596642415748464,D3:F4:55:AB:96:20,-67
BLE,1704596642998834269,D3:F4:55:AB:96:20,-58
BLE,1704596643194467066,D3:F4:55:AB:96:20,-68
BLE,1704596643573000432,D3:F4:55:AB:96:20,-70
BLE,1704596643574466103,D3:F4:55:AB:96:20,-68
BLE,1704596644345089393,D3:F4:55:AB:96:20,-69
BLE,1704596644821154860,DF:DF:EE:00:00:04,-51
BLE,1704596645114989972,D3:F4:55:AB:96:20,-67
BLE,1704596645499141576,D3:F4:55:AB:96:20,-52
BLE,1704596645891899506,D3:F4:55:AB:96:20,-69
BLE,1704596646659637994,D3:F4:55:AB:96:20,-69
BLE,1704596647049392753,D3:F4:55:AB:96:20,-67
BLE,1704596647238630021,D3:F4:55:AB:96:20,-55
BLE,1704596647432329547,D3:F4:55:AB:96:20,-67
BLE,1704596647569173940,DF:A6:DC:DC:2E:81,-73
BLE,1704596647569207854,DF:DF:EE:00:00:01,-73
BLE,1704596647641369411,DF:DF:EE:00:00:04,-52
BLE,1704596647830128788,D3:F4:55:AB:96:20,-52
BLE,1704596648016827735,D3:F4:55:AB:96:20,-57
BLE,1704596648397565606,D3:F4:55:AB:96:20,-67
BLE,1704596648967032059,D3:F4:55:AB:96:20,-55
BLE,1704596649161842541,D3:F4:55:AB:96:20,-67
BLE,1704596649352976561,D3:F4:55:AB:96:20,-55
BLE,1704596649379524735,DF:DF:EE:00:00:04,-55
BLE,1704596649907006792,DF:DF:EE:00:00:04,-66
BLE,1704596650109642604,DF:A6:DC:DC:2E:81,-72
BLE,1704596650109682437,DF:DF:EE:00:00:01,-72
BLE,1704596650117028111,D3:F4:55:AB:96:20,-70
BLE,1704596650693100822,D3:F4:55:AB:96:20,-65
BLE,1704596651077563939,D3:F4:55:AB:96:20,-52
BLE,1704596651272977825,D3:F4:55:AB:96:20,-52
BLE,1704596651460438925,D3:F4:55:AB:96:20,-52
BLE,1704596651910999609,DF:DF:EE:00:00:04,-51
BLE,1704596652036847129,D3:F4:55:AB:96:20,-52
BLE,1704596652227394995,D3:F4:55:AB:96:20,-67
BLE,1704596652375706944,DF:DF:EE:00:00:04,-56
BLE,1704596652614503805,D3:F4:55:AB:96:20,-55
BLE,1704596652654874763,DF:A6:DC:DC:2E:81,-72
BLE,1704596652654891429,DF:DF:EE:00:00:01,-72
BLE,1704596652808772632,D3:F4:55:AB:96:20,-67
BLE,1704596652999946443,D3:F4:55:AB:96:20,-55
BLE,1704596653196712175,D3:F4:55:AB:96:20,-71
BLE,1704596653583176541,D3:F4:55:AB:96:20,-71
BLE,1704596653969224499,D3:F4:55:AB:96:20,-81
BLE,1704596654159927529,D3:F4:55:AB:96:20,-65
BLE,1704596654357689030,D3:F4:55:AB:96:20,-53
BLE,1704596654552337057,D3:F4:55:AB:96:20,-71
BLE,1704596654749477405,D3:F4:55:AB:96:20,-55
BLE,1704596654915139395,DF:DF:EE:00:00:04,-39
BLE,1704596654944419426,D3:F4:55:AB:96:20,-67
BLE,1704596655193059157,DF:A6:DC:DC:2E:81,-72
BLE,1704596655193102323,DF:DF:EE:00:00:01,-72
BLE,1704596655329371909,D3:F4:55:AB:96:20,-66
BLE,1704596655457078263,DF:DF:EE:00:00:04,-65
BLE,1704596655519667739,D3:F4:55:AB:96:20,-55
BLE,1704596655897951449,D3:F4:55:AB:96:20,-55
BLE,1704596655914587546,DF:DF:EE:00:00:04,-50
BLE,1704596656088648103,D3:F4:55:AB:96:20,-66
BLE,1704596656283487085,D3:F4:55:AB:96:20,-55
BLE,1704596657235083566,D3:F4:55:AB:96:20,-68
BLE,1704596657456697466,DF:DF:EE:00:00:04,-55
BLE,1704596657614145051,D3:F4:55:AB:96:20,-68
BLE,1704596658001983929,D3:F4:55:AB:96:20,-84
BLE,1704596658583412107,D3:F4:55:AB:96:20,-86
BLE,1704596659018953325,DF:A6:DC:DC:2E:81,-58
BLE,1704596659018995199,DF:DF:EE:00:00:01,-58
BLE,1704596659547425652,D3:F4:55:AB:96:20,-71
BLE,1704596659726218231,DF:DF:EE:00:00:04,-53
BLE,1704596659924942878,D3:F4:55:AB:96:20,-55
BLE,1704596660119448034,D3:F4:55:AB:96:20,-62
BLE,1704596660888738345,D3:F4:55:AB:96:20,-67
BLE,1704596661467623203,D3:F4:55:AB:96:20,-68
BLE,1704596662039916579,D3:F4:55:AB:96:20,-55
BLE,1704596662235024222,D3:F4:55:AB:96:20,-53
BLE,1704596662431568916,D3:F4:55:AB:96:20,-69
BLE,1704596663196167079,D3:F4:55:AB:96:20,-69
BLE,1704596663465692565,DF:DF:EE:00:00:04,-72
BLE,1704596663773772548,D3:F4:55:AB:96:20,-70
BLE,1704596664012036838,DF:DF:EE:00:00:04,-50
BLE,1704596664159483097,D3:F4:55:AB:96:20,-72
BLE,1704596664544328748,D3:F4:55:AB:96:20,-53
BLE,1704596664928539871,D3:F4:55:AB:96:20,-63
BLE,1704596665117557063,D3:F4:55:AB:96:20,-67
BLE,1704596665469803337,DF:DF:EE:00:00:04,-40
BLE,1704596665511898008,D3:F4:55:AB:96:20,-69
BLE,1704596665897238690,D3:F4:55:AB:96:20,-52
BLE,1704596666012672519,DF:DF:EE:00:00:04,-72
BLE,1704596666852975123,D3:F4:55:AB:96:20,-83
BLE,1704596667005953012,DF:DF:EE:00:00:04,-46
BLE,1704596667047942143,D3:F4:55:AB:96:20,-53
BLE,1704596667473540077,DF:DF:EE:00:00:04,-55
BLE,1704596668006785383,DF:DF:EE:00:00:04,-43
BLE,1704596668582398688,D3:F4:55:AB:96:20,-52
BLE,1704596669362305810,D3:F4:55:AB:96:20,-69
BLE,1704596669930294196,D3:F4:55:AB:96:20,-58
BLE,1704596670120827979,D3:F4:55:AB:96:20,-70
BLE,1704596670244732541,DF:DF:EE:00:00:04,-53
BLE,1704596670312570611,D3:F4:55:AB:96:20,-53
BLE,1704596670510623523,D3:F4:55:AB:96:20,-63
BLE,1704596670700707983,D3:F4:55:AB:96:20,-69
BLE,1704596670702009830,D3:F4:55:AB:96:20,-71
BLE,1704596670785767429,DF:DF:EE:00:00:04,-51
BLE,1704596671080839111,D3:F4:55:AB:96:20,-66
BLE,1704596671663612677,D3:F4:55:AB:96:20,-52
BLE,1704596672050626906,D3:F4:55:AB:96:20,-66
BLE,1704596672528788283,DF:DF:EE:00:00:04,-37
BLE,1704596672826053625,D3:F4:55:AB:96:20,-87
BLE,1704596673210049878,D3:F4:55:AB:96:20,-68
BLE,1704596673396340712,D3:F4:55:AB:96:20,-52
BLE,1704596673525714488,DF:DF:EE:00:00:04,-56
BLE,1704596673587816183,D3:F4:55:AB:96:20,-70
BLE,1704596673785062570,D3:F4:55:AB:96:20,-55
BLE,1704596673980961737,D3:F4:55:AB:96:20,-66
BLE,1704596674170180924,D3:F4:55:AB:96:20,-71
BLE,1704596674294220316,DF:A6:DC:DC:2E:81,-68
BLE,1704596674294274440,DF:DF:EE:00:00:01,-68
BLE,1704596674360390214,D3:F4:55:AB:96:20,-63
BLE,1704596674552756999,D3:F4:55:AB:96:20,-55
BLE,1704596674745798978,D3:F4:55:AB:96:20,-52
BLE,1704596674797274695,DF:DF:EE:00:00:04,-53
BLE,1704596674937683899,D3:F4:55:AB:96:20,-71
BLE,1704596675902707547,D3:F4:55:AB:96:20,-55
BLE,1704596676094826837,D3:F4:55:AB:96:20,-67
BLE,1704596676480201393,D3:F4:55:AB:96:20,-66
BLE,1704596676861936945,D3:F4:55:AB:96:20,-68
BLE,1704596677081806926,DF:DF:EE:00:00:04,-55
BLE,1704596677435613750,D3:F4:55:AB:96:20,-70
BLE,1704596677436887681,D3:F4:55:AB:96:20,-68
BLE,1704596677821970202,D3:F4:55:AB:96:20,-69
BLE,1704596678014749894,D3:F4:55:AB:96:20,-55
BLE,1704596678074697177,DF:DF:EE:00:00:04,-35
BLE,1704596678614401261,DF:DF:EE:00:00:04,-21
BLE,1704596679082754808,DF:DF:EE:00:00:04,-39
BLE,1704596679171824334,D3:F4:55:AB:96:20,-53
BLE,1704596679361322765,D3:F4:55:AB:96:20,-66
BLE,1704596679556888522,D3:F4:55:AB:96:20,-68
BLE,1704596680520033420,D3:F4:55:AB:96:20,-68
BLE,1704596680707611642,D3:F4:55:AB:96:20,-52
BLE,1704596681086126180,D3:F4:55:AB:96:20,-68
BLE,1704596681272350557,D3:F4:55:AB:96:20,-69
BLE,1704596681353326009,DF:DF:EE:00:00:04,-55
BLE,1704596681465492867,D3:F4:55:AB:96:20,-63
BLE,1704596681849803988,D3:F4:55:AB:96:20,-69
BLE,1704596683581279884,D3:F4:55:AB:96:20,-66
BLE,1704596683768861897,D3:F4:55:AB:96:20,-63
BLE,1704596683959797089,D3:F4:55:AB:96:20,-60
BLE,1704596684349419969,DF:DF:EE:00:00:04,-73
BLE,1704596685124755941,D3:F4:55:AB:96:20,-55
BLE,1704596685314378411,D3:F4:55:AB:96:20,-68
BLE,1704596685505734634,D3:F4:55:AB:96:20,-52
BLE,1704596685696950486,D3:F4:55:AB:96:20,-52
BLE,1704596685882791079,D3:F4:55:AB:96:20,-66
BLE,1704596686388261697,DF:DF:EE:00:00:04,-53
BLE,1704596686456683921,D3:F4:55:AB:96:20,-70
BLE,1704596687029708281,D3:F4:55:AB:96:20,-69
BLE,1704596687419740195,D3:F4:55:AB:96:20,-71
BLE,1704596687992740306,D3:F4:55:AB:96:20,-52
BLE,1704596688188244106,D3:F4:55:AB:96:20,-55
BLE,1704596688313983920,DF:A6:DC:DC:2E:81,-71
BLE,1704596688314041461,DF:DF:EE:00:00:01,-71
BLE,1704596688571464709,D3:F4:55:AB:96:20,-71
BLE,1704596688950043955,D3:F4:55:AB:96:20,-70
BLE,1704596689340752979,D3:F4:55:AB:96:20,-69
BLE,1704596689393743829,DF:DF:EE:00:00:04,-51
BLE,1704596689527225558,D3:F4:55:AB:96:20,-52
BLE,1704596689912620448,D3:F4:55:AB:96:20,-53
BLE,1704596690307494381,D3:F4:55:AB:96:20,-68
BLE,1704596690675949763,DF:DF:EE:00:00:04,-51
BLE,1704596690873544143,D3:F4:55:AB:96:20,-52
BLE,1704596691060067263,D3:F4:55:AB:96:20,-52
BLE,1704596691438265642,D3:F4:55:AB:96:20,-68
BLE,1704596691635733608,D3:F4:55:AB:96:20,-66
BLE,1704596691822560846,D3:F4:55:AB:96:20,-67
BLE,1704596692017623448,D3:F4:55:AB:96:20,-52
BLE,1704596692208510432,DF:DF:EE:00:00:04,-51
BLE,1704596692594761511,D3:F4:55:AB:96:20,-70
BLE,1704596693214228905,DF:DF:EE:00:00:04,-55
BLE,1704596693361150218,D3:F4:55:AB:96:20,-70
BLE,1704596693676173134,DF:DF:EE:00:00:04,-53
BLE,1704596694135890786,D3:F4:55:AB:96:20,-66
BLE,1704596695858005676,D3:F4:55:AB:96:20,-70
BLE,1704596696048316089,D3:F4:55:AB:96:20,-52
BLE,1704596696428387385,D3:F4:55:AB:96:20,-69
BLE,1704596696619634612,D3:F4:55:AB:96:20,-66
BLE,1704596696812443679,D3:F4:55:AB:96:20,-66
BLE,1704596697195038962,D3:F4:55:AB:96:20,-68
BLE,1704596697579519329,D3:F4:55:AB:96:20,-58
BLE,1704596697771379500,D3:F4:55:AB:96:20,-70
BLE,1704596698171611693,DF:DF:EE:00:00:04,-50
BLE,1704596698344283822,D3:F4:55:AB:96:20,-66
BLE,1704596698708753373,DF:DF:EE:00:00:04,-46
BLE,1704596698731706000,D3:F4:55:AB:96:20,-68
BLE,1704596699120114449,D3:F4:55:AB:96:20,-55
BLE,1704596699175464373,DF:DF:EE:00:00:04,-63
BLE,1704596699314986138,D3:F4:55:AB:96:20,-52
BLE,1704596699887966708,D3:F4:55:AB:96:20,-55
BLE,1704596700078337370,D3:F4:55:AB:96:20,-68
BLE,1704596700443740526,DF:DF:EE:00:00:04,-36
BLE,1704596700459898759,D3:F4:55:AB:96:20,-68
BLE,1704596700979962101,DF:DF:EE:00:00:04,-51
BLE,1704596701037825180,D3:F4:55:AB:96:20,-70
BLE,1704596701445138135,DF:DF:EE:00:00:04,-55
BLE,1704596701993694901,D3:F4:55:AB:96:20,-67
BLE,1704596702379239120,D3:F4:55:AB:96:20,-67
BLE,1704596702573409033,D3:F4:55:AB:96:20,-52
BLE,1704596702768870834,D3:F4:55:AB:96:20,-55
BLE,1704596702960301140,D3:F4:55:AB:96:20,-68
BLE,1704596703254053809,DF:DF:EE:00:00:04,-34
BLE,1704596703722709475,DF:DF:EE:00:00:04,-56
BLE,1704596704715522478,DF:DF:EE:00:00:04,-65
BLE,1704596705662731263,D3:F4:55:AB:96:20,-68
BLE,1704596706242578267,D3:F4:55:AB:96:20,-63
BLE,1704596706531652163,DF:DF:EE:00:00:04,-39
BLE,1704596706621259177,D3:F4:55:AB:96:20,-63
BLE,1704596706985950849,DF:DF:EE:00:00:04,-39
BLE,1704596707005626172,D3:F4:55:AB:96:20,-68
BLE,1704596707194607364,D3:F4:55:AB:96:20,-68
BLE,1704596707580915650,D3:F4:55:AB:96:20,-72
BLE,1704596707771194938,D3:F4:55:AB:96:20,-53
BLE,1704596707960263420,D3:F4:55:AB:96:20,-68
BLE,1704596708339406403,D3:F4:55:AB:96:20,-66
BLE,1704596708533652189,DF:DF:EE:00:00:04,-39
BLE,1704596708923986305,D3:F4:55:AB:96:20,-68
BLE,1704596708990784022,DF:DF:EE:00:00:04,-51
BLE,1704596709507119487,D3:F4:55:AB:96:20,-67
BLE,1704596710085187988,D3:F4:55:AB:96:20,-53
BLE,1704596710276389132,D3:F4:55:AB:96:20,-57
BLE,1704596710858301216,D3:F4:55:AB:96:20,-68
BLE,1704596711220441527,DF:A6:DC:DC:2E:81,-73
BLE,1704596711220479401,DF:DF:EE:00:00:01,-73
BLE,1704596711257300727,DF:DF:EE:00:00:04,-51
BLE,1704596711794773317,DF:DF:EE:00:00:04,-51
BLE,1704596711820721629,D3:F4:55:AB:96:20,-52
BLE,1704596712203463909,D3:F4:55:AB:96:20,-69
BLE,1704596712972569641,D3:F4:55:AB:96:20,-63
BLE,1704596713355490542,D3:F4:55:AB:96:20,-66
BLE,1704596713536394368,DF:DF:EE:00:00:04,-45
BLE,1704596713550370689,D3:F4:55:AB:96:20,-53
BLE,1704596713929582588,D3:F4:55:AB:96:20,-72
BLE,1704596714078021576,DF:DF:EE:00:00:04,-51
BLE,1704596714308518742,D3:F4:55:AB:96:20,-70
BLE,1704596715076704202,D3:F4:55:AB:96:20,-70
BLE,1704596715080242500,DF:DF:EE:00:00:04,-72
BLE,1704596716029834400,D3:F4:55:AB:96:20,-66
BLE,1704596716801450577,DF:DF:EE:00:00:04,-50
BLE,1704596716992586972,D3:F4:55:AB:96:20,-63
BLE,1704596717180226485,D3:F4:55:AB:96:20,-53
BLE,1704596717377225336,D3:F4:55:AB:96:20,-52
BLE,1704596717564616062,D3:F4:55:AB:96:20,-52
BLE,1704596717805317091,DF:DF:EE:00:00:04,-55
BLE,1704596717950487816,D3:F4:55:AB:96:20,-66
BLE,1704596718331048519,D3:F4:55:AB:96:20,-66
BLE,1704596718344928343,DF:DF:EE:00:00:04,-55
BLE,1704596718712364580,D3:F4:55:AB:96:20,-67
BLE,1704596719284840452,D3:F4:55:AB:96:20,-71
BLE,1704596720055488567,D3:F4:55:AB:96:20,-69
BLE,1704596721022712584,D3:F4:55:AB:96:20,-68
BLE,1704596721073279487,DF:DF:EE:00:00:04,-35
BLE,1704596721410237677,D3:F4:55:AB:96:20,-66
BLE,1704596721792781878,D3:F4:55:AB:96:20,-66
BLE,1704596722077765570,DF:DF:EE:00:00:04,-67
BLE,1704596722566302305,D3:F4:55:AB:96:20,-70
BLE,1704596722948880756,D3:F4:55:AB:96:20,-71
BLE,1704596723143542116,D3:F4:55:AB:96:20,-62
BLE,1704596723332313521,D3:F4:55:AB:96:20,-71
BLE,1704596723522573976,D3:F4:55:AB:96:20,-83
BLE,1704596724081444644,DF:DF:EE:00:00:04,-40
BLE,1704596724106249314,D3:F4:55:AB:96:20,-52
BLE,1704596724490427938,D3:F4:55:AB:96:20,-68
BLE,1704596725071490541,D3:F4:55:AB:96:20,-63
BLE,1704596725259060013,D3:F4:55:AB:96:20,-53
BLE,1704596725457877367,D3:F4:55:AB:96:20,-63
BLE,1704596725650419356,D3:F4:55:AB:96:20,-55
BLE,1704596726034600022,D3:F4:55:AB:96:20,-55
BLE,1704596726417198222,D3:F4:55:AB:96:20,-55
BLE,1704596726477022757,DF:A6:DC:DC:2E:81,-58
BLE,1704596726477044632,DF:DF:EE:00:00:01,-58
BLE,1704596726607493802,D3:F4:55:AB:96:20,-65
BLE,1704596726804398072,D3:F4:55:AB:96:20,-68
BLE,1704596726993465679,D3:F4:55:AB:96:20,-52
BLE,1704596727377767508,D3:F4:55:AB:96:20,-53
BLE,1704596727568554494,D3:F4:55:AB:96:20,-68
BLE,1704596727613461895,DF:DF:EE:00:00:04,-40
BLE,1704596727754758288,D3:F4:55:AB:96:20,-63
BLE,1704596727954684034,D3:F4:55:AB:96:20,-63
BLE,1704596728148489455,D3:F4:55:AB:96:20,-69
BLE,1704596728536308333,D3:F4:55:AB:96:20,-52
BLE,1704596728728091047,D3:F4:55:AB:96:20,-52
BLE,1704596728894596019,DF:DF:EE:00:00:04,-51
BLE,1704596728919228276,D3:F4:55:AB:96:20,-64
BLE,1704596729294577341,D3:F4:55:AB:96:20,-70
BLE,1704596729437728278,DF:DF:EE:00:00:04,-55
BLE,1704596730437902121,D3:F4:55:AB:96:20,-63
BLE,1704596730634718518,D3:F4:55:AB:96:20,-70
BLE,1704596731215718706,D3:F4:55:AB:96:20,-69
BLE,1704596731439859843,DF:DF:EE:00:00:04,-55
BLE,1704596731896599310,DF:DF:EE:00:00:04,-52
BLE,1704596731989964451,D3:F4:55:AB:96:20,-68
BLE,1704596732432753220,DF:DF:EE:00:00:04,-55
BLE,1704596733159328707,D3:F4:55:AB:96:20,-67
BLE,1704596733429066606,DF:DF:EE:00:00:04,-35
BLE,1704596733545426581,D3:F4:55:AB:96:20,-55
BLE,1704596733898490922,DF:DF:EE:00:00:04,-34
BLE,1704596733927518459,D3:F4:55:AB:96:20,-70
BLE,1704596734311040514,D3:F4:55:AB:96:20,-71
BLE,1704596734431622856,DF:DF:EE:00:00:04,-51
BLE,1704596734500743690,D3:F4:55:AB:96:20,-52
BLE,1704596734889250428,D3:F4:55:AB:96:20,-66
BLE,1704596734932589238,DF:DF:EE:00:00:04,-44
BLE,1704596735285334877,D3:F4:55:AB:96:20,-52
BLE,1704596735399159366,DF:DF:EE:00:00:04,-56
BLE,1704596735480197108,D3:F4:55:AB:96:20,-71
BLE,1704596735675055089,D3:F4:55:AB:96:20,-58
BLE,1704596735939959426,DF:DF:EE:00:00:04,-40
BLE,1704596736053341883,D3:F4:55:AB:96:20,-72
BLE,1704596736398062071,DF:DF:EE:00:00:04,-35
BLE,1704596737580284257,D3:F4:55:AB:96:20,-53
BLE,1704596737773013618,D3:F4:55:AB:96:20,-68
BLE,1704596737930302747,DF:A6:DC:DC:2E:81,-75
BLE,1704596737930344496,DF:DF:EE:00:00:01,-75
BLE,1704596738163249735,D3:F4:55:AB:96:20,-70
BLE,1704596738394140685,DF:DF:EE:00:00:04,-55
BLE,1704596739127365361,D3:F4:55:AB:96:20,-71
BLE,1704596739886549350,D3:F4:55:AB:96:20,-67
BLE,1704596740273822032,D3:F4:55:AB:96:20,-70
BLE,1704596741393937273,DF:DF:EE:00:00:04,-45
BLE,1704596741427924411,D3:F4:55:AB:96:20,-52
BLE,1704596742014474103,D3:F4:55:AB:96:20,-66
BLE,1704596742200114242,D3:F4:55:AB:96:20,-68
BLE,1704596742395344840,D3:F4:55:AB:96:20,-52
BLE,1704596742590067074,D3:F4:55:AB:96:20,-55
BLE,1704596742779008475,D3:F4:55:AB:96:20,-52
BLE,1704596743159581844,D3:F4:55:AB:96:20,-68
BLE,1704596743349440600,D3:F4:55:AB:96:20,-52
BLE,1704596743544291207,D3:F4:55:AB:96:20,-68
BLE,1704596743732206005,D3:F4:55:AB:96:20,-53
BLE,1704596743926780326,D3:F4:55:AB:96:20,-86
BLE,1704596743944103825,DF:DF:EE:00:00:04,-37
BLE,1704596744117435148,D3:F4:55:AB:96:20,-66
BLE,1704596744293885570,DF:A6:DC:DC:2E:81,-74
BLE,1704596744293937527,DF:DF:EE:00:00:01,-74
BLE,1704596744307964015,D3:F4:55:AB:96:20,-63
BLE,1704596744496561631,D3:F4:55:AB:96:20,-82
BLE,1704596744695219697,D3:F4:55:AB:96:20,-63
BLE,1704596744888096804,D3:F4:55:AB:96:20,-70
BLE,1704596745233087653,DF:DF:EE:00:00:04,-39
BLE,1704596745262652220,D3:F4:55:AB:96:20,-67
BLE,1704596745453418332,D3:F4:55:AB:96:20,-55
BLE,1704596745454722803,D3:F4:55:AB:96:20,-52
BLE,1704596745647376040,D3:F4:55:AB:96:20,-62
BLE,1704596745764582498,DF:DF:EE:00:00:04,-53
BLE,1704596745844945504,D3:F4:55:AB:96:20,-67
BLE,1704596746040950294,D3:F4:55:AB:96:20,-52
BLE,1704596746770641131,DF:DF:EE:00:00:04,-50
BLE,1704596746992463152,D3:F4:55:AB:96:20,-66
BLE,1704596747190322693,D3:F4:55:AB:96:20,-68
BLE,1704596747567437637,D3:F4:55:AB:96:20,-70
BLE,1704596747769827371,DF:DF:EE:00:00:04,-52
BLE,1704596748123149123,DF:A6:DC:DC:2E:81,-59
BLE,1704596748123179789,DF:DF:EE:00:00:01,-59
BLE,1704596748140120796,D3:F4:55:AB:96:20,-67
BLE,1704596748229852933,DF:DF:EE:00:00:04,-45
BLE,1704596749104296921,D3:F4:55:AB:96:20,-63
BLE,1704596749487825309,D3:F4:55:AB:96:20,-68
BLE,1704596749493575434,DF:DF:EE:00:00:04,-45
BLE,1704596749873114909,D3:F4:55:AB:96:20,-67
BLE,1704596750071732225,D3:F4:55:AB:96:20,-68
BLE,1704596750497405782,DF:DF:EE:00:00:04,-51
BLE,1704596751035019619,D3:F4:55:AB:96:20,-84
BLE,1704596751227059994,D3:F4:55:AB:96:20,-67
BLE,1704596751421772687,D3:F4:55:AB:96:20,-63
BLE,1704596751809281197,D3:F4:55:AB:96:20,-66
BLE,1704596751943146626,DF:A6:DC:DC:2E:81,-72
BLE,1704596751943183709,DF:DF:EE:00:00:01,-72
BLE,1704596752317876955,DF:DF:EE:00:00:04,-55
BLE,1704596752384968166,D3:F4:55:AB:96:20,-69
BLE,1704596752770814254,D3:F4:55:AB:96:20,-68
BLE,1704596752778695166,DF:DF:EE:00:00:04,-51
BLE,1704596753159959437,D3:F4:55:AB:96:20,-66
BLE,1704596753547689775,D3:F4:55:AB:96:20,-55
BLE,1704596753736723716,D3:F4:55:AB:96:20,-68
BLE,1704596753781772697,DF:DF:EE:00:00:04,-62
BLE,1704596753923204629,D3:F4:55:AB:96:20,-52
BLE,1704596754115374543,D3:F4:55:AB:96:20,-70
BLE,1704596754772751782,DF:DF:EE:00:00:04,-66
BLE,1704596755266832938,D3:F4:55:AB:96:20,-52
BLE,1704596755313588424,DF:DF:EE:00:00:04,-62
BLE,1704596756309207408,DF:DF:EE:00:00:04,-35
BLE,1704596756611834510,D3:F4:55:AB:96:20,-70
BLE,1704596757951431990,D3:F4:55:AB:96:20,-67
BLE,1704596758054979910,DF:DF:EE:00:00:04,-51
BLE,1704596758337833149,D3:F4:55:AB:96:20,-69
BLE,1704596758528559428,D3:F4:55:AB:96:20,-52
BLE,1704596758717650701,D3:F4:55:AB:96:20,-66
BLE,1704596758911445247,D3:F4:55:AB:96:20,-53
BLE,1704596759099985240,D3:F4:55:AB:96:20,-52
BLE,1704596759292513688,D3:F4:55:AB:96:20,-69
BLE,1704596760240482290,D3:F4:55:AB:96:20,-69
BLE,1704596760621567231,D3:F4:55:AB:96:20,-68
BLE,1704596761317817043,DF:DF:EE:00:00:04,-55
BLE,1704596761395063909,D3:F4:55:AB:96:20,-67
BLE,1704596761783188947,D3:F4:55:AB:96:20,-71
BLE,1704596763515940815,D3:F4:55:AB:96:20,-70
BLE,1704596764092578097,D3:F4:55:AB:96:20,-53
BLE,1704596764133767537,DF:DF:EE:00:00:04,-50
BLE,1704596764289092084,D3:F4:55:AB:96:20,-52
BLE,1704596764597048028,DF:DF:EE:00:00:04,-53
BLE,1704596764675557491,D3:F4:55:AB:96:20,-69
BLE,1704596764679077665,DF:A6:DC:DC:2E:81,-72
BLE,1704596764679109372,DF:DF:EE:00:00:01,-72
BLE,1704596765597513657,DF:DF:EE:00:00:04,-50
BLE,1704596766024557726,D3:F4:55:AB:96:20,-63
BLE,1704596766598147241,D3:F4:55:AB:96:20,-70
BLE,1704596766991090008,D3:F4:55:AB:96:20,-63
BLE,1704596767141454454,DF:DF:EE:00:00:04,-54
BLE,1704596767757644503,D3:F4:55:AB:96:20,-64
BLE,1704596767945615342,D3:F4:55:AB:96:20,-52
BLE,1704596768528094914,D3:F4:55:AB:96:20,-68
BLE,1704596768718079251,D3:F4:55:AB:96:20,-55
BLE,1704596768910207083,D3:F4:55:AB:96:20,-66
BLE,1704596769492810985,D3:F4:55:AB:96:20,-53
BLE,1704596770064006010,D3:F4:55:AB:96:20,-72
BLE,1704596770449296652,D3:F4:55:AB:96:20,-55
BLE,1704596770638716209,D3:F4:55:AB:96:20,-63
BLE,1704596771594401893,D3:F4:55:AB:96:20,-71
BLE,1704596771783036843,D3:F4:55:AB:96:20,-68
BLE,1704596772555103802,D3:F4:55:AB:96:20,-52
BLE,1704596773327942286,D3:F4:55:AB:96:20,-55
BLE,1704596773417648798,DF:DF:EE:00:00:04,-54
BLE,1704596773517912914,D3:F4:55:AB:96:20,-66
BLE,1704596773705624092,D3:F4:55:AB:96:20,-69
BLE,1704596774669911923,D3:F4:55:AB:96:20,-52
BLE,1704596775252917233,D3:F4:55:AB:96:20,-69
BLE,1704596775691882877,DF:DF:EE:00:00:04,-53
BLE,1704596776015514481,D3:F4:55:AB:96:20,-52
BLE,1704596776202475758,D3:F4:55:AB:96:20,-53
BLE,1704596776583183291,D3:F4:55:AB:96:20,-52
BLE,1704596776776905672,D3:F4:55:AB:96:20,-52
BLE,1704596776963053258,D3:F4:55:AB:96:20,-66
BLE,1704596777349957865,D3:F4:55:AB:96:20,-66
BLE,1704596777541427461,D3:F4:55:AB:96:20,-81
BLE,1704596777729904414,D3:F4:55:AB:96:20,-66
BLE,1704596777923265719,D3:F4:55:AB:96:20,-66
BLE,1704596778303804047,D3:F4:55:AB:96:20,-70
BLE,1704596778875512228,D3:F4:55:AB:96:20,-65
BLE,1704596778961618860,DF:DF:EE:00:00:04,-55
BLE,1704596779068115133,D3:F4:55:AB:96:20,-55
BLE,1704596779459986715,D3:F4:55:AB:96:20,-52
BLE,1704596779506323626,DF:DF:EE:00:00:04,-51
BLE,1704596779847019413,D3:F4:55:AB:96:20,-62
BLE,1704596779968687890,DF:DF:EE:00:00:04,-53
BLE,1704596780039383421,D3:F4:55:AB:96:20,-69
BLE,1704596780506813195,DF:DF:EE:00:00:04,-53
BLE,1704596780607687026,D3:F4:55:AB:96:20,-53
BLE,1704596781180295924,D3:F4:55:AB:96:20,-70
BLE,1704596781369614823,D3:F4:55:AB:96:20,-52
BLE,1704596781944287724,D3:F4:55:AB:96:20,-70
BLE,1704596781958945195,DF:DF:EE:00:00:04,-35
BLE,1704596782577140351,DF:DF:EE:00:00:04,-58
BLE,1704596782712283947,D3:F4:55:AB:96:20,-70
BLE,1704596782904697037,D3:F4:55:AB:96:20,-52
BLE,1704596783285498209,D3:F4:55:AB:96:20,-68
BLE,1704596783475583010,D3:F4:55:AB:96:20,-55
BLE,1704596784000293486,DF:DF:EE:00:00:04,-55
BLE,1704596784427478151,D3:F4:55:AB:96:20,-53
BLE,1704596784620520312,D3:F4:55:AB:96:20,-56
BLE,1704596785775148888,D3:F4:55:AB:96:20,-69
BLE,1704596786005208012,DF:DF:EE:00:00:04,-56
BLE,1704596786157943523,D3:F4:55:AB:96:20,-69
BLE,1704596786348291777,D3:F4:55:AB:96:20,-63
BLE,1704596786916785128,D3:F4:55:AB:96:20,-70
BLE,1704596787688248286,D3:F4:55:AB:96:20,-68
BLE,1704596787883052330,D3:F4:55:AB:96:20,-55
BLE,1704596788869417857,DF:A6:DC:DC:2E:81,-73
BLE,1704596788869486439,DF:DF:EE:00:00:01,-73
BLE,1704596789272672852,DF:DF:EE:00:00:04,-34
BLE,1704596789408496227,D3:F4:55:AB:96:20,-52
BLE,1704596789789464479,D3:F4:55:AB:96:20,-52
BLE,1704596790273844473,DF:DF:EE:00:00:04,-52
BLE,1704596790375594704,D3:F4:55:AB:96:20,-52
BLE,1704596790569328518,D3:F4:55:AB:96:20,-69
BLE,1704596790755489727,D3:F4:55:AB:96:20,-52
BLE,1704596790952110362,D3:F4:55:AB:96:20,-63
BLE,1704596791137559792,D3:F4:55:AB:96:20,-62
BLE,1704596791336488424,D3:F4:55:AB:96:20,-66
BLE,1704596791409665990,DF:A6:DC:DC:2E:81,-59
BLE,1704596791409712615,DF:DF:EE:00:00:01,-59
BLE,1704596791526272647,D3:F4:55:AB:96:20,-69
BLE,1704596792300982409,D3:F4:55:AB:96:20,-68
BLE,1704596792490737133,D3:F4:55:AB:96:20,-52
BLE,1704596792685187725,D3:F4:55:AB:96:20,-69
BLE,1704596792874107798,D3:F4:55:AB:96:20,-66
BLE,1704596793257004306,D3:F4:55:AB:96:20,-66
BLE,1704596794033193748,D3:F4:55:AB:96:20,-69
BLE,1704596794229345350,D3:F4:55:AB:96:20,-70
BLE,1704596794290020279,DF:DF:EE:00:00:04,-51
BLE,1704596794807583724,D3:F4:55:AB:96:20,-66
BLE,1704596795293457190,DF:DF:EE:00:00:04,-55
BLE,1704596795382759158,D3:F4:55:AB:96:20,-69
BLE,1704596795572462674,D3:F4:55:AB:96:20,-53
BLE,1704596796149845690,D3:F4:55:AB:96:20,-68
BLE,1704596796498177605,DF:A6:DC:DC:2E:81,-58
BLE,1704596796498231062,DF:DF:EE:00:00:01,-58
BLE,1704596796911382411,D3:F4:55:AB:96:20,-72
BLE,1704596797286520483,DF:DF:EE:00:00:04,-50
BLE,1704596797680195535,D3:F4:55:AB:96:20,-52
BLE,1704596797836152527,DF:DF:EE:00:00:04,-39
BLE,1704596797872656040,D3:F4:55:AB:96:20,-70
BLE,1704596798062358473,D3:F4:55:AB:96:20,-52
BLE,1704596798253218759,D3:F4:55:AB:96:20,-67
BLE,1704596798443477181,D3:F4:55:AB:96:20,-57
BLE,1704596798633004992,D3:F4:55:AB:96:20,-68
BLE,1704596798830394696,D3:F4:55:AB:96:20,-85
BLE,1704596799015836460,D3:F4:55:AB:96:20,-66
BLE,1704596799570075541,DF:DF:EE:00:00:04,-44
BLE,1704596800101803425,DF:DF:EE:00:00:04,-52
BLE,1704596800160814386,D3:F4:55:AB:96:20,-69
BLE,1704596800554497355,D3:F4:55:AB:96:20,-70
BLE,1704596800941917777,D3:F4:55:AB:96:20,-68
BLE,1704596801133232512,D3:F4:55:AB:96:20,-52
BLE,1704596801328304343,D3:F4:55:AB:96:20,-53
BLE,1704596801522336818,D3:F4:55:AB:96:20,-72
BLE,1704596801718191009,D3:F4:55:AB:96:20,-53
BLE,1704596801913042719,D3:F4:55:AB:96:20,-63
BLE,1704596802485366915,D3:F4:55:AB:96:20,-55
BLE,1704596802872045933,D3:F4:55:AB:96:20,-55
BLE,1704596803065893704,D3:F4:55:AB:96:20,-68
BLE,1704596805389363461,DF:DF:EE:00:00:04,-53
BLE,1704596805408301351,DF:A6:DC:DC:2E:81,-72
BLE,1704596805408332434,DF:DF:EE:00:00:01,-72
BLE,1704596805570721428,D3:F4:55:AB:96:20,-55
BLE,1704596805765916965,D3:F4:55:AB:96:20,-68
BLE,1704596805841711898,DF:DF:EE:00:00:04,-52
BLE,1704596805958986583,D3:F4:55:AB:96:20,-52
BLE,1704596806526070295,D3:F4:55:AB:96:20,-64
BLE,1704596807118371278,DF:DF:EE:00:00:04,-35
BLE,1704596807498311216,D3:F4:55:AB:96:20,-52
BLE,1704596807655810220,DF:DF:EE:00:00:04,-45
BLE,1704596807693226633,D3:F4:55:AB:96:20,-69
BLE,1704596807879712086,D3:F4:55:AB:96:20,-62
BLE,1704596808077331118,D3:F4:55:AB:96:20,-68
BLE,1704596808265823907,D3:F4:55:AB:96:20,-68
BLE,1704596808459119147,D3:F4:55:AB:96:20,-52
BLE,1704596808651167243,D3:F4:55:AB:96:20,-70
BLE,1704596808846215783,D3:F4:55:AB:96:20,-68
BLE,1704596809040475504,D3:F4:55:AB:96:20,-63
BLE,1704596809228240598,D3:F4:55:AB:96:20,-66
BLE,1704596809426767905,D3:F4:55:AB:96:20,-68
BLE,1704596809622954756,D3:F4:55:AB:96:20,-71
BLE,1704596809813611296,D3:F4:55:AB:96:20,-52
BLE,1704596809927277592,DF:DF:EE:00:00:04,-35
BLE,1704596810492004890,DF:A6:DC:DC:2E:81,-59
BLE,1704596810492050431,DF:DF:EE:00:00:01,-59
BLE,1704596811394031355,DF:DF:EE:00:00:04,-44
BLE,1704596812105855105,D3:F4:55:AB:96:20,-68
BLE,1704596812292720634,D3:F4:55:AB:96:20,-62
BLE,1704596812394789734,DF:DF:EE:00:00:04,-55
BLE,1704596813255658565,D3:F4:55:AB:96:20,-52
BLE,1704596813643385523,D3:F4:55:AB:96:20,-66
BLE,1704596813933291382,DF:DF:EE:00:00:04,-45
BLE,1704596814024138613,D3:F4:55:AB:96:20,-52
BLE,1704596814315958186,DF:A6:DC:DC:2E:81,-58
BLE,1704596814316023851,DF:DF:EE:00:00:01,-58
BLE,1704596814418985143,D3:F4:55:AB:96:20,-53
BLE,1704596814805092923,D3:F4:55:AB:96:20,-63
BLE,1704596816150956736,D3:F4:55:AB:96:20,-66
BLE,1704596816537670421,D3:F4:55:AB:96:20,-68
BLE,1704596816668816343,DF:DF:EE:00:00:04,-39
BLE,1704596816724354453,D3:F4:55:AB:96:20,-53
BLE,1704596816913840390,D3:F4:55:AB:96:20,-55
BLE,1704596817496923922,D3:F4:55:AB:96:20,-55
BLE,1704596817667552510,DF:DF:EE:00:00:04,-35
BLE,1704596817688545735,D3:F4:55:AB:96:20,-68
BLE,1704596817879416188,D3:F4:55:AB:96:20,-55
BLE,1704596818138334387,DF:A6:DC:DC:2E:81,-73
BLE,1704596818138364386,DF:DF:EE:00:00:01,-73
BLE,1704596818266243245,D3:F4:55:AB:96:20,-67
BLE,1704596818452815196,D3:F4:55:AB:96:20,-67
BLE,1704596818663715517,DF:DF:EE:00:00:04,-37
BLE,1704596819035221741,D3:F4:55:AB:96:20,-63
BLE,1704596819417222266,D3:F4:55:AB:96:20,-68
BLE,1704596819799715990,D3:F4:55:AB:96:20,-68
BLE,1704596819939690785,DF:DF:EE:00:00:04,-51
BLE,1704596819992857232,D3:F4:55:AB:96:20,-70
BLE,1704596820374216935,D3:F4:55:AB:96:20,-55
BLE,1704596820681673087,DF:A6:DC:DC:2E:81,-88
BLE,1704596820681725502,DF:DF:EE:00:00:01,-88
BLE,1704596822091338061,D3:F4:55:AB:96:20,-63
BLE,1704596822663345554,D3:F4:55:AB:96:20,-66
BLE,1704596823228503053,DF:A6:DC:DC:2E:81,-59
BLE,1704596823228562552,DF:DF:EE:00:00:01,-59
BLE,1704596824013627409,D3:F4:55:AB:96:20,-67
BLE,1704596824398188426,D3:F4:55:AB:96:20,-67
BLE,1704596825168477897,D3:F4:55:AB:96:20,-61
BLE,1704596825219582717,DF:DF:EE:00:00:04,-55
BLE,1704596825557416332,D3:F4:55:AB:96:20,-52
BLE,1704596825751078481,D3:F4:55:AB:96:20,-55
BLE,1704596825769705627,DF:A6:DC:DC:2E:81,-73
BLE,1704596825769731543,DF:DF:EE:00:00:01,-73
BLE,1704596826518397675,D3:F4:55:AB:96:20,-70
BLE,1704596826895971534,D3:F4:55:AB:96:20,-68
BLE,1704596827472744437,D3:F4:55:AB:96:20,-53
BLE,1704596827670071225,D3:F4:55:AB:96:20,-68
BLE,1704596828055890968,D3:F4:55:AB:96:20,-66
BLE,1704596828240831283,D3:F4:55:AB:96:20,-67
BLE,1704596829209650853,D3:F4:55:AB:96:20,-67
BLE,1704596829764632462,DF:DF:EE:00:00:04,-55
BLE,1704596830365222911,D3:F4:55:AB:96:20,-70
BLE,1704596830751271359,D3:F4:55:AB:96:20,-72
BLE,1704596831333471616,D3:F4:55:AB:96:20,-70
BLE,1704596831723485905,D3:F4:55:AB:96:20,-58
BLE,1704596832134760248,DF:A6:DC:DC:2E:81,-73
BLE,1704596832134812330,DF:DF:EE:00:00:01,-73
BLE,1704596832482601881,D3:F4:55:AB:96:20,-55
BLE,1704596832581405293,DF:DF:EE:00:00:04,-55
BLE,1704596832676584774,D3:F4:55:AB:96:20,-53
BLE,1704596832865081938,D3:F4:55:AB:96:20,-55
BLE,1704596833040825595,DF:DF:EE:00:00:04,-30
BLE,1704596833057880853,D3:F4:55:AB:96:20,-53
BLE,1704596833576736941,DF:DF:EE:00:00:04,-46
BLE,1704596833824633850,D3:F4:55:AB:96:20,-52
BLE,1704596834015315681,D3:F4:55:AB:96:20,-52
BLE,1704596834586570439,D3:F4:55:AB:96:20,-66
BLE,1704596834781712685,D3:F4:55:AB:96:20,-68
BLE,1704596835305909088,DF:DF:EE:00:00:04,-52
BLE,1704596835363179165,D3:F4:55:AB:96:20,-70
BLE,1704596836303853186,DF:DF:EE:00:00:04,-53
BLE,1704596836513626821,D3:F4:55:AB:96:20,-68
BLE,1704596836706384320,D3:F4:55:AB:96:20,-53
BLE,1704596836903459071,D3:F4:55:AB:96:20,-70
BLE,1704596837095202465,D3:F4:55:AB:96:20,-55
BLE,1704596837481578990,D3:F4:55:AB:96:20,-69
BLE,1704596837671171383,D3:F4:55:AB:96:20,-52
BLE,1704596837860958064,D3:F4:55:AB:96:20,-72
BLE,1704596838637274004,D3:F4:55:AB:96:20,-52
BLE,1704596839419367918,D3:F4:55:AB:96:20,-68
BLE,1704596840000590111,D3:F4:55:AB:96:20,-53
BLE,1704596840188654491,D3:F4:55:AB:96:20,-66
BLE,1704596840386311564,D3:F4:55:AB:96:20,-52
BLE,1704596840576627111,D3:F4:55:AB:96:20,-67
BLE,1704596841541868040,D3:F4:55:AB:96:20,-67
BLE,1704596841924272140,D3:F4:55:AB:96:20,-67
BLE,1704596842308637286,D3:F4:55:AB:96:20,-67
BLE,1704596842326764733,DF:A6:DC:DC:2E:81,-58
BLE,1704596842326790274,DF:DF:EE:00:00:01,-58
BLE,1704596842502538931,D3:F4:55:AB:96:20,-68
BLE,1704596842621491460,DF:DF:EE:00:00:04,-34
BLE,1704596842694348449,D3:F4:55:AB:96:20,-55
BLE,1704596842886095801,D3:F4:55:AB:96:20,-68
BLE,1704596843088884651,DF:DF:EE:00:00:04,-47
BLE,1704596843269198680,D3:F4:55:AB:96:20,-68
BLE,1704596843466038227,D3:F4:55:AB:96:20,-58
BLE,1704596844043647238,D3:F4:55:AB:96:20,-55
BLE,1704596844084433837,DF:DF:EE:00:00:04,-51
BLE,1704596844234485191,D3:F4:55:AB:96:20,-68
BLE,1704596844420175075,D3:F4:55:AB:96:20,-58
BLE,1704596844614236800,D3:F4:55:AB:96:20,-68
BLE,1704596845193649236,D3:F4:55:AB:96:20,-55
BLE,1704596845356346683,DF:DF:EE:00:00:04,-56
BLE,1704596845583669900,D3:F4:55:AB:96:20,-68
BLE,1704596845895615174,DF:DF:EE:00:00:04,-55
BLE,1704596846355703629,D3:F4:55:AB:96:20,-52
BLE,1704596846553445909,D3:F4:55:AB:96:20,-68
BLE,1704596847128268807,D3:F4:55:AB:96:20,-55
BLE,1704596847323640007,D3:F4:55:AB:96:20,-52
BLE,1704596847632445841,DF:DF:EE:00:00:04,-56
BLE,1704596847705013627,D3:F4:55:AB:96:20,-67
BLE,1704596847903208857,D3:F4:55:AB:96:20,-87
BLE,1704596848289412135,D3:F4:55:AB:96:20,-63
BLE,1704596848638183667,DF:DF:EE:00:00:04,-47
BLE,1704596849443725259,D3:F4:55:AB:96:20,-70
BLE,1704596849909942473,DF:DF:EE:00:00:04,-51
BLE,1704596850208328047,D3:F4:55:AB:96:20,-70
BLE,1704596850448636767,DF:DF:EE:00:00:04,-51
BLE,1704596850903177870,DF:DF:EE:00:00:04,-51
BLE,1704596850984953064,D3:F4:55:AB:96:20,-52
BLE,1704596851179939771,D3:F4:55:AB:96:20,-71
BLE,1704596851371671874,D3:F4:55:AB:96:20,-52
BLE,1704596851442782688,DF:DF:EE:00:00:04,-46
BLE,1704596851561998045,D3:F4:55:AB:96:20,-70
BLE,1704596851751620896,D3:F4:55:AB:96:20,-53
BLE,1704596852129329127,D3:F4:55:AB:96:20,-63
BLE,1704596852315542709,D3:F4:55:AB:96:20,-66
BLE,1704596852446425345,DF:DF:EE:00:00:04,-39
BLE,1704596852699734109,D3:F4:55:AB:96:20,-67
BLE,1704596852893425841,D3:F4:55:AB:96:20,-63
BLE,1704596852901869472,DF:DF:EE:00:00:04,-51
BLE,1704596853084986030,D3:F4:55:AB:96:20,-53
BLE,1704596853277655198,D3:F4:55:AB:96:20,-52
BLE,1704596853463606452,D3:F4:55:AB:96:20,-66
BLE,1704596853654531654,D3:F4:55:AB:96:20,-55
BLE,1704596854037272372,D3:F4:55:AB:96:20,-56
BLE,1704596854186970275,DF:DF:EE:00:00:04,-46
BLE,1704596854231421221,D3:F4:55:AB:96:20,-66
BLE,1704596854426559717,D3:F4:55:AB:96:20,-52
BLE,1704596854809898591,D3:F4:55:AB:96:20,-68
BLE,1704596855004814050,D3:F4:55:AB:96:20,-55
BLE,1704596855380147618,D3:F4:55:AB:96:20,-62
BLE,1704596856707057333,D3:F4:55:AB:96:20,-66
BLE,1704596857184294463,DF:DF:EE:00:00:04,-53
BLE,1704596857473620125,D3:F4:55:AB:96:20,-69
BLE,1704596857853579439,D3:F4:55:AB:96:20,-52
BLE,1704596858048732101,D3:F4:55:AB:96:20,-68
BLE,1704596859186267753,DF:DF:EE:00:00:04,-36
BLE,1704596859390789195,D3:F4:55:AB:96:20,-55
BLE,1704596859779038434,D3:F4:55:AB:96:20,-52
BLE,1704596860154822911,D3:F4:55:AB:96:20,-55
BLE,1704596860726194291,D3:F4:55:AB:96:20,-52
BLE,1704596860989966148,DF:DF:EE:00:00:04,-53
BLE,1704596861305328649,D3:F4:55:AB:96:20,-71
BLE,1704596861410791226,DF:A6:DC:DC:2E:81,-59
BLE,1704596861410983639,DF:DF:EE:00:00:01,-59
BLE,1704596861497361870,D3:F4:55:AB:96:20,-66
BLE,1704596862068004640,D3:F4:55:AB:96:20,-55
BLE,1704596862256961337,D3:F4:55:AB:96:20,-68
BLE,1704596862727348763,DF:DF:EE:00:00:04,-74
BLE,1704596862833012212,D3:F4:55:AB:96:20,-55
BLE,1704596863211268099,D3:F4:55:AB:96:20,-68
BLE,1704596863404431216,D3:F4:55:AB:96:20,-52
BLE,1704596863593453120,D3:F4:55:AB:96:20,-68
BLE,1704596863972182540,D3:F4:55:AB:96:20,-52
BLE,1704596864363874214,D3:F4:55:AB:96:20,-70
BLE,1704596864542834018,DF:DF:EE:00:00:04,-52
BLE,1704596864553145196,D3:F4:55:AB:96:20,-52
BLE,1704596864738672375,D3:F4:55:AB:96:20,-66
BLE,1704596865002562522,DF:DF:EE:00:00:04,-55
BLE,1704596865311359231,D3:F4:55:AB:96:20,-71
BLE,1704596865889577564,D3:F4:55:AB:96:20,-66
BLE,1704596866081542746,D3:F4:55:AB:96:20,-85
BLE,1704596866268243236,D3:F4:55:AB:96:20,-66
BLE,1704596866281193614,DF:DF:EE:00:00:04,-55
BLE,1704596867549924603,DF:DF:EE:00:00:04,-50
BLE,1704596867615867349,D3:F4:55:AB:96:20,-69
BLE,1704596867999960334,D3:F4:55:AB:96:20,-52
BLE,1704596868580861824,D3:F4:55:AB:96:20,-66
BLE,1704596869544252289,D3:F4:55:AB:96:20,-68
BLE,1704596869734821830,D3:F4:55:AB:96:20,-52
BLE,1704596870313582570,D3:F4:55:AB:96:20,-66
BLE,1704596870500145687,D3:F4:55:AB:96:20,-52
BLE,1704596870545071541,DF:DF:EE:00:00:04,-35
BLE,1704596870692957394,D3:F4:55:AB:96:20,-52
BLE,1704596870884278296,D3:F4:55:AB:96:20,-67
BLE,1704596871270018667,D3:F4:55:AB:96:20,-70
BLE,1704596871662027376,D3:F4:55:AB:96:20,-69
BLE,1704596871823511054,DF:DF:EE:00:00:04,-51
BLE,1704596872235984499,D3:F4:55:AB:96:20,-55
BLE,1704596872430982456,D3:F4:55:AB:96:20,-67
BLE,1704596872830017990,DF:DF:EE:00:00:04,-55
BLE,1704596873976589386,D3:F4:55:AB:96:20,-67
BLE,1704596874366333180,D3:F4:55:AB:96:20,-52
BLE,1704596874564343413,D3:F4:55:AB:96:20,-68
BLE,1704596874954111206,D3:F4:55:AB:96:20,-68
BLE,1704596875145945349,D3:F4:55:AB:96:20,-84
BLE,1704596875335168249,D3:F4:55:AB:96:20,-53
BLE,1704596875719282567,D3:F4:55:AB:96:20,-52
BLE,1704596875825044096,DF:DF:EE:00:00:04,-39
BLE,1704596876293889969,D3:F4:55:AB:96:20,-52
BLE,1704596876485811360,D3:F4:55:AB:96:20,-63
BLE,1704596877063143002,D3:F4:55:AB:96:20,-68
BLE,1704596877249006174,D3:F4:55:AB:96:20,-53
BLE,1704596877435151675,DF:DF:EE:00:00:04,-37
BLE,1704596877634302803,D3:F4:55:AB:96:20,-67
BLE,1704596878223038603,D3:F4:55:AB:96:20,-55
BLE,1704596878419150830,D3:F4:55:AB:96:20,-67
BLE,1704596878608545019,D3:F4:55:AB:96:20,-55
BLE,1704596878800917401,D3:F4:55:AB:96:20,-53
BLE,1704596879860578951,DF:DF:EE:00:00:04,-65
BLE,1704596879949088683,D3:F4:55:AB:96:20,-66
BLE,1704596880861298288,DF:DF:EE:00:00:04,-39
BLE,1704596881114112062,D3:F4:55:AB:96:20,-68
BLE,1704596881859059599,DF:DF:EE:00:00:04,-35
BLE,1704596881875281832,D3:F4:55:AB:96:20,-69
BLE,1704596882321212515,DF:DF:EE:00:00:04,-53
BLE,1704596882655447782,D3:F4:55:AB:96:20,-55
BLE,1704596883045897812,D3:F4:55:AB:96:20,-52
BLE,1704596883429750093,D3:F4:55:AB:96:20,-68
BLE,1704596883596566128,DF:DF:EE:00:00:04,-51
BLE,1704596883618813830,D3:F4:55:AB:96:20,-64
BLE,1704596883814677312,D3:F4:55:AB:96:20,-68
BLE,1704596884384692677,D3:F4:55:AB:96:20,-52
BLE,1704596884577740046,D3:F4:55:AB:96:20,-69
BLE,1704596884593916738,DF:DF:EE:00:00:04,-66
BLE,1704596885160428836,D3:F4:55:AB:96:20,-68
BLE,1704596885539075799,D3:F4:55:AB:96:20,-71
BLE,1704596885596802160,DF:DF:EE:00:00:04,-51
BLE,1704596885732596993,D3:F4:55:AB:96:20,-67
BLE,1704596886119822043,D3:F4:55:AB:96:20,-55
BLE,1704596886496671874,D3:F4:55:AB:96:20,-52
BLE,1704596886891370282,D3:F4:55:AB:96:20,-52
BLE,1704596886900081408,DF:A6:DC:DC:2E:81,-70
BLE,1704596886900121324,DF:DF:EE:00:00:01,-70
BLE,1704596887080429936,D3:F4:55:AB:96:20,-53
BLE,1704596887277584477,D3:F4:55:AB:96:20,-63
BLE,1704596887665076730,D3:F4:55:AB:96:20,-53
BLE,1704596887859936148,D3:F4:55:AB:96:20,-63
BLE,1704596887867555836,DF:DF:EE:00:00:04,-45
BLE,1704596888054746359,D3:F4:55:AB:96:20,-70
BLE,1704596888247240113,D3:F4:55:AB:96:20,-66
BLE,1704596888437684491,D3:F4:55:AB:96:20,-70
BLE,1704596888867338400,DF:DF:EE:00:00:04,-53
BLE,1704596889396235880,D3:F4:55:AB:96:20,-78
BLE,1704596889784074085,D3:F4:55:AB:96:20,-63
BLE,1704596889981627702,D3:F4:55:AB:96:20,-52
BLE,1704596890140934963,DF:DF:EE:00:00:04,-35
BLE,1704596890176190751,D3:F4:55:AB:96:20,-68
BLE,1704596890761276912,D3:F4:55:AB:96:20,-66
BLE,1704596891151709651,D3:F4:55:AB:96:20,-52
BLE,1704596891343040886,D3:F4:55:AB:96:20,-70
BLE,1704596891403334781,DF:DF:EE:00:00:04,-50
BLE,1704596891536035090,D3:F4:55:AB:96:20,-66
BLE,1704596891924044875,D3:F4:55:AB:96:20,-55
BLE,1704596891947878255,DF:DF:EE:00:00:04,-53
BLE,1704596891988001325,DF:A6:DC:DC:2E:81,-59
BLE,1704596891988047574,DF:DF:EE:00:00:01,-59
BLE,1704596892302596216,D3:F4:55:AB:96:20,-67
BLE,1704596892406368033,DF:DF:EE:00:00:04,-40
BLE,1704596892493601165,D3:F4:55:AB:96:20,-63
BLE,1704596892685492681,D3:F4:55:AB:96:20,-66
BLE,1704596893064880006,D3:F4:55:AB:96:20,-80
BLE,1704596893404351048,DF:DF:EE:00:00:04,-45
BLE,1704596893636816042,D3:F4:55:AB:96:20,-55
BLE,1704596893942654266,DF:DF:EE:00:00:04,-65
BLE,1704596894023840846,D3:F4:55:AB:96:20,-63
BLE,1704596894213917730,D3:F4:55:AB:96:20,-66
BLE,1704596894407317968,D3:F4:55:AB:96:20,-75
BLE,1704596894526133291,DF:A6:DC:DC:2E:81,-68
BLE,1704596894526197998,DF:DF:EE:00:00:01,-68
BLE,1704596894597821468,D3:F4:55:AB:96:20,-66
BLE,1704596894786584086,D3:F4:55:AB:96:20,-71
BLE,1704596894977369831,D3:F4:55:AB:96:20,-52
BLE,1704596895366283933,D3:F4:55:AB:96:20,-70
BLE,1704596895945371208,DF:DF:EE:00:00:04,-34
BLE,1704596896134966310,D3:F4:55:AB:96:20,-70
BLE,1704596896405427164,DF:DF:EE:00:00:04,-52
BLE,1704596896946187294,DF:DF:EE:00:00:04,-53
BLE,1704596897016593746,DF:DF:EE:00:00:04,-55
BLE,1704596897071910944,DF:A6:DC:DC:2E:81,-73
BLE,1704596897071946318,DF:DF:EE:00:00:01,-73
BLE,1704596897091543195,D3:F4:55:AB:96:20,-66
BLE,1704596897291193189,D3:F4:55:AB:96:20,-69
BLE,1704596897479028157,D3:F4:55:AB:96:20,-57
BLE,1704596898251646751,D3:F4:55:AB:96:20,-55
BLE,1704596898444112881,D3:F4:55:AB:96:20,-66
BLE,1704596898642347818,D3:F4:55:AB:96:20,-52
BLE,1704596898715309305,DF:DF:EE:00:00:04,-35
BLE,1704596899022592251,D3:F4:55:AB:96:20,-69
BLE,1704596899616430121,DF:A6:DC:DC:2E:81,-70
BLE,1704596899616473828,DF:DF:EE:00:00:01,-70
BLE,1704596899795923456,D3:F4:55:AB:96:20,-69
BLE,1704596900191803800,D3:F4:55:AB:96:20,-52
BLE,1704596900576363943,D3:F4:55:AB:96:20,-86
BLE,1704596900762951185,D3:F4:55:AB:96:20,-67
BLE,1704596900955073696,D3:F4:55:AB:96:20,-66
BLE,1704596901145484157,D3:F4:55:AB:96:20,-52
BLE,1704596901340247869,D3:F4:55:AB:96:20,-53
BLE,1704596901449035508,DF:DF:EE:00:00:04,-55
BLE,1704596901533544608,D3:F4:55:AB:96:20,-55
BLE,1704596901724429852,D3:F4:55:AB:96:20,-68
BLE,1704596901913988413,D3:F4:55:AB:96:20,-55
BLE,1704596901989531059,DF:DF:EE:00:00:04,-51
BLE,1704596902104924489,D3:F4:55:AB:96:20,-68
BLE,1704596902157773567,DF:A6:DC:DC:2E:81,-74
BLE,1704596902157822107,DF:DF:EE:00:00:01,-74
BLE,1704596902298479307,D3:F4:55:AB:96:20,-70
BLE,1704596902455117993,DF:DF:EE:00:00:04,-53
BLE,1704596902867916474,D3:F4:55:AB:96:20,-86
BLE,1704596903056911920,D3:F4:55:AB:96:20,-68
BLE,1704596903251557550,D3:F4:55:AB:96:20,-87
BLE,1704596903442216757,D3:F4:55:AB:96:20,-68
BLE,1704596903443542940,D3:F4:55:AB:96:20,-70
BLE,1704596903446453718,DF:DF:EE:00:00:04,-52
BLE,1704596904022676339,D3:F4:55:AB:96:20,-66
BLE,1704596904402352283,D3:F4:55:AB:96:20,-69
BLE,1704596904786834302,D3:F4:55:AB:96:20,-67
BLE,1704596905172977248,D3:F4:55:AB:96:20,-67
BLE,1704596905366640105,D3:F4:55:AB:96:20,-52
BLE,1704596905451421784,DF:DF:EE:00:00:04,-53
BLE,1704596905555305516,D3:F4:55:AB:96:20,-63
BLE,1704596905946531157,D3:F4:55:AB:96:20,-69
BLE,1704596906335443134,D3:F4:55:AB:96:20,-68
BLE,1704596906715495445,D3:F4:55:AB:96:20,-68
BLE,1704596906986997530,DF:DF:EE:00:00:04,-45
BLE,1704596907490363788,D3:F4:55:AB:96:20,-69
BLE,1704596907877348342,D3:F4:55:AB:96:20,-55
BLE,1704596908256752541,D3:F4:55:AB:96:20,-62
BLE,1704596908522711607,DF:A6:DC:DC:2E:81,-59
BLE,1704596908522761439,DF:DF:EE:00:00:01,-59
BLE,1704596908831649021,D3:F4:55:AB:96:20,-57
BLE,1704596909020397014,D3:F4:55:AB:96:20,-53
BLE,1704596909504017647,DF:DF:EE:00:00:04,-55
BLE,1704596909601552000,D3:F4:55:AB:96:20,-62
BLE,1704596909985009145,D3:F4:55:AB:96:20,-53
BLE,1704596910046551123,DF:DF:EE:00:00:04,-40
BLE,1704596910179364697,D3:F4:55:AB:96:20,-69
BLE,1704596911132662662,D3:F4:55:AB:96:20,-52
BLE,1704596911326743468,D3:F4:55:AB:96:20,-68
BLE,1704596911712707662,D3:F4:55:AB:96:20,-68
BLE,1704596911781592134,DF:DF:EE:00:00:04,-55
BLE,1704596912100004458,D3:F4:55:AB:96:20,-66
BLE,1704596912873150824,D3:F4:55:AB:96:20,-56
BLE,1704596913061721855,D3:F4:55:AB:96:20,-66
BLE,1704596913250340426,D3:F4:55:AB:96:20,-66
BLE,1704596913609046568,DF:A6:DC:DC:2E:81,-72
BLE,1704596913609094150,DF:DF:EE:00:00:01,-72
BLE,1704596913839197810,D3:F4:55:AB:96:20,-70
BLE,1704596914035507368,D3:F4:55:AB:96:20,-52
BLE,1704596914058041547,DF:DF:EE:00:00:04,-51
BLE,1704596914599866567,DF:DF:EE:00:00:04,-50
BLE,1704596914806353609,D3:F4:55:AB:96:20,-72
BLE,1704596915056293954,DF:DF:EE:00:00:04,-38
BLE,1704596915191685690,D3:F4:55:AB:96:20,-70
BLE,1704596915572593558,D3:F4:55:AB:96:20,-55
BLE,1704596915604972185,DF:DF:EE:00:00:04,-39
BLE,1704596915949522081,D3:F4:55:AB:96:20,-52
BLE,1704596916061767816,DF:DF:EE:00:00:04,-50
BLE,1704596916138992721,D3:F4:55:AB:96:20,-70
BLE,1704596916527392954,D3:F4:55:AB:96:20,-52
BLE,1704596916717378168,D3:F4:55:AB:96:20,-66
BLE,1704596916907940538,D3:F4:55:AB:96:20,-52
BLE,1704596917095421879,D3:F4:55:AB:96:20,-67
BLE,1704596917294981171,D3:F4:55:AB:96:20,-63
BLE,1704596917339244584,DF:DF:EE:00:00:04,-55
BLE,1704596917431894837,DF:A6:DC:DC:2E:81,-67
BLE,1704596917431946920,DF:DF:EE:00:00:01,-67
BLE,1704596917682874122,D3:F4:55:AB:96:20,-53
BLE,1704596917871945518,DF:DF:EE:00:00:04,-53
BLE,1704596918070471245,D3:F4:55:AB:96:20,-70
BLE,1704596918337022167,DF:DF:EE:00:00:04,-35
BLE,1704596918460929525,D3:F4:55:AB:96:20,-52
BLE,1704596918845542035,D3:F4:55:AB:96:20,-63
BLE,1704596919039259765,D3:F4:55:AB:96:20,-55
BLE,1704596919997824760,D3:F4:55:AB:96:20,-66
BLE,1704596920150505894,DF:DF:EE:00:00:04,-56
BLE,1704596920194307357,D3:F4:55:AB:96:20,-52
BLE,1704596920958432677,D3:F4:55:AB:96:20,-68
BLE,1704596921613855450,DF:DF:EE:00:00:04,-50
BLE,1704596921732949686,D3:F4:55:AB:96:20,-67
BLE,1704596922152706398,DF:DF:EE:00:00:04,-39
BLE,1704596922519462437,DF:A6:DC:DC:2E:81,-71
BLE,1704596922519504937,DF:DF:EE:00:00:01,-71
BLE,1704596923082942069,D3:F4:55:AB:96:20,-62
BLE,1704596923473536930,D3:F4:55:AB:96:20,-60
BLE,1704596923664216631,D3:F4:55:AB:96:20,-62
BLE,1704596924048095321,D3:F4:55:AB:96:20,-52
BLE,1704596924236787641,D3:F4:55:AB:96:20,-70
BLE,1704596924613030051,DF:DF:EE:00:00:04,-50
BLE,1704596925007463635,D3:F4:55:AB:96:20,-52
BLE,1704596925064174158,DF:A6:DC:DC:2E:81,-68
BLE,1704596925064201283,DF:DF:EE:00:00:01,-68
BLE,1704596925579119786,D3:F4:55:AB:96:20,-82
BLE,1704596925648042965,DF:DF:EE:00:00:04,-44
BLE,1704596925771552998,D3:F4:55:AB:96:20,-68
BLE,1704596926110094793,DF:DF:EE:00:00:04,-50
BLE,1704596926163278505,D3:F4:55:AB:96:20,-67
BLE,1704596926549299490,D3:F4:55:AB:96:20,-68
BLE,1704596926941937189,D3:F4:55:AB:96:20,-88
BLE,1704596927129301116,D3:F4:55:AB:96:20,-67
BLE,1704596927328860658,D3:F4:55:AB:96:20,-84
BLE,1704596927515617721,D3:F4:55:AB:96:20,-52
BLE,1704596927711966695,D3:F4:55:AB:96:20,-68
BLE,1704596928098321424,D3:F4:55:AB:96:20,-67
BLE,1704596928287264823,D3:F4:55:AB:96:20,-69
BLE,1704596928483415717,D3:F4:55:AB:96:20,-52
BLE,1704596928655264631,DF:DF:EE:00:00:04,-55
BLE,1704596928869949901,D3:F4:55:AB:96:20,-70
BLE,1704596929059262376,D3:F4:55:AB:96:20,-63
BLE,1704596929201223161,DF:DF:EE:00:00:04,-66
BLE,1704596929247574120,D3:F4:55:AB:96:20,-67
BLE,1704596929442824197,D3:F4:55:AB:96:20,-63
BLE,1704596929627891582,D3:F4:55:AB:96:20,-67
BLE,1704596929824257931,D3:F4:55:AB:96:20,-58
BLE,1704596930011746731,D3:F4:55:AB:96:20,-52
BLE,1704596930208823817,D3:F4:55:AB:96:20,-68
BLE,1704596930776734202,D3:F4:55:AB:96:20,-52
BLE,1704596930935178399,DF:DF:EE:00:00:04,-64
BLE,1704596930966524711,D3:F4:55:AB:96:20,-71
BLE,1704596931156808044,D3:F4:55:AB:96:20,-82
BLE,1704596931543521725,D3:F4:55:AB:96:20,-52
BLE,1704596931939603237,DF:DF:EE:00:00:04,-51
BLE,1704596932321167552,D3:F4:55:AB:96:20,-69
BLE,1704596932713667171,DF:A6:DC:DC:2E:81,-72
BLE,1704596932713712170,DF:DF:EE:00:00:01,-72
BLE,1704596933089440673,D3:F4:55:AB:96:20,-68
BLE,1704596933471974762,D3:F4:55:AB:96:20,-68
BLE,1704596934244459474,D3:F4:55:AB:96:20,-66
BLE,1704596934749258992,DF:DF:EE:00:00:04,-55
BLE,1704596934813718668,D3:F4:55:AB:96:20,-55
BLE,1704596935205215888,D3:F4:55:AB:96:20,-68
BLE,1704596935209658975,DF:DF:EE:00:00:04,-51
BLE,1704596935395731883,D3:F4:55:AB:96:20,-55
BLE,1704596936160905560,D3:F4:55:AB:96:20,-70
BLE,1704596936545727899,D3:F4:55:AB:96:20,-70
BLE,1704596936927696332,D3:F4:55:AB:96:20,-71
BLE,1704596937901717466,D3:F4:55:AB:96:20,-64
BLE,1704596938089228808,D3:F4:55:AB:96:20,-52
BLE,1704596938211932271,DF:DF:EE:00:00:04,-52
BLE,1704596938284812254,D3:F4:55:AB:96:20,-68
BLE,1704596938470631709,D3:F4:55:AB:96:20,-66
BLE,1704596938660748961,D3:F4:55:AB:96:20,-55
BLE,1704596938853800661,D3:F4:55:AB:96:20,-67
BLE,1704596939047159314,D3:F4:55:AB:96:20,-52
BLE,1704596939234372077,D3:F4:55:AB:96:20,-68
BLE,1704596939250734659,DF:DF:EE:00:00:04,-51
BLE,1704596939429046915,D3:F4:55:AB:96:20,-58
BLE,1704596939619583868,D3:F4:55:AB:96:20,-67
BLE,1704596939709489837,DF:DF:EE:00:00:04,-50
BLE,1704596939812152119,D3:F4:55:AB:96:20,-86
BLE,1704596940005032780,D3:F4:55:AB:96:20,-68
BLE,1704596940246705024,DF:DF:EE:00:00:04,-50
BLE,1704596940713110857,DF:DF:EE:00:00:04,-62
BLE,1704596940968843556,D3:F4:55:AB:96:20,-68
BLE,1704596941748107646,D3:F4:55:AB:96:20,-63
BLE,1704596942132907320,D3:F4:55:AB:96:20,-63
BLE,1704596942246185744,DF:DF:EE:00:00:04,-40
BLE,1704596942321870343,D3:F4:55:AB:96:20,-69
BLE,1704596942511591520,D3:F4:55:AB:96:20,-69
BLE,1704596942707080634,DF:DF:EE:00:00:04,-54
BLE,1704596943099712167,D3:F4:55:AB:96:20,-52
BLE,1704596943287881205,D3:F4:55:AB:96:20,-67
BLE,1704596943480898114,D3:F4:55:AB:96:20,-53
BLE,1704596943669221440,D3:F4:55:AB:96:20,-52
BLE,1704596943861854940,D3:F4:55:AB:96:20,-69
BLE,1704596944245072558,D3:F4:55:AB:96:20,-68
BLE,1704596944706198403,DF:DF:EE:00:00:04,-51
BLE,1704596945245371012,DF:DF:EE:00:00:04,-51
BLE,1704596945708349907,DF:DF:EE:00:00:04,-66
BLE,1704596946164798710,D3:F4:55:AB:96:20,-68
BLE,1704596946544325478,D3:F4:55:AB:96:20,-68
BLE,1704596946929637934,D3:F4:55:AB:96:20,-66
BLE,1704596947119551899,D3:F4:55:AB:96:20,-56
BLE,1704596947496858457,D3:F4:55:AB:96:20,-68
BLE,1704596947885735057,D3:F4:55:AB:96:20,-70
BLE,1704596948659474830,D3:F4:55:AB:96:20,-68
BLE,1704596949520307663,DF:DF:EE:00:00:04,-46
BLE,1704596949802185393,D3:F4:55:AB:96:20,-69
BLE,1704596950523169321,DF:DF:EE:00:00:04,-72
BLE,1704596950570313142,D3:F4:55:AB:96:20,-69
BLE,1704596950960783172,D3:F4:55:AB:96:20,-68
BLE,1704596950980530275,DF:DF:EE:00:00:04,-46
BLE,1704596951150217145,D3:F4:55:AB:96:20,-55
BLE,1704596951532825524,D3:F4:55:AB:96:20,-70
BLE,1704596951534168208,D3:F4:55:AB:96:20,-69
BLE,1704596951725915140,D3:F4:55:AB:96:20,-52
BLE,1704596951812791205,DF:A6:DC:DC:2E:81,-73
BLE,1704596951812818913,DF:DF:EE:00:00:01,-73
BLE,1704596951917681072,D3:F4:55:AB:96:20,-68
BLE,1704596952255421424,DF:DF:EE:00:00:04,-40
BLE,1704596952294695302,D3:F4:55:AB:96:20,-71
BLE,1704596952678063876,D3:F4:55:AB:96:20,-71
BLE,1704596953788629308,DF:DF:EE:00:00:04,-65
BLE,1704596954234104975,D3:F4:55:AB:96:20,-63
BLE,1704596954250032856,DF:DF:EE:00:00:04,-52
BLE,1704596954355561378,DF:A6:DC:DC:2E:81,-59
BLE,1704596954355597335,DF:DF:EE:00:00:01,-59
BLE,1704596955249684822,DF:DF:EE:00:00:04,-39
BLE,1704596955383251382,D3:F4:55:AB:96:20,-63
BLE,1704596955579639355,D3:F4:55:AB:96:20,-71
BLE,1704596955790893228,DF:DF:EE:00:00:04,-63
BLE,1704596955969633894,D3:F4:55:AB:96:20,-69
BLE,1704596956547037150,D3:F4:55:AB:96:20,-71
BLE,1704596956739753231,D3:F4:55:AB:96:20,-52
BLE,1704596957131207493,D3:F4:55:AB:96:20,-70
BLE,1704596957252476732,DF:DF:EE:00:00:04,-50
BLE,1704596957793261105,DF:DF:EE:00:00:04,-72
BLE,1704596957906609069,D3:F4:55:AB:96:20,-63
BLE,1704596958289060577,D3:F4:55:AB:96:20,-68
BLE,1704596958675770466,D3:F4:55:AB:96:20,-66
BLE,1704596959639414828,D3:F4:55:AB:96:20,-69
BLE,1704596959826306639,D3:F4:55:AB:96:20,-58
BLE,1704596960019191675,DF:DF:EE:00:00:04,-55
BLE,1704596960607301448,D3:F4:55:AB:96:20,-69
BLE,1704596960802181282,D3:F4:55:AB:96:20,-55
BLE,1704596960996321962,D3:F4:55:AB:96:20,-52
BLE,1704596961019665210,DF:DF:EE:00:00:04,-45
BLE,1704596961187995395,D3:F4:55:AB:96:20,-67
BLE,1704596961382281573,D3:F4:55:AB:96:20,-55
BLE,1704596961567112212,DF:DF:EE:00:00:04,-52
BLE,1704596961762312207,D3:F4:55:AB:96:20,-52
BLE,1704596962342372458,D3:F4:55:AB:96:20,-68
BLE,1704596962537796448,D3:F4:55:AB:96:20,-52
BLE,1704596962927744821,D3:F4:55:AB:96:20,-67
BLE,1704596963018065907,DF:DF:EE:00:00:04,-36
BLE,1704596963312779407,D3:F4:55:AB:96:20,-66
BLE,1704596963507147458,D3:F4:55:AB:96:20,-53
BLE,1704596964025430485,DF:DF:EE:00:00:04,-55
BLE,1704596964087371664,D3:F4:55:AB:96:20,-70
BLE,1704596964475499444,D3:F4:55:AB:96:20,-68
BLE,1704596964857959327,D3:F4:55:AB:96:20,-63
BLE,1704596965242300133,D3:F4:55:AB:96:20,-52
BLE,1704596965291341211,DF:DF:EE:00:00:04,-51
BLE,1704596965428559164,D3:F4:55:AB:96:20,-66
BLE,1704596966005964170,D3:F4:55:AB:96:20,-68
BLE,1704596966580773973,D3:F4:55:AB:96:20,-55
BLE,1704596966967071120,D3:F4:55:AB:96:20,-55
BLE,1704596967112417968,DF:DF:EE:00:00:04,-35
BLE,1704596967342348631,D3:F4:55:AB:96:20,-63
BLE,1704596967722031063,D3:F4:55:AB:96:20,-67
BLE,1704596968503054788,D3:F4:55:AB:96:20,-69
BLE,1704596968577166040,DF:DF:EE:00:00:04,-52
BLE,1704596968690521880,D3:F4:55:AB:96:20,-64
BLE,1704596968880335096,D3:F4:55:AB:96:20,-72
BLE,1704596968881621698,D3:F4:55:AB:96:20,-69
BLE,1704596969269555065,D3:F4:55:AB:96:20,-69
BLE,1704596969573367276,DF:DF:EE:00:00:04,-52
BLE,1704596969634202476,DF:A6:DC:DC:2E:81,-72
BLE,1704596969634224059,DF:DF:EE:00:00:01,-72
BLE,1704596970436358613,D3:F4:55:AB:96:20,-66
BLE,1704596970632956958,D3:F4:55:AB:96:20,-66
BLE,1704596970825979741,D3:F4:55:AB:96:20,-53
BLE,1704596971204794814,D3:F4:55:AB:96:20,-69
BLE,1704596971397727641,D3:F4:55:AB:96:20,-61
BLE,1704596971785224100,D3:F4:55:AB:96:20,-68
BLE,1704596972557295444,D3:F4:55:AB:96:20,-66
BLE,1704596973517020293,D3:F4:55:AB:96:20,-69
BLE,1704596973901853508,D3:F4:55:AB:96:20,-68
BLE,1704596974088584654,D3:F4:55:AB:96:20,-67
BLE,1704596974667427885,DF:DF:EE:00:00:04,-55
BLE,1704596974718061059,DF:A6:DC:DC:2E:81,-58
BLE,1704596974718102308,DF:DF:EE:00:00:01,-58
BLE,1704596974870692902,D3:F4:55:AB:96:20,-63
BLE,1704596975064840902,D3:F4:55:AB:96:20,-55
BLE,1704596975452558296,D3:F4:55:AB:96:20,-63
BLE,1704596975837338390,D3:F4:55:AB:96:20,-52
BLE,1704596975949251545,DF:DF:EE:00:00:04,-55
BLE,1704596976033174162,D3:F4:55:AB:96:20,-55
BLE,1704596976409938584,D3:F4:55:AB:96:20,-66
BLE,1704596976797287655,D3:F4:55:AB:96:20,-70
BLE,1704596977216163340,DF:DF:EE:00:00:04,-65
BLE,1704596977757082590,D3:F4:55:AB:96:20,-52
BLE,1704596977950309095,D3:F4:55:AB:96:20,-57
BLE,1704596978145776751,D3:F4:55:AB:96:20,-70
BLE,1704596978217800628,DF:DF:EE:00:00:04,-53
BLE,1704596978335842836,D3:F4:55:AB:96:20,-52
BLE,1704596978910090697,D3:F4:55:AB:96:20,-70
BLE,1704596979489310806,DF:DF:EE:00:00:04,-34
BLE,1704596979880393823,D3:F4:55:AB:96:20,-70
BLE,1704596980069725761,D3:F4:55:AB:96:20,-63
BLE,1704596980256009109,D3:F4:55:AB:96:20,-67
BLE,1704596980641859592,D3:F4:55:AB:96:20,-70
BLE,1704596980837238917,D3:F4:55:AB:96:20,-83
BLE,1704596981035133761,D3:F4:55:AB:96:20,-83
BLE,1704596981422366376,D3:F4:55:AB:96:20,-52
BLE,1704596982382195686,D3:F4:55:AB:96:20,-69
BLE,1704596983347038867,D3:F4:55:AB:96:20,-55
BLE,1704596983539627180,D3:F4:55:AB:96:20,-81
BLE,1704596983583193448,DF:DF:EE:00:00:04,-51
BLE,1704596983734651681,D3:F4:55:AB:96:20,-67
BLE,1704596984042336985,DF:DF:EE:00:00:04,-68
BLE,1704596984122433657,D3:F4:55:AB:96:20,-66
BLE,1704596984885125894,D3:F4:55:AB:96:20,-68
BLE,1704596985037130572,DF:DF:EE:00:00:04,-55
BLE,1704596985079789279,D3:F4:55:AB:96:20,-53
BLE,1704596985273165613,D3:F4:55:AB:96:20,-67
BLE,1704596985578050155,DF:DF:EE:00:00:04,-39
BLE,1704596986040004412,D3:F4:55:AB:96:20,-67
BLE,1704596986428635783,D3:F4:55:AB:96:20,-70
BLE,1704596986994995094,D3:F4:55:AB:96:20,-53
BLE,1704596987044290091,DF:DF:EE:00:00:04,-55
BLE,1704596987185570833,D3:F4:55:AB:96:20,-66
BLE,1704596987963409852,D3:F4:55:AB:96:20,-69
BLE,1704596988149709241,D3:F4:55:AB:96:20,-52
BLE,1704596988731614991,D3:F4:55:AB:96:20,-63
BLE,1704596989117290770,D3:F4:55:AB:96:20,-52
BLE,1704596989312195899,D3:F4:55:AB:96:20,-52
BLE,1704596989503861360,D3:F4:55:AB:96:20,-53
BLE,1704596989883482544,D3:F4:55:AB:96:20,-62
BLE,1704596990074886220,D3:F4:55:AB:96:20,-70
BLE,1704596990452635992,D3:F4:55:AB:96:20,-70
BLE,1704596990580149126,DF:DF:EE:00:00:04,-35
BLE,1704596990643936546,D3:F4:55:AB:96:20,-66
BLE,1704596991121289287,DF:DF:EE:00:00:04,-46
BLE,1704596991213425653,D3:F4:55:AB:96:20,-52
BLE,1704596991402417140,D3:F4:55:AB:96:20,-71
BLE,1704596991588004673,DF:DF:EE:00:00:04,-51
BLE,1704596991777070658,D3:F4:55:AB:96:20,-69
BLE,1704596992540858576,D3:F4:55:AB:96:20,-52
BLE,1704596992732318459,D3:F4:55:AB:96:20,-69
BLE,1704596992867242904,DF:DF:EE:00:00:04,-63
BLE,1704596993407332175,DF:DF:EE:00:00:04,-76
BLE,1704596993506064040,D3:F4:55:AB:96:20,-66
BLE,1704596994094668370,D3:F4:55:AB:96:20,-52
BLE,1704596994471961529,D3:F4:55:AB:96:20,-67
BLE,1704596994669424884,D3:F4:55:AB:96:20,-66
BLE,1704596995058000840,D3:F4:55:AB:96:20,-52
BLE,1704596995082172267,DF:A6:DC:DC:2E:81,-58
BLE,1704596995082188975,DF:DF:EE:00:00:01,-58
BLE,1704596995247006744,D3:F4:55:AB:96:20,-70
BLE,1704596995441480300,D3:F4:55:AB:96:20,-66
BLE,1704596995832347323,D3:F4:55:AB:96:20,-55
BLE,1704596996217011044,D3:F4:55:AB:96:20,-55
BLE,1704596996672131933,DF:DF:EE:00:00:04,-39
BLE,1704596996982241259,D3:F4:55:AB:96:20,-55
BLE,1704596997362928082,D3:F4:55:AB:96:20,-71
BLE,1704596997559100387,D3:F4:55:AB:96:20,-63
BLE,1704596997752211019,D3:F4:55:AB:96:20,-68
BLE,1704596997945419775,D3:F4:55:AB:96:20,-70
BLE,1704596998135300031,D3:F4:55:AB:96:20,-72
BLE,1704596998327982217,D3:F4:55:AB:96:20,-55
BLE,1704596998515946605,D3:F4:55:AB:96:20,-68
BLE,1704596998707394030,D3:F4:55:AB:96:20,-52
BLE,1704596998901361016,D3:F4:55:AB:96:20,-68
BLE,1704596999089041120,D3:F4:55:AB:96:20,-52
BLE,1704596999282950816,D3:F4:55:AB:96:20,-69
BLE,1704596999671517230,D3:F4:55:AB:96:20,-66
BLE,1704596999689606937,DF:DF:EE:00:00:04,-40
BLE,1704596999867363669,D3:F4:55:AB:96:20,-68
BLE,1704597000063584681,D3:F4:55:AB:96:20,-55
BLE,1704597000232720090,DF:DF:EE:00:00:04,-44
BLE,1704597000252620834,D3:F4:55:AB:96:20,-68
BLE,1704597000634124719,D3:F4:55:AB:96:20,-63
BLE,1704597000693507710,DF:DF:EE:00:00:04,-65
BLE,1704597000820062242,D3:F4:55:AB:96:20,-52
BLE,1704597001013413244,D3:F4:55:AB:96:20,-69
BLE,1704597001200917686,D3:F4:55:AB:96:20,-81
BLE,1704597001397288819,D3:F4:55:AB:96:20,-68
BLE,1704597001789292646,D3:F4:55:AB:96:20,-68
BLE,1704597001961516185,DF:DF:EE:00:00:04,-39
BLE,1704597001985324413,D3:F4:55:AB:96:20,-68
BLE,1704597002177017998,D3:F4:55:AB:96:20,-55
BLE,1704597002504069935,DF:DF:EE:00:00:04,-45
BLE,1704597003520668468,D3:F4:55:AB:96:20,-67
BLE,1704597003712301138,D3:F4:55:AB:96:20,-63
BLE,1704597004100130946,D3:F4:55:AB:96:20,-69
BLE,1704597004292397392,D3:F4:55:AB:96:20,-55
BLE,1704597004684587589,D3:F4:55:AB:96:20,-68
BLE,1704597004958899449,DF:DF:EE:00:00:04,-35
BLE,1704597005066383217,D3:F4:55:AB:96:20,-68
BLE,1704597005837390118,D3:F4:55:AB:96:20,-66
BLE,1704597006030633414,D3:F4:55:AB:96:20,-89
BLE,1704597006413800257,D3:F4:55:AB:96:20,-52
BLE,1704597006503641057,DF:DF:EE:00:00:04,-55
BLE,1704597006608399227,D3:F4:55:AB:96:20,-55
BLE,1704597006803839551,D3:F4:55:AB:96:20,-68
BLE,1704597008156171841,D3:F4:55:AB:96:20,-65
BLE,1704597009304938181,D3:F4:55:AB:96:20,-58
BLE,1704597009459962365,DF:DF:EE:00:00:04,-45
BLE,1704597010262891538,D3:F4:55:AB:96:20,-68
BLE,1704597011227648930,D3:F4:55:AB:96:20,-69
BLE,1704597011739326548,DF:DF:EE:00:00:04,-50
BLE,1704597012001138268,D3:F4:55:AB:96:20,-52
BLE,1704597012387395533,D3:F4:55:AB:96:20,-66
BLE,1704597012776871299,D3:F4:55:AB:96:20,-55
BLE,1704597012974415486,D3:F4:55:AB:96:20,-70
BLE,1704597013016132342,DF:DF:EE:00:00:04,-45
BLE,1704597013358546304,D3:F4:55:AB:96:20,-70
BLE,1704597013744950148,D3:F4:55:AB:96:20,-71
BLE,1704597014292224112,DF:DF:EE:00:00:04,-63
BLE,1704597014316724489,D3:F4:55:AB:96:20,-67
BLE,1704597014831166370,DF:DF:EE:00:00:04,-55
BLE,1704597014892175986,D3:F4:55:AB:96:20,-71
BLE,1704597015085391574,D3:F4:55:AB:96:20,-52
BLE,1704597015282472606,D3:F4:55:AB:96:20,-63
BLE,1704597016241211026,D3:F4:55:AB:96:20,-71
BLE,1704597016432443832,D3:F4:55:AB:96:20,-65
BLE,1704597016626617271,D3:F4:55:AB:96:20,-63
BLE,1704597017598556439,D3:F4:55:AB:96:20,-63
BLE,1704597017840539955,DF:DF:EE:00:00:04,-37
BLE,1704597017984805329,D3:F4:55:AB:96:20,-52
BLE,1704597018006998557,DF:A6:DC:DC:2E:81,-72
BLE,1704597018007020764,DF:DF:EE:00:00:01,-72
BLE,1704597018767771134,D3:F4:55:AB:96:20,-53
BLE,1704597018842597982,DF:DF:EE:00:00:04,-34
BLE,1704597018957541102,D3:F4:55:AB:96:20,-52
BLE,1704597019541837041,D3:F4:55:AB:96:20,-57
BLE,1704597020117070002,DF:DF:EE:00:00:04,-39
BLE,1704597020126721673,D3:F4:55:AB:96:20,-52
BLE,1704597020318190597,D3:F4:55:AB:96:20,-69
BLE,1704597020512398244,D3:F4:55:AB:96:20,-55
BLE,1704597020550886099,DF:A6:DC:DC:2E:81,-64
BLE,1704597020550933848,DF:DF:EE:00:00:01,-64
BLE,1704597021091132449,D3:F4:55:AB:96:20,-62
BLE,1704597021289992019,D3:F4:55:AB:96:20,-69
BLE,1704597021477890576,D3:F4:55:AB:96:20,-52
BLE,1704597021479357997,D3:F4:55:AB:96:20,-55
BLE,1704597021674247418,D3:F4:55:AB:96:20,-52
BLE,1704597021924575346,DF:DF:EE:00:00:04,-45
BLE,1704597022063159907,D3:F4:55:AB:96:20,-53
BLE,1704597022388327641,DF:DF:EE:00:00:04,-56
BLE,1704597022454994071,D3:F4:55:AB:96:20,-52
BLE,1704597022649322340,D3:F4:55:AB:96:20,-55
BLE,1704597022840841721,D3:F4:55:AB:96:20,-52
BLE,1704597022929730462,DF:DF:EE:00:00:04,-55
BLE,1704597023388737169,DF:DF:EE:00:00:04,-51
BLE,1704597023609821715,D3:F4:55:AB:96:20,-52
BLE,1704597023996027898,D3:F4:55:AB:96:20,-67
BLE,1704597024578338929,D3:F4:55:AB:96:20,-63
BLE,1704597024934774452,DF:DF:EE:00:00:04,-65
BLE,1704597025349982980,D3:F4:55:AB:96:20,-69
BLE,1704597025929668953,DF:DF:EE:00:00:04,-45
BLE,1704597025936769772,D3:F4:55:AB:96:20,-55
BLE,1704597026321575824,D3:F4:55:AB:96:20,-70
BLE,1704597026395692148,DF:DF:EE:00:00:04,-40
BLE,1704597026708280410,D3:F4:55:AB:96:20,-68
BLE,1704597026926350534,DF:DF:EE:00:00:04,-53
BLE,1704597026996519917,DF:DF:EE:00:00:04,-52
BLE,1704597027092555642,D3:F4:55:AB:96:20,-67
BLE,1704597027475165000,D3:F4:55:AB:96:20,-69
BLE,1704597027857597195,D3:F4:55:AB:96:20,-69
BLE,1704597028233765091,D3:F4:55:AB:96:20,-70
BLE,1704597028621249741,D3:F4:55:AB:96:20,-69
BLE,1704597029004070926,D3:F4:55:AB:96:20,-69
BLE,1704597029576499083,D3:F4:55:AB:96:20,-52
BLE,1704597030154954004,D3:F4:55:AB:96:20,-68
BLE,1704597030349976880,D3:F4:55:AB:96:20,-70
BLE,1704597030729839599,D3:F4:55:AB:96:20,-71
BLE,1704597031301373570,D3:F4:55:AB:96:20,-58
BLE,1704597031489290877,D3:F4:55:AB:96:20,-66
BLE,1704597031685000652,D3:F4:55:AB:96:20,-69
BLE,1704597032251059304,D3:F4:55:AB:96:20,-66
BLE,1704597032642423689,D3:F4:55:AB:96:20,-70
BLE,1704597032708749669,DF:DF:EE:00:00:04,-53
BLE,1704597033265113527,DF:A6:DC:DC:2E:81,-72
BLE,1704597033265178567,DF:DF:EE:00:00:01,-72
BLE,1704597033410183797,D3:F4:55:AB:96:20,-55
BLE,1704597033707467449,DF:DF:EE:00:00:04,-55
BLE,1704597033791101573,D3:F4:55:AB:96:20,-71
BLE,1704597033980158475,D3:F4:55:AB:96:20,-63
BLE,1704597034175031355,D3:F4:55:AB:96:20,-55
BLE,1704597034367599210,D3:F4:55:AB:96:20,-66
BLE,1704597035246802027,DF:DF:EE:00:00:04,-51
BLE,1704597036687502154,D3:F4:55:AB:96:20,-66
BLE,1704597036992347446,DF:DF:EE:00:00:04,-56
BLE,1704597037088537210,DF:A6:DC:DC:2E:81,-69
BLE,1704597037088571792,DF:DF:EE:00:00:01,-69
BLE,1704597037269026663,D3:F4:55:AB:96:20,-66
BLE,1704597037855145764,D3:F4:55:AB:96:20,-66
BLE,1704597039779869171,D3:F4:55:AB:96:20,-52
BLE,1704597039802322933,DF:DF:EE:00:00:04,-50
BLE,1704597039975542822,D3:F4:55:AB:96:20,-55
BLE,1704597040259835220,DF:DF:EE:00:00:04,-52
BLE,1704597040366995287,D3:F4:55:AB:96:20,-63
BLE,1704597040554660184,D3:F4:55:AB:96:20,-52
BLE,1704597041141197274,D3:F4:55:AB:96:20,-52
BLE,1704597041528247685,D3:F4:55:AB:96:20,-55
BLE,1704597041532179502,DF:DF:EE:00:00:04,-47
BLE,1704597041719662111,D3:F4:55:AB:96:20,-68
BLE,1704597042074474091,DF:DF:EE:00:00:04,-39
BLE,1704597042287444303,D3:F4:55:AB:96:20,-65
BLE,1704597042480810971,D3:F4:55:AB:96:20,-63
BLE,1704597042532376202,DF:DF:EE:00:00:04,-50
BLE,1704597042671065968,D3:F4:55:AB:96:20,-57
BLE,1704597043254345016,D3:F4:55:AB:96:20,-65
BLE,1704597044018433884,D3:F4:55:AB:96:20,-63
BLE,1704597044212232249,D3:F4:55:AB:96:20,-63
BLE,1704597044535207456,DF:DF:EE:00:00:04,-46
BLE,1704597044978253194,D3:F4:55:AB:96:20,-63
BLE,1704597045168418276,D3:F4:55:AB:96:20,-52
BLE,1704597045361127253,D3:F4:55:AB:96:20,-68
BLE,1704597045552038191,D3:F4:55:AB:96:20,-52
BLE,1704597045743383911,D3:F4:55:AB:96:20,-52
BLE,1704597045811286851,DF:DF:EE:00:00:04,-39
BLE,1704597045938273956,D3:F4:55:AB:96:20,-55
BLE,1704597046324082441,D3:F4:55:AB:96:20,-70
BLE,1704597046352376888,DF:DF:EE:00:00:04,-39
BLE,1704597046702010417,D3:F4:55:AB:96:20,-70
BLE,1704597046811301764,DF:DF:EE:00:00:04,-46
BLE,1704597046890806660,D3:F4:55:AB:96:20,-89
BLE,1704597047083974291,D3:F4:55:AB:96:20,-55
BLE,1704597047276075449,D3:F4:55:AB:96:20,-52
BLE,1704597048809876460,D3:F4:55:AB:96:20,-67
BLE,1704597049807571640,DF:DF:EE:00:00:04,-52
BLE,1704597049821817236,DF:A6:DC:DC:2E:81,-72
BLE,1704597049821849485,DF:DF:EE:00:00:01,-72
BLE,1704597049961834385,D3:F4:55:AB:96:20,-68
BLE,1704597050345128017,D3:F4:55:AB:96:20,-52
BLE,1704597050540016688,D3:F4:55:AB:96:20,-69
BLE,1704597051689981747,D3:F4:55:AB:96:20,-63
BLE,1704597051853213598,DF:DF:EE:00:00:04,-52
BLE,1704597052313927178,DF:DF:EE:00:00:04,-56
BLE,1704597052663154551,D3:F4:55:AB:96:20,-66
BLE,1704597053051311809,D3:F4:55:AB:96:20,-71
BLE,1704597053640755075,D3:F4:55:AB:96:20,-63
BLE,1704597053850124836,DF:DF:EE:00:00:04,-35
BLE,1704597054317481747,DF:DF:EE:00:00:04,-55
BLE,1704597054415837331,D3:F4:55:AB:96:20,-52
BLE,1704597054998358773,D3:F4:55:AB:96:20,-62
BLE,1704597055197619833,D3:F4:55:AB:96:20,-61
BLE,1704597055583442650,DF:DF:EE:00:00:04,-51
BLE,1704597056123332343,DF:DF:EE:00:00:04,-50
BLE,1704597056592601497,DF:DF:EE:00:00:04,-51
BLE,1704597057129439142,DF:DF:EE:00:00:04,-39
BLE,1704597057590089307,DF:DF:EE:00:00:04,-50
BLE,1704597057895370130,D3:F4:55:AB:96:20,-68
BLE,1704597058123288837,DF:DF:EE:00:00:04,-55
BLE,1704597058275801501,D3:F4:55:AB:96:20,-52
BLE,1704597059120103164,DF:DF:EE:00:00:04,-51
BLE,1704597059589599855,DF:DF:EE:00:00:04,-51
BLE,1704597059812430273,D3:F4:55:AB:96:20,-66
BLE,1704597061130232066,DF:DF:EE:00:00:04,-37
BLE,1704597061548835759,D3:F4:55:AB:96:20,-68
BLE,1704597061931985269,D3:F4:55:AB:96:20,-63
BLE,1704597062517528510,D3:F4:55:AB:96:20,-52
BLE,1704597063278182340,D3:F4:55:AB:96:20,-53
BLE,1704597063854834723,D3:F4:55:AB:96:20,-63
BLE,1704597063899963285,DF:DF:EE:00:00:04,-55
BLE,1704597064044842435,D3:F4:55:AB:96:20,-66
BLE,1704597064241628391,D3:F4:55:AB:96:20,-66
BLE,1704597064358579751,DF:DF:EE:00:00:04,-64
BLE,1704597064823413394,D3:F4:55:AB:96:20,-63
BLE,1704597065009350250,D3:F4:55:AB:96:20,-62
BLE,1704597065201847732,D3:F4:55:AB:96:20,-70
BLE,1704597065636804175,DF:DF:EE:00:00:04,-40
BLE,1704597065786300750,D3:F4:55:AB:96:20,-55
BLE,1704597065977197356,D3:F4:55:AB:96:20,-67
BLE,1704597066170137993,D3:F4:55:AB:96:20,-55
BLE,1704597066744635473,D3:F4:55:AB:96:20,-52
BLE,1704597066933698333,D3:F4:55:AB:96:20,-55
BLE,1704597067129391150,D3:F4:55:AB:96:20,-52
BLE,1704597067907748989,D3:F4:55:AB:96:20,-68
BLE,1704597068289856610,D3:F4:55:AB:96:20,-68
BLE,1704597068485247684,D3:F4:55:AB:96:20,-55
BLE,1704597068911321812,DF:DF:EE:00:00:04,-36
BLE,1704597069062312182,D3:F4:55:AB:96:20,-52
BLE,1704597070186444773,DF:A6:DC:DC:2E:81,-73
BLE,1704597070186510480,DF:DF:EE:00:00:01,-73
BLE,1704597070795805658,D3:F4:55:AB:96:20,-67
BLE,1704597071177494039,D3:F4:55:AB:96:20,-53
BLE,1704597071447146267,DF:DF:EE:00:00:04,-45
BLE,1704597071557373257,D3:F4:55:AB:96:20,-68
BLE,1704597071750057526,D3:F4:55:AB:96:20,-61
BLE,1704597071913367416,DF:DF:EE:00:00:04,-62
BLE,1704597072731411788,DF:A6:DC:DC:2E:81,-72
BLE,1704597072731472203,DF:DF:EE:00:00:01,-72
BLE,1704597073095710319,D3:F4:55:AB:96:20,-55
BLE,1704597074684685969,DF:DF:EE:00:00:04,-45
BLE,1704597075217519049,D3:F4:55:AB:96:20,-69
BLE,1704597075271288557,DF:A6:DC:DC:2E:81,-72
BLE,1704597075271319723,DF:DF:EE:00:00:01,-72
BLE,1704597075408797812,D3:F4:55:AB:96:20,-66
BLE,1704597075798728775,D3:F4:55:AB:96:20,-70
BLE,1704597075961878877,DF:DF:EE:00:00:04,-50
BLE,1704597075990698061,D3:F4:55:AB:96:20,-64
BLE,1704597076187443185,D3:F4:55:AB:96:20,-53
BLE,1704597076377704932,D3:F4:55:AB:96:20,-66
BLE,1704597076959759219,D3:F4:55:AB:96:20,-62
BLE,1704597077153622416,D3:F4:55:AB:96:20,-68
BLE,1704597077344663768,D3:F4:55:AB:96:20,-66
BLE,1704597077538680920,D3:F4:55:AB:96:20,-68
BLE,1704597078310117643,D3:F4:55:AB:96:20,-66
BLE,1704597078877286434,D3:F4:55:AB:96:20,-55
BLE,1704597079837217032,D3:F4:55:AB:96:20,-52
BLE,1704597080056717494,DF:DF:EE:00:00:04,-56
BLE,1704597080512532032,DF:DF:EE:00:00:04,-50
BLE,1704597080607523159,D3:F4:55:AB:96:20,-68
BLE,1704597081056423082,DF:DF:EE:00:00:04,-51
BLE,1704597081191551647,D3:F4:55:AB:96:20,-68
BLE,1704597082057104269,DF:DF:EE:00:00:04,-55
BLE,1704597082520114166,DF:DF:EE:00:00:04,-50
BLE,1704597082719923920,D3:F4:55:AB:96:20,-52
BLE,1704597082901308059,DF:A6:DC:DC:2E:81,-72
BLE,1704597082901348642,DF:DF:EE:00:00:01,-72
BLE,1704597083104224485,D3:F4:55:AB:96:20,-68
BLE,1704597083483687922,D3:F4:55:AB:96:20,-66
BLE,1704597083865159850,D3:F4:55:AB:96:20,-66
BLE,1704597084249015717,D3:F4:55:AB:96:20,-67
BLE,1704597084439398794,D3:F4:55:AB:96:20,-55
BLE,1704597084629926159,D3:F4:55:AB:96:20,-67
BLE,1704597084821328002,D3:F4:55:AB:96:20,-70
BLE,1704597085012462685,D3:F4:55:AB:96:20,-52
BLE,1704597085201597211,D3:F4:55:AB:96:20,-70
BLE,1704597085583681415,D3:F4:55:AB:96:20,-55
BLE,1704597085829841491,DF:DF:EE:00:00:04,-52
BLE,1704597085977292326,D3:F4:55:AB:96:20,-69
BLE,1704597086168206139,D3:F4:55:AB:96:20,-70
BLE,1704597086933522685,D3:F4:55:AB:96:20,-71
BLE,1704597087285866478,DF:DF:EE:00:00:04,-51
BLE,1704597087322607711,D3:F4:55:AB:96:20,-52
BLE,1704597087512079311,D3:F4:55:AB:96:20,-52
BLE,1704597087710347021,D3:F4:55:AB:96:20,-53
BLE,1704597087827572583,DF:DF:EE:00:00:04,-40
BLE,1704597088673042258,D3:F4:55:AB:96:20,-53
BLE,1704597088864930130,D3:F4:55:AB:96:20,-68
BLE,1704597089448418214,D3:F4:55:AB:96:20,-52
BLE,1704597089827614408,DF:DF:EE:00:00:04,-51
BLE,1704597090586402120,D3:F4:55:AB:96:20,-68
BLE,1704597090776718240,D3:F4:55:AB:96:20,-73
BLE,1704597090894004051,DF:DF:EE:00:00:04,-52
BLE,1704597090967015111,D3:F4:55:AB:96:20,-70
BLE,1704597091351731873,D3:F4:55:AB:96:20,-68
BLE,1704597091538969614,D3:F4:55:AB:96:20,-53
BLE,1704597091923584837,D3:F4:55:AB:96:20,-63
BLE,1704597092500209721,D3:F4:55:AB:96:20,-63
BLE,1704597092887075595,D3:F4:55:AB:96:20,-67
BLE,1704597093332523271,DF:DF:EE:00:00:04,-55
BLE,1704597093454748581,D3:F4:55:AB:96:20,-52
BLE,1704597093645083326,D3:F4:55:AB:96:20,-68
BLE,1704597093834745130,D3:F4:55:AB:96:20,-53
BLE,1704597094220389493,D3:F4:55:AB:96:20,-53
BLE,1704597094351378955,DF:A6:DC:DC:2E:81,-58
BLE,1704597094351424162,DF:DF:EE:00:00:01,-58
BLE,1704597094596911380,DF:DF:EE:00:00:04,-50
BLE,1704597094803382382,D3:F4:55:AB:96:20,-66
BLE,1704597095144410880,DF:DF:EE:00:00:04,-53
BLE,1704597095597379532,DF:DF:EE:00:00:04,-52
BLE,1704597095770327385,D3:F4:55:AB:96:20,-63
BLE,1704597096151914644,D3:F4:55:AB:96:20,-66
BLE,1704597096929269967,D3:F4:55:AB:96:20,-91
BLE,1704597097137942954,DF:DF:EE:00:00:04,-55
BLE,1704597097494609179,D3:F4:55:AB:96:20,-52
BLE,1704597098066178608,D3:F4:55:AB:96:20,-57
BLE,1704597099139613154,DF:DF:EE:00:00:04,-55
BLE,1704597099439512323,DF:A6:DC:DC:2E:81,-72
BLE,1704597099439560030,DF:DF:EE:00:00:01,-72
BLE,1704597099792987879,D3:F4:55:AB:96:20,-68
BLE,1704597100173584204,D3:F4:55:AB:96:20,-68
BLE,1704597100873360541,DF:DF:EE:00:00:04,-63
BLE,1704597101330721081,D3:F4:55:AB:96:20,-66
BLE,1704597101905737922,D3:F4:55:AB:96:20,-53
BLE,1704597102487622256,D3:F4:55:AB:96:20,-69
BLE,1704597102678280284,D3:F4:55:AB:96:20,-52
BLE,1704597102874540337,D3:F4:55:AB:96:20,-63
BLE,1704597103145531365,DF:DF:EE:00:00:04,-56
BLE,1704597103443736535,D3:F4:55:AB:96:20,-67
BLE,1704597104144393099,DF:DF:EE:00:00:04,-40
BLE,1704597104416744551,D3:F4:55:AB:96:20,-70
BLE,1704597104688693471,DF:DF:EE:00:00:04,-53
BLE,1704597104794035668,D3:F4:55:AB:96:20,-67
BLE,1704597104989862315,D3:F4:55:AB:96:20,-52
BLE,1704597105145882099,DF:DF:EE:00:00:04,-68
BLE,1704597105379135253,D3:F4:55:AB:96:20,-67
BLE,1704597107298730790,D3:F4:55:AB:96:20,-70
BLE,1704597107686661471,D3:F4:55:AB:96:20,-63
BLE,1704597108685338834,DF:DF:EE:00:00:04,-34
BLE,1704597109040775257,D3:F4:55:AB:96:20,-63
BLE,1704597109223854812,DF:DF:EE:00:00:04,-50
BLE,1704597109813245288,D3:F4:55:AB:96:20,-53
BLE,1704597110206128467,D3:F4:55:AB:96:20,-69
BLE,1704597110585938687,D3:F4:55:AB:96:20,-55
BLE,1704597110687783307,DF:DF:EE:00:00:04,-51
BLE,1704597111363254094,D3:F4:55:AB:96:20,-67
BLE,1704597111752454618,D3:F4:55:AB:96:20,-55
BLE,1704597112136379858,D3:F4:55:AB:96:20,-70
BLE,1704597112234311077,DF:DF:EE:00:00:04,-56
BLE,1704597112526994054,D3:F4:55:AB:96:20,-68
BLE,1704597112685894389,DF:DF:EE:00:00:04,-50
BLE,1704597112909488789,D3:F4:55:AB:96:20,-52
BLE,1704597113099879699,D3:F4:55:AB:96:20,-55
BLE,1704597113476689079,D3:F4:55:AB:96:20,-62
BLE,1704597113667521353,D3:F4:55:AB:96:20,-72
BLE,1704597113858691243,D3:F4:55:AB:96:20,-62
BLE,1704597114243733372,D3:F4:55:AB:96:20,-68
BLE,1704597114622242501,D3:F4:55:AB:96:20,-53
BLE,1704597115008693385,D3:F4:55:AB:96:20,-62
BLE,1704597115399203750,D3:F4:55:AB:96:20,-70
BLE,1704597115590677341,D3:F4:55:AB:96:20,-52
BLE,1704597116167601676,D3:F4:55:AB:96:20,-69
BLE,1704597116752465558,D3:F4:55:AB:96:20,-69
BLE,1704597116777207179,DF:DF:EE:00:00:04,-40
BLE,1704597116945716854,D3:F4:55:AB:96:20,-63
BLE,1704597117142485811,D3:F4:55:AB:96:20,-66
BLE,1704597117237014491,DF:DF:EE:00:00:04,-45
BLE,1704597117257018233,DF:A6:DC:DC:2E:81,-58
BLE,1704597117257050398,DF:DF:EE:00:00:01,-58
BLE,1704597117528797074,D3:F4:55:AB:96:20,-66
BLE,1704597117918510501,D3:F4:55:AB:96:20,-70
BLE,1704597118109836637,D3:F4:55:AB:96:20,-66
BLE,1704597118300064718,D3:F4:55:AB:96:20,-60
BLE,1704597120053930135,DF:DF:EE:00:00:04,-52
BLE,1704597120202681812,D3:F4:55:AB:96:20,-68
BLE,1704597121514924329,DF:DF:EE:00:00:04,-42
BLE,1704597121554626570,D3:F4:55:AB:96:20,-52
BLE,1704597122130375976,D3:F4:55:AB:96:20,-69
BLE,1704597122514604959,D3:F4:55:AB:96:20,-58
BLE,1704597122701426793,D3:F4:55:AB:96:20,-63
BLE,1704597123049011499,DF:DF:EE:00:00:04,-53
BLE,1704597123277465234,D3:F4:55:AB:96:20,-69
BLE,1704597123512637922,DF:DF:EE:00:00:04,-50
BLE,1704597123664386148,D3:F4:55:AB:96:20,-68
BLE,1704597123853233889,D3:F4:55:AB:96:20,-53
BLE,1704597124049644480,DF:DF:EE:00:00:04,-36
BLE,1704597124235085557,D3:F4:55:AB:96:20,-62
BLE,1704597124519046006,DF:DF:EE:00:00:04,-55
BLE,1704597124623354979,D3:F4:55:AB:96:20,-55
BLE,1704597125008216863,D3:F4:55:AB:96:20,-70
BLE,1704597125009551912,D3:F4:55:AB:96:20,-68
BLE,1704597125058166926,DF:DF:EE:00:00:04,-63
BLE,1704597125393872893,D3:F4:55:AB:96:20,-69
BLE,1704597125581849823,D3:F4:55:AB:96:20,-63
BLE,1704597125972301022,D3:F4:55:AB:96:20,-55
BLE,1704597126009119170,DF:DF:EE:00:00:04,-45
BLE,1704597126347715687,D3:F4:55:AB:96:20,-67
BLE,1704597126545015339,D3:F4:55:AB:96:20,-52
BLE,1704597126738212803,D3:F4:55:AB:96:20,-70
BLE,1704597126933829038,D3:F4:55:AB:96:20,-53
BLE,1704597127122750319,D3:F4:55:AB:96:20,-70
BLE,1704597127317963149,D3:F4:55:AB:96:20,-52
BLE,1704597127555733854,DF:DF:EE:00:00:04,-56
BLE,1704597127711662432,D3:F4:55:AB:96:20,-68
BLE,1704597128011955049,DF:DF:EE:00:00:04,-50
BLE,1704597128470376937,D3:F4:55:AB:96:20,-71
BLE,1704597128849806167,D3:F4:55:AB:96:20,-70
BLE,1704597129010345253,DF:DF:EE:00:00:04,-52
BLE,1704597129044572925,D3:F4:55:AB:96:20,-53
BLE,1704597129827594687,D3:F4:55:AB:96:20,-68
BLE,1704597129989801147,DF:A6:DC:DC:2E:81,-72
BLE,1704597129989833604,DF:DF:EE:00:00:01,-72
BLE,1704597130013476337,D3:F4:55:AB:96:20,-58
BLE,1704597130212639899,D3:F4:55:AB:96:20,-63
BLE,1704597130553718437,DF:DF:EE:00:00:04,-44
BLE,1704597130595038720,D3:F4:55:AB:96:20,-69
BLE,1704597130983461721,D3:F4:55:AB:96:20,-67
BLE,1704597131364985731,D3:F4:55:AB:96:20,-67
BLE,1704597131558503270,D3:F4:55:AB:96:20,-52
BLE,1704597131748392443,D3:F4:55:AB:96:20,-68
BLE,1704597132135116946,D3:F4:55:AB:96:20,-70
BLE,1704597132550603301,DF:DF:EE:00:00:04,-39
BLE,1704597132908393498,D3:F4:55:AB:96:20,-68
BLE,1704597133670144217,D3:F4:55:AB:96:20,-55
BLE,1704597133867158459,D3:F4:55:AB:96:20,-70
BLE,1704597134062069088,D3:F4:55:AB:96:20,-52
BLE,1704597134260962573,D3:F4:55:AB:96:20,-68
BLE,1704597134555287842,DF:DF:EE:00:00:04,-55
BLE,1704597134643810675,D3:F4:55:AB:96:20,-68
BLE,1704597135016400828,DF:DF:EE:00:00:04,-36
BLE,1704597135983302625,D3:F4:55:AB:96:20,-70
BLE,1704597136285208950,DF:DF:EE:00:00:04,-56
BLE,1704597136361513427,DF:A6:DC:DC:2E:81,-74
BLE,1704597136361552468,DF:DF:EE:00:00:01,-74
BLE,1704597136553861246,D3:F4:55:AB:96:20,-69
BLE,1704597136939904683,D3:F4:55:AB:96:20,-69
BLE,1704597137563375626,DF:DF:EE:00:00:04,-53
BLE,1704597138089777786,D3:F4:55:AB:96:20,-67
BLE,1704597138279075932,D3:F4:55:AB:96:20,-55
BLE,1704597138670142200,D3:F4:55:AB:96:20,-63
BLE,1704597138842828477,DF:DF:EE:00:00:04,-54
BLE,1704597138860219826,D3:F4:55:AB:96:20,-52
BLE,1704597139051473381,D3:F4:55:AB:96:20,-68
BLE,1704597139429631602,D3:F4:55:AB:96:20,-71
BLE,1704597140012641948,D3:F4:55:AB:96:20,-55
BLE,1704597140394632613,D3:F4:55:AB:96:20,-69
BLE,1704597140587185760,D3:F4:55:AB:96:20,-63
BLE,1704597140777833497,D3:F4:55:AB:96:20,-55
BLE,1704597141168509316,D3:F4:55:AB:96:20,-68
BLE,1704597141391653185,DF:DF:EE:00:00:04,-55
BLE,1704597141928217462,D3:F4:55:AB:96:20,-71
BLE,1704597141931637709,DF:DF:EE:00:00:04,-55
BLE,1704597142120679903,D3:F4:55:AB:96:20,-66
BLE,1704597142499867598,D3:F4:55:AB:96:20,-67
BLE,1704597143652652127,D3:F4:55:AB:96:20,-67
BLE,1704597144205571988,DF:DF:EE:00:00:04,-39
BLE,1704597144422179982,D3:F4:55:AB:96:20,-55
BLE,1704597144618094335,D3:F4:55:AB:96:20,-52
BLE,1704597144664514697,DF:DF:EE:00:00:04,-51
BLE,1704597145380575661,D3:F4:55:AB:96:20,-67
BLE,1704597145575298586,D3:F4:55:AB:96:20,-52
BLE,1704597145766484268,D3:F4:55:AB:96:20,-66
BLE,1704597145961257359,D3:F4:55:AB:96:20,-68
BLE,1704597146662968396,DF:DF:EE:00:00:04,-50
BLE,1704597146735869751,D3:F4:55:AB:96:20,-68
BLE,1704597146932192927,D3:F4:55:AB:96:20,-67
BLE,1704597147120807174,D3:F4:55:AB:96:20,-55
BLE,1704597147500130949,D3:F4:55:AB:96:20,-66
BLE,1704597147691986863,D3:F4:55:AB:96:20,-63
BLE,1704597148074448891,D3:F4:55:AB:96:20,-69
BLE,1704597148481911783,DF:DF:EE:00:00:04,-51
BLE,1704597149414582158,D3:F4:55:AB:96:20,-70
BLE,1704597149479828333,DF:DF:EE:00:00:04,-45
BLE,1704597151337457445,D3:F4:55:AB:96:20,-69
BLE,1704597151718627339,D3:F4:55:AB:96:20,-68
BLE,1704597151910574918,D3:F4:55:AB:96:20,-52
BLE,1704597152303861587,D3:F4:55:AB:96:20,-52
BLE,1704597152492550624,D3:F4:55:AB:96:20,-67
BLE,1704597153064257966,D3:F4:55:AB:96:20,-71
BLE,1704597153225158043,DF:DF:EE:00:00:04,-39
BLE,1704597154022772517,D3:F4:55:AB:96:20,-67
BLE,1704597154202721401,DF:A6:DC:DC:2E:81,-91
BLE,1704597154202775858,DF:DF:EE:00:00:01,-91
BLE,1704597154406802380,D3:F4:55:AB:96:20,-67
BLE,1704597154598364302,D3:F4:55:AB:96:20,-69
BLE,1704597154759058551,DF:DF:EE:00:00:04,-55
BLE,1704597155566322197,D3:F4:55:AB:96:20,-69
BLE,1704597156226449041,DF:DF:EE:00:00:04,-65
BLE,1704597156336843318,D3:F4:55:AB:96:20,-62
BLE,1704597156536189542,D3:F4:55:AB:96:20,-57
BLE,1704597156722550472,D3:F4:55:AB:96:20,-52
BLE,1704597157105344241,D3:F4:55:AB:96:20,-53
BLE,1704597157300251787,D3:F4:55:AB:96:20,-68
BLE,1704597157494072943,D3:F4:55:AB:96:20,-55
BLE,1704597158265863491,D3:F4:55:AB:96:20,-69
BLE,1704597159430381513,D3:F4:55:AB:96:20,-70
BLE,1704597159725119979,DF:DF:EE:00:00:04,-53
BLE,1704597160002703465,D3:F4:55:AB:96:20,-63
BLE,1704597160189446884,D3:F4:55:AB:96:20,-67
BLE,1704597160264951215,DF:DF:EE:00:00:04,-52
BLE,1704597160572004410,D3:F4:55:AB:96:20,-67
BLE,1704597160725190516,DF:DF:EE:00:00:04,-35
BLE,1704597161153571293,D3:F4:55:AB:96:20,-68
BLE,1704597161538781751,D3:F4:55:AB:96:20,-67
BLE,1704597161829968349,DF:A6:DC:DC:2E:81,-58
BLE,1704597161830018014,DF:DF:EE:00:00:01,-58
BLE,1704597161928773212,D3:F4:55:AB:96:20,-70
BLE,1704597162002686000,DF:DF:EE:00:00:04,-55
BLE,1704597162305958166,D3:F4:55:AB:96:20,-62
BLE,1704597163467636344,D3:F4:55:AB:96:20,-69
BLE,1704597163653051256,D3:F4:55:AB:96:20,-66
BLE,1704597164037788601,D3:F4:55:AB:96:20,-52
BLE,1704597164268461862,DF:DF:EE:00:00:04,-52
BLE,1704597164417591613,D3:F4:55:AB:96:20,-67
BLE,1704597164806523726,D3:F4:55:AB:96:20,-70
BLE,1704597165189774067,D3:F4:55:AB:96:20,-70
BLE,1704597165761171209,D3:F4:55:AB:96:20,-84
BLE,1704597165949064641,D3:F4:55:AB:96:20,-68
BLE,1704597166141513290,D3:F4:55:AB:96:20,-52
BLE,1704597166278100068,DF:DF:EE:00:00:04,-75
BLE,1704597166526243802,D3:F4:55:AB:96:20,-63
BLE,1704597166712355238,D3:F4:55:AB:96:20,-69
BLE,1704597167542492344,DF:DF:EE:00:00:04,-65
BLE,1704597167663316939,D3:F4:55:AB:96:20,-55
BLE,1704597167857398881,D3:F4:55:AB:96:20,-66
BLE,1704597168243013870,D3:F4:55:AB:96:20,-67
BLE,1704597168438484859,D3:F4:55:AB:96:20,-63
BLE,1704597168632579384,D3:F4:55:AB:96:20,-55
BLE,1704597168820371777,DF:DF:EE:00:00:04,-51
BLE,1704597168827516804,D3:F4:55:AB:96:20,-52
BLE,1704597169020017202,D3:F4:55:AB:96:20,-63
BLE,1704597169405090122,D3:F4:55:AB:96:20,-68
BLE,1704597169591307471,D3:F4:55:AB:96:20,-52
BLE,1704597169781196811,D3:F4:55:AB:96:20,-70
BLE,1704597169816226254,DF:DF:EE:00:00:04,-66
BLE,1704597169975860279,D3:F4:55:AB:96:20,-66
BLE,1704597170173305718,D3:F4:55:AB:96:20,-52
BLE,1704597170362348746,D3:F4:55:AB:96:20,-55
BLE,1704597170741663396,D3:F4:55:AB:96:20,-67
BLE,1704597171086151264,DF:DF:EE:00:00:04,-53
BLE,1704597171129864069,D3:F4:55:AB:96:20,-55
BLE,1704597171703355074,D3:F4:55:AB:96:20,-68
BLE,1704597172083202835,D3:F4:55:AB:96:20,-63
BLE,1704597172085054205,DF:DF:EE:00:00:04,-39
BLE,1704597172464054529,D3:F4:55:AB:96:20,-63
BLE,1704597172625746252,DF:DF:EE:00:00:04,-65
BLE,1704597172655326708,D3:F4:55:AB:96:20,-67
BLE,1704597173424186372,D3:F4:55:AB:96:20,-70
BLE,1704597173619078918,D3:F4:55:AB:96:20,-66
BLE,1704597173809302624,D3:F4:55:AB:96:20,-55
BLE,1704597174003217445,D3:F4:55:AB:96:20,-82
BLE,1704597174088168744,DF:DF:EE:00:00:04,-55
BLE,1704597174195087734,D3:F4:55:AB:96:20,-52
BLE,1704597174572024902,D3:F4:55:AB:96:20,-70
BLE,1704597174627385787,DF:DF:EE:00:00:04,-55
BLE,1704597174766712912,D3:F4:55:AB:96:20,-67
BLE,1704597175930481579,D3:F4:55:AB:96:20,-69
BLE,1704597176086911977,DF:DF:EE:00:00:04,-56
BLE,1704597176315551748,D3:F4:55:AB:96:20,-68
BLE,1704597177897196084,DF:DF:EE:00:00:04,-51
BLE,1704597178361948895,DF:DF:EE:00:00:04,-45
BLE,1704597178636062969,D3:F4:55:AB:96:20,-67
BLE,1704597178902245411,DF:DF:EE:00:00:04,-51
BLE,1704597179214405976,D3:F4:55:AB:96:20,-67
BLE,1704597179405373330,D3:F4:55:AB:96:20,-68
BLE,1704597180950293266,D3:F4:55:AB:96:20,-69
BLE,1704597181137612796,D3:F4:55:AB:96:20,-63
BLE,1704597181913710651,D3:F4:55:AB:96:20,-68
BLE,1704597182490941394,D3:F4:55:AB:96:20,-55
BLE,1704597182680067087,D3:F4:55:AB:96:20,-68
BLE,1704597183263600378,D3:F4:55:AB:96:20,-69
BLE,1704597183630355638,DF:DF:EE:00:00:04,-51
BLE,1704597183843894252,D3:F4:55:AB:96:20,-55
BLE,1704597184226560316,D3:F4:55:AB:96:20,-70
BLE,1704597184418567560,D3:F4:55:AB:96:20,-52
BLE,1704597184814302876,D3:F4:55:AB:96:20,-70
BLE,1704597184907052601,DF:DF:EE:00:00:04,-72
BLE,1704597185002643296,D3:F4:55:AB:96:20,-66
BLE,1704597185769239059,D3:F4:55:AB:96:20,-67
BLE,1704597186540259335,D3:F4:55:AB:96:20,-70
BLE,1704597186916734057,D3:F4:55:AB:96:20,-67
BLE,1704597187876668613,D3:F4:55:AB:96:20,-52
BLE,1704597187910231218,DF:DF:EE:00:00:04,-35
BLE,1704597188067690924,D3:F4:55:AB:96:20,-53
BLE,1704597188262212396,D3:F4:55:AB:96:20,-69
BLE,1704597188650450860,D3:F4:55:AB:96:20,-68
BLE,1704597189183723054,DF:DF:EE:00:00:04,-39
BLE,1704597189614760931,D3:F4:55:AB:96:20,-52
BLE,1704597189722476068,DF:DF:EE:00:00:04,-56
BLE,1704597189806297979,D3:F4:55:AB:96:20,-70
BLE,1704597189999898016,D3:F4:55:AB:96:20,-67
BLE,1704597190181234114,DF:DF:EE:00:00:04,-35
BLE,1704597190190149929,D3:F4:55:AB:96:20,-55
BLE,1704597190576488150,D3:F4:55:AB:96:20,-52
BLE,1704597190764810530,D3:F4:55:AB:96:20,-52
BLE,1704597190956147374,D3:F4:55:AB:96:20,-70
BLE,1704597191147825377,D3:F4:55:AB:96:20,-57
BLE,1704597191450533182,DF:DF:EE:00:00:04,-52
BLE,1704597191727559515,D3:F4:55:AB:96:20,-63
BLE,1704597193260312510,D3:F4:55:AB:96:20,-67
BLE,1704597193639493163,D3:F4:55:AB:96:20,-68
BLE,1704597194021014257,D3:F4:55:AB:96:20,-63
BLE,1704597194268870331,DF:DF:EE:00:00:04,-56
BLE,1704597194590095999,D3:F4:55:AB:96:20,-67
BLE,1704597194723938971,DF:DF:EE:00:00:04,-51
BLE,1704597194786074184,D3:F4:55:AB:96:20,-68
BLE,1704597194929462122,DF:A6:DC:DC:2E:81,-73
BLE,1704597194929503579,DF:DF:EE:00:00:01,-73
BLE,1704597196268083386,DF:DF:EE:00:00:04,-51
BLE,1704597196541052697,D3:F4:55:AB:96:20,-68
BLE,1704597196921642022,D3:F4:55:AB:96:20,-69
BLE,1704597197298541691,D3:F4:55:AB:96:20,-70
BLE,1704597197729744813,DF:DF:EE:00:00:04,-56
BLE,1704597197884809497,D3:F4:55:AB:96:20,-69
BLE,1704597198267015906,DF:DF:EE:00:00:04,-52
BLE,1704597198722350998,DF:DF:EE:00:00:04,-50
BLE,1704597198750399952,DF:A6:DC:DC:2E:81,-58
BLE,1704597198750429534,DF:DF:EE:00:00:01,-58
BLE,1704597198847862599,D3:F4:55:AB:96:20,-55
BLE,1704597199037567443,D3:F4:55:AB:96:20,-63
BLE,1704597199613152062,D3:F4:55:AB:96:20,-71
BLE,1704597199805616669,D3:F4:55:AB:96:20,-78
BLE,1704597200191413154,D3:F4:55:AB:96:20,-52
BLE,1704597200528959865,DF:DF:EE:00:00:04,-52
BLE,1704597200580761090,D3:F4:55:AB:96:20,-70
BLE,1704597200773374486,D3:F4:55:AB:96:20,-63
BLE,1704597201293833422,DF:A6:DC:DC:2E:81,-73
BLE,1704597201293874921,DF:DF:EE:00:00:01,-73
BLE,1704597201349581838,D3:F4:55:AB:96:20,-71
BLE,1704597201742814967,D3:F4:55:AB:96:20,-66
BLE,1704597201937559225,D3:F4:55:AB:96:20,-52
BLE,1704597201994015082,DF:DF:EE:00:00:04,-45
BLE,1704597202319816175,D3:F4:55:AB:96:20,-63
BLE,1704597202507583568,D3:F4:55:AB:96:20,-68
BLE,1704597202535347696,DF:DF:EE:00:00:04,-65
BLE,1704597202895307171,D3:F4:55:AB:96:20,-66
BLE,1704597202995224798,DF:DF:EE:00:00:04,-73
BLE,1704597203277397541,D3:F4:55:AB:96:20,-66
BLE,1704597204042833709,D3:F4:55:AB:96:20,-67
BLE,1704597204239736495,D3:F4:55:AB:96:20,-67
BLE,1704597204438118077,D3:F4:55:AB:96:20,-86
BLE,1704597204537744711,DF:DF:EE:00:00:04,-51
BLE,1704597205021552246,D3:F4:55:AB:96:20,-53
BLE,1704597205216760159,D3:F4:55:AB:96:20,-55
BLE,1704597205533639687,DF:DF:EE:00:00:04,-36
BLE,1704597205593831324,D3:F4:55:AB:96:20,-67
BLE,1704597205605586358,DF:DF:EE:00:00:04,-65
BLE,1704597206767848189,DF:DF:EE:00:00:04,-36
BLE,1704597206935190935,D3:F4:55:AB:96:20,-68
BLE,1704597207122556380,D3:F4:55:AB:96:20,-52
BLE,1704597207890553399,D3:F4:55:AB:96:20,-53
BLE,1704597207891837533,D3:F4:55:AB:96:20,-55
BLE,1704597208050326796,DF:DF:EE:00:00:04,-67
BLE,1704597208466306764,D3:F4:55:AB:96:20,-68
BLE,1704597209045112092,D3:F4:55:AB:96:20,-55
BLE,1704597209430363174,D3:F4:55:AB:96:20,-63
BLE,1704597209617885115,D3:F4:55:AB:96:20,-66
BLE,1704597209870432195,DF:DF:EE:00:00:04,-34
BLE,1704597210195274396,D3:F4:55:AB:96:20,-57
BLE,1704597210332925189,DF:DF:EE:00:00:04,-73
BLE,1704597210388648981,D3:F4:55:AB:96:20,-52
BLE,1704597212709344280,D3:F4:55:AB:96:20,-70
BLE,1704597213100910410,D3:F4:55:AB:96:20,-69
BLE,1704597214155502310,DF:DF:EE:00:00:04,-40
BLE,1704597214639801374,D3:F4:55:AB:96:20,-68
BLE,1704597215149353296,DF:DF:EE:00:00:04,-39
BLE,1704597215606191683,DF:DF:EE:00:00:04,-51
BLE,1704597215799803137,D3:F4:55:AB:96:20,-63
BLE,1704597215987983437,D3:F4:55:AB:96:20,-53
BLE,1704597216145396060,DF:DF:EE:00:00:04,-35
BLE,1704597216565325927,D3:F4:55:AB:96:20,-68
BLE,1704597216952841868,D3:F4:55:AB:96:20,-53
BLE,1704597217524882035,D3:F4:55:AB:96:20,-55
BLE,1704597217605589650,DF:DF:EE:00:00:04,-34
BLE,1704597217714437883,D3:F4:55:AB:96:20,-66
BLE,1704597217834185547,DF:A6:DC:DC:2E:81,-74
BLE,1704597217834230171,DF:DF:EE:00:00:01,-74
BLE,1704597217901320841,D3:F4:55:AB:96:20,-67
BLE,1704597218868946410,D3:F4:55:AB:96:20,-67
BLE,1704597219634083419,D3:F4:55:AB:96:20,-66
BLE,1704597219826744688,D3:F4:55:AB:96:20,-86
BLE,1704597219881331467,DF:DF:EE:00:00:04,-34
BLE,1704597220210719136,D3:F4:55:AB:96:20,-69
BLE,1704597221363258546,D3:F4:55:AB:96:20,-67
BLE,1704597221744982509,D3:F4:55:AB:96:20,-67
BLE,1704597222507329464,D3:F4:55:AB:96:20,-63
BLE,1704597223662113166,D3:F4:55:AB:96:20,-68
BLE,1704597224630767725,D3:F4:55:AB:96:20,-67
BLE,1704597224632320329,D3:F4:55:AB:96:20,-70
BLE,1704597224697777521,DF:DF:EE:00:00:04,-50
BLE,1704597225212872090,D3:F4:55:AB:96:20,-67
BLE,1704597225796607766,D3:F4:55:AB:96:20,-66
BLE,1704597225992483266,D3:F4:55:AB:96:20,-67
BLE,1704597226160198690,DF:DF:EE:00:00:04,-50
BLE,1704597226188727260,D3:F4:55:AB:96:20,-55
BLE,1704597226575962112,D3:F4:55:AB:96:20,-52
BLE,1704597226700296835,DF:DF:EE:00:00:04,-51
BLE,1704597226765226743,DF:DF:EE:00:00:04,-34
BLE,1704597226967217159,D3:F4:55:AB:96:20,-68
BLE,1704597227656539939,DF:DF:EE:00:00:04,-56
BLE,1704597227934096992,D3:F4:55:AB:96:20,-81
BLE,1704597228001187371,DF:A6:DC:DC:2E:81,-72
BLE,1704597228001223162,DF:DF:EE:00:00:01,-72
BLE,1704597228133180531,D3:F4:55:AB:96:20,-52
BLE,1704597229106125616,D3:F4:55:AB:96:20,-68
BLE,1704597229871846022,D3:F4:55:AB:96:20,-53
BLE,1704597230267424760,D3:F4:55:AB:96:20,-58
BLE,1704597230543141297,DF:A6:DC:DC:2E:81,-73
BLE,1704597230543204380,DF:DF:EE:00:00:01,-73
BLE,1704597231194688925,DF:DF:EE:00:00:04,-34
BLE,1704597231417852386,D3:F4:55:AB:96:20,-52
BLE,1704597231605176835,D3:F4:55:AB:96:20,-52
BLE,1704597231663761454,DF:DF:EE:00:00:04,-55
BLE,1704597232190282534,D3:F4:55:AB:96:20,-69
BLE,1704597232579168614,D3:F4:55:AB:96:20,-70
BLE,1704597232965682767,D3:F4:55:AB:96:20,-63
BLE,1704597233193235960,DF:DF:EE:00:00:04,-40
BLE,1704597233536856239,D3:F4:55:AB:96:20,-82
BLE,1704597233655322959,DF:DF:EE:00:00:04,-54
BLE,1704597233725807958,D3:F4:55:AB:96:20,-55
BLE,1704597233919385697,D3:F4:55:AB:96:20,-65
BLE,1704597234109132052,D3:F4:55:AB:96:20,-55
BLE,1704597234192300905,DF:DF:EE:00:00:04,-51
BLE,1704597234675062773,D3:F4:55:AB:96:20,-69
BLE,1704597235053573058,D3:F4:55:AB:96:20,-71
BLE,1704597235192710029,DF:DF:EE:00:00:04,-51
BLE,1704597236194786757,DF:DF:EE:00:00:04,-65
BLE,1704597236209765773,D3:F4:55:AB:96:20,-70
BLE,1704597236601192893,D3:F4:55:AB:96:20,-67
BLE,1704597236660767881,DF:DF:EE:00:00:04,-50
BLE,1704597237195389878,DF:DF:EE:00:00:04,-56
BLE,1704597237570584164,D3:F4:55:AB:96:20,-55
BLE,1704597238658614626,DF:DF:EE:00:00:04,-56
BLE,1704597238721724527,D3:F4:55:AB:96:20,-55
BLE,1704597238912478629,D3:F4:55:AB:96:20,-52
BLE,1704597239105062792,D3:F4:55:AB:96:20,-71
BLE,1704597239491288311,D3:F4:55:AB:96:20,-68
BLE,1704597240260038647,D3:F4:55:AB:96:20,-68
BLE,1704597240452374688,D3:F4:55:AB:96:20,-55
BLE,1704597240645132556,D3:F4:55:AB:96:20,-66
BLE,1704597240924142364,DF:DF:EE:00:00:04,-67
BLE,1704597241222645671,D3:F4:55:AB:96:20,-69
BLE,1704597241410186648,D3:F4:55:AB:96:20,-53
BLE,1704597241603828755,D3:F4:55:AB:96:20,-71
BLE,1704597241605072531,D3:F4:55:AB:96:20,-68
BLE,1704597241987940927,D3:F4:55:AB:96:20,-53
BLE,1704597242555972580,D3:F4:55:AB:96:20,-69
BLE,1704597242938819726,D3:F4:55:AB:96:20,-69
BLE,1704597243130791146,D3:F4:55:AB:96:20,-55
BLE,1704597243326362354,D3:F4:55:AB:96:20,-53
BLE,1704597243909051027,D3:F4:55:AB:96:20,-67
BLE,1704597245210245847,DF:DF:EE:00:00:04,-56
BLE,1704597245442528418,D3:F4:55:AB:96:20,-68
BLE,1704597245824374910,DF:A6:DC:DC:2E:81,-58
BLE,1704597245824435410,DF:DF:EE:00:00:01,-58
BLE,1704597246219295152,D3:F4:55:AB:96:20,-88
BLE,1704597246406924961,D3:F4:55:AB:96:20,-52
BLE,1704597246786405108,D3:F4:55:AB:96:20,-69
BLE,1704597247166789578,D3:F4:55:AB:96:20,-68
BLE,1704597247353496315,D3:F4:55:AB:96:20,-83
BLE,1704597247735740510,D3:F4:55:AB:96:20,-83
BLE,1704597247810181600,DF:DF:EE:00:00:04,-37
BLE,1704597248248828283,DF:DF:EE:00:00:04,-41
BLE,1704597248366510819,DF:A6:DC:DC:2E:81,-72
BLE,1704597248366550194,DF:DF:EE:00:00:01,-72
BLE,1704597248700238927,DF:DF:EE:00:00:04,-46
BLE,1704597249085063548,D3:F4:55:AB:96:20,-67
BLE,1704597249469488840,D3:F4:55:AB:96:20,-66
BLE,1704597250250113983,DF:DF:EE:00:00:04,-72
BLE,1704597250437358630,D3:F4:55:AB:96:20,-68
BLE,1704597250705694657,DF:DF:EE:00:00:04,-36
BLE,1704597251598026913,D3:F4:55:AB:96:20,-69
BLE,1704597251792607175,D3:F4:55:AB:96:20,-55
BLE,1704597252181936030,D3:F4:55:AB:96:20,-86
BLE,1704597252368077400,D3:F4:55:AB:96:20,-52
BLE,1704597252565585041,D3:F4:55:AB:96:20,-69
BLE,1704597252708286424,DF:DF:EE:00:00:04,-51
BLE,1704597252755199991,D3:F4:55:AB:96:20,-52
BLE,1704597252950761032,D3:F4:55:AB:96:20,-69
BLE,1704597253148523420,D3:F4:55:AB:96:20,-53
BLE,1704597253527549406,D3:F4:55:AB:96:20,-70
BLE,1704597254100046835,D3:F4:55:AB:96:20,-53
BLE,1704597254246960248,DF:DF:EE:00:00:04,-52
BLE,1704597254673324255,D3:F4:55:AB:96:20,-55
BLE,1704597254702340467,DF:DF:EE:00:00:04,-56
BLE,1704597255241447156,DF:DF:EE:00:00:04,-51
BLE,1704597255248421526,D3:F4:55:AB:96:20,-82
BLE,1704597255443311408,D3:F4:55:AB:96:20,-68
BLE,1704597256025582463,D3:F4:55:AB:96:20,-72
BLE,1704597256219700314,D3:F4:55:AB:96:20,-66
BLE,1704597256984536908,DF:DF:EE:00:00:04,-51
BLE,1704597257523238895,DF:DF:EE:00:00:04,-35
BLE,1704597257569092225,D3:F4:55:AB:96:20,-52
BLE,1704597257948982617,D3:F4:55:AB:96:20,-66
BLE,1704597258525886073,D3:F4:55:AB:96:20,-58
BLE,1704597258910708111,D3:F4:55:AB:96:20,-69
BLE,1704597259300294004,D3:F4:55:AB:96:20,-67
BLE,1704597259683181691,D3:F4:55:AB:96:20,-52
BLE,1704597259877090753,D3:F4:55:AB:96:20,-52
BLE,1704597260261025635,D3:F4:55:AB:96:20,-86
BLE,1704597260448794193,D3:F4:55:AB:96:20,-66
BLE,1704597260642334093,D3:F4:55:AB:96:20,-52
BLE,1704597261028346657,D3:F4:55:AB:96:20,-68
BLE,1704597261218014981,D3:F4:55:AB:96:20,-55
BLE,1704597261414078266,D3:F4:55:AB:96:20,-67
BLE,1704597261604131544,D3:F4:55:AB:96:20,-55
BLE,1704597261795890925,D3:F4:55:AB:96:20,-67
BLE,1704597262182638521,D3:F4:55:AB:96:20,-66
BLE,1704597262378043981,D3:F4:55:AB:96:20,-53
BLE,1704597262568521545,D3:F4:55:AB:96:20,-70
BLE,1704597263523081172,DF:DF:EE:00:00:04,-72
BLE,1704597263532786423,D3:F4:55:AB:96:20,-52
BLE,1704597263641441783,DF:A6:DC:DC:2E:81,-58
BLE,1704597263641472575,DF:DF:EE:00:00:01,-58
BLE,1704597263914485542,D3:F4:55:AB:96:20,-68
BLE,1704597264107732321,D3:F4:55:AB:96:20,-68
BLE,1704597264528489065,DF:DF:EE:00:00:04,-53
BLE,1704597265256943417,D3:F4:55:AB:96:20,-75
BLE,1704597265523472092,DF:DF:EE:00:00:04,-55
BLE,1704597265843516791,D3:F4:55:AB:96:20,-68
BLE,1704597266223825011,D3:F4:55:AB:96:20,-68
BLE,1704597267185513797,D3:F4:55:AB:96:20,-70
BLE,1704597267572465682,D3:F4:55:AB:96:20,-68
BLE,1704597268345762627,DF:DF:EE:00:00:04,-34
BLE,1704597268709192688,D3:F4:55:AB:96:20,-68
BLE,1704597268797428893,DF:DF:EE:00:00:04,-50
BLE,1704597268903799158,D3:F4:55:AB:96:20,-85
BLE,1704597269094710633,D3:F4:55:AB:96:20,-55
BLE,1704597269340668780,DF:DF:EE:00:00:04,-65
BLE,1704597269485899839,D3:F4:55:AB:96:20,-52
BLE,1704597269675397458,D3:F4:55:AB:96:20,-57
BLE,1704597270341988017,DF:DF:EE:00:00:04,-62
BLE,1704597270639054843,D3:F4:55:AB:96:20,-72
BLE,1704597270838480710,D3:F4:55:AB:96:20,-83
BLE,1704597271224906227,D3:F4:55:AB:96:20,-53
BLE,1704597271417874926,D3:F4:55:AB:96:20,-69
BLE,1704597271990909890,D3:F4:55:AB:96:20,-52
BLE,1704597272189159063,D3:F4:55:AB:96:20,-53
BLE,1704597272374931896,D3:F4:55:AB:96:20,-66
BLE,1704597272953474956,D3:F4:55:AB:96:20,-68
BLE,1704597273145486876,D3:F4:55:AB:96:20,-55
BLE,1704597273335417697,D3:F4:55:AB:96:20,-68
BLE,1704597274108228523,D3:F4:55:AB:96:20,-52
BLE,1704597274304116768,D3:F4:55:AB:96:20,-52
BLE,1704597274493227558,D3:F4:55:AB:96:20,-70
BLE,1704597274620299100,DF:DF:EE:00:00:04,-34
BLE,1704597274883134614,D3:F4:55:AB:96:20,-69
BLE,1704597275076111396,D3:F4:55:AB:96:20,-52
BLE,1704597275094345205,DF:A6:DC:DC:2E:81,-58
BLE,1704597275094393037,DF:DF:EE:00:00:01,-58
BLE,1704597275268241231,D3:F4:55:AB:96:20,-69
BLE,1704597275620698807,DF:DF:EE:00:00:04,-36
BLE,1704597276163348660,DF:DF:EE:00:00:04,-53
BLE,1704597276234906453,D3:F4:55:AB:96:20,-52
BLE,1704597276615868832,D3:F4:55:AB:96:20,-68
BLE,1704597276805694154,D3:F4:55:AB:96:20,-53
BLE,1704597277003837371,D3:F4:55:AB:96:20,-68
BLE,1704597277190680606,D3:F4:55:AB:96:20,-63
BLE,1704597278139681638,D3:F4:55:AB:96:20,-70
BLE,1704597278713804546,D3:F4:55:AB:96:20,-85
BLE,1704597279615826136,DF:DF:EE:00:00:04,-36
BLE,1704597279672660618,D3:F4:55:AB:96:20,-72
BLE,1704597280052611259,D3:F4:55:AB:96:20,-55
BLE,1704597280159981011,DF:DF:EE:00:00:04,-44
BLE,1704597280249349660,D3:F4:55:AB:96:20,-66
BLE,1704597280444983075,D3:F4:55:AB:96:20,-52
BLE,1704597280640595116,D3:F4:55:AB:96:20,-71
BLE,1704597280833711980,D3:F4:55:AB:96:20,-52
BLE,1704597281218359977,D3:F4:55:AB:96:20,-52
BLE,1704597281394516183,DF:DF:EE:00:00:04,-65
BLE,1704597281412685909,D3:F4:55:AB:96:20,-68
BLE,1704597281464623453,DF:A6:DC:DC:2E:81,-73
BLE,1704597281464639911,DF:DF:EE:00:00:01,-73
BLE,1704597281605955813,D3:F4:55:AB:96:20,-55
BLE,1704597281988042718,D3:F4:55:AB:96:20,-70
BLE,1704597282563488818,D3:F4:55:AB:96:20,-65
BLE,1704597282671742934,DF:DF:EE:00:00:04,-62
BLE,1704597282756217645,D3:F4:55:AB:96:20,-55
BLE,1704597282948555603,D3:F4:55:AB:96:20,-52
BLE,1704597283535791385,D3:F4:55:AB:96:20,-66
BLE,1704597283731997834,D3:F4:55:AB:96:20,-52
BLE,1704597283917316215,D3:F4:55:AB:96:20,-52
BLE,1704597283939716095,DF:DF:EE:00:00:04,-36
BLE,1704597284310456771,D3:F4:55:AB:96:20,-69
BLE,1704597284479916270,DF:DF:EE:00:00:04,-52
BLE,1704597284695975216,D3:F4:55:AB:96:20,-69
BLE,1704597284944452580,DF:DF:EE:00:00:04,-40
BLE,1704597285274974520,D3:F4:55:AB:96:20,-55
BLE,1704597285463955270,D3:F4:55:AB:96:20,-69
BLE,1704597285851243443,D3:F4:55:AB:96:20,-66
BLE,1704597286235423322,D3:F4:55:AB:96:20,-63
BLE,1704597286427987360,D3:F4:55:AB:96:20,-84
BLE,1704597286482077626,DF:DF:EE:00:00:04,-40
BLE,1704597286550938329,DF:A6:DC:DC:2E:81,-58
BLE,1704597286550986703,DF:DF:EE:00:00:01,-58
BLE,1704597286613727109,D3:F4:55:AB:96:20,-53
BLE,1704597287000026253,D3:F4:55:AB:96:20,-57
BLE,1704597288151649985,D3:F4:55:AB:96:20,-70
BLE,1704597288484941598,DF:DF:EE:00:00:04,-35
BLE,1704597288919549540,D3:F4:55:AB:96:20,-55
BLE,1704597288943326528,DF:DF:EE:00:00:04,-37
BLE,1704597289303804668,D3:F4:55:AB:96:20,-70
BLE,1704597289555516408,DF:DF:EE:00:00:04,-50
BLE,1704597289983702308,DF:DF:EE:00:00:04,-50
BLE,1704597290979026663,DF:DF:EE:00:00:04,-51
BLE,1704597291438382873,DF:DF:EE:00:00:04,-52
BLE,1704597291984752011,DF:DF:EE:00:00:04,-73
BLE,1704597292563841148,D3:F4:55:AB:96:20,-55
BLE,1704597292915034240,DF:A6:DC:DC:2E:81,-59
BLE,1704597292915078698,DF:DF:EE:00:00:01,-59
BLE,1704597292941315237,D3:F4:55:AB:96:20,-52
BLE,1704597292982707000,DF:DF:EE:00:00:04,-65
BLE,1704597293323177521,D3:F4:55:AB:96:20,-69
BLE,1704597293987540984,DF:DF:EE:00:00:04,-65
BLE,1704597294107315910,D3:F4:55:AB:96:20,-66
BLE,1704597294493036895,D3:F4:55:AB:96:20,-66
BLE,1704597294874206145,D3:F4:55:AB:96:20,-67
BLE,1704597295441713097,DF:DF:EE:00:00:04,-53
BLE,1704597295456251203,D3:F4:55:AB:96:20,-67
BLE,1704597296035982081,D3:F4:55:AB:96:20,-69
BLE,1704597296224712834,D3:F4:55:AB:96:20,-53
BLE,1704597296444165820,DF:DF:EE:00:00:04,-39
BLE,1704597296605953792,D3:F4:55:AB:96:20,-52
BLE,1704597296801138963,D3:F4:55:AB:96:20,-68
BLE,1704597297189048461,D3:F4:55:AB:96:20,-66
BLE,1704597297572678305,D3:F4:55:AB:96:20,-52
BLE,1704597297959450235,D3:F4:55:AB:96:20,-52
BLE,1704597298341449517,D3:F4:55:AB:96:20,-53
BLE,1704597298734560948,D3:F4:55:AB:96:20,-52
BLE,1704597298998443365,DF:DF:EE:00:00:04,-48
BLE,1704597299282685355,DF:A6:DC:DC:2E:81,-72
BLE,1704597299282742730,DF:DF:EE:00:00:01,-72
BLE,1704597299503580906,D3:F4:55:AB:96:20,-68
BLE,1704597299691031300,D3:F4:55:AB:96:20,-66
BLE,1704597300275247871,D3:F4:55:AB:96:20,-52
BLE,1704597301238232682,D3:F4:55:AB:96:20,-62
BLE,1704597301817446567,DF:DF:EE:00:00:04,-73
BLE,1704597302008812495,D3:F4:55:AB:96:20,-68
BLE,1704597302203707336,D3:F4:55:AB:96:20,-52
BLE,1704597302273721316,DF:DF:EE:00:00:04,-35
BLE,1704597302590381933,D3:F4:55:AB:96:20,-82
BLE,1704597302816163213,DF:DF:EE:00:00:04,-36
BLE,1704597303106671165,DF:A6:DC:DC:2E:81,-58
BLE,1704597303106711373,DF:DF:EE:00:00:01,-58
BLE,1704597303170085104,D3:F4:55:AB:96:20,-68
BLE,1704597303278797089,DF:DF:EE:00:00:04,-39
BLE,1704597303358599068,D3:F4:55:AB:96:20,-52
BLE,1704597303751628667,D3:F4:55:AB:96:20,-63
BLE,1704597303819844545,DF:DF:EE:00:00:04,-50
BLE,1704597303938946564,D3:F4:55:AB:96:20,-53
BLE,1704597304133551242,D3:F4:55:AB:96:20,-69
BLE,1704597304275928630,DF:DF:EE:00:00:04,-51
BLE,1704597304326175862,D3:F4:55:AB:96:20,-63
BLE,1704597304520003675,D3:F4:55:AB:96:20,-67
BLE,1704597304708901718,D3:F4:55:AB:96:20,-66
BLE,1704597304810101799,DF:DF:EE:00:00:04,-50
BLE,1704597304899813235,D3:F4:55:AB:96:20,-63
BLE,1704597305268505979,DF:DF:EE:00:00:04,-65
BLE,1704597305652562068,DF:A6:DC:DC:2E:81,-58
BLE,1704597305652606692,DF:DF:EE:00:00:01,-58
BLE,1704597305672612270,D3:F4:55:AB:96:20,-66
BLE,1704597305815860396,DF:DF:EE:00:00:04,-52
BLE,1704597306272575306,DF:DF:EE:00:00:04,-56
BLE,1704597306824709995,D3:F4:55:AB:96:20,-68
BLE,1704597306883357495,DF:DF:EE:00:00:04,-50
BLE,1704597307408442573,D3:F4:55:AB:96:20,-53
BLE,1704597307802774780,D3:F4:55:AB:96:20,-69
BLE,1704597308184150737,D3:F4:55:AB:96:20,-66
BLE,1704597308308024611,DF:DF:EE:00:00:04,-50
BLE,1704597308756479626,D3:F4:55:AB:96:20,-66
BLE,1704597311270729934,D3:F4:55:AB:96:20,-69
BLE,1704597312238290019,D3:F4:55:AB:96:20,-69
BLE,1704597312320413886,DF:DF:EE:00:00:04,-53
BLE,1704597312623554551,D3:F4:55:AB:96:20,-62
BLE,1704597312817205158,D3:F4:55:AB:96:20,-71
BLE,1704597313194924203,D3:F4:55:AB:96:20,-70
BLE,1704597313328620494,DF:DF:EE:00:00:04,-53
BLE,1704597313773136059,D3:F4:55:AB:96:20,-52
BLE,1704597313864043189,DF:DF:EE:00:00:04,-66
BLE,1704597314353079602,D3:F4:55:AB:96:20,-69
BLE,1704597314542133059,D3:F4:55:AB:96:20,-52
BLE,1704597315503415350,D3:F4:55:AB:96:20,-52
BLE,1704597315859631545,DF:DF:EE:00:00:04,-40
BLE,1704597316264158497,D3:F4:55:AB:96:20,-52
BLE,1704597316450090370,D3:F4:55:AB:96:20,-67
BLE,1704597316643988348,D3:F4:55:AB:96:20,-52
BLE,1704597316861816188,DF:DF:EE:00:00:04,-66
BLE,1704597317405360612,D3:F4:55:AB:96:20,-55
BLE,1704597317789219620,D3:F4:55:AB:96:20,-70
BLE,1704597318556543558,D3:F4:55:AB:96:20,-70
BLE,1704597319126890640,D3:F4:55:AB:96:20,-67
BLE,1704597319368346094,DF:DF:EE:00:00:04,-55
BLE,1704597320362450632,DF:DF:EE:00:00:04,-50
BLE,1704597320859909437,D3:F4:55:AB:96:20,-69
BLE,1704597320926797207,DF:A6:DC:DC:2E:81,-72
BLE,1704597320926833165,DF:DF:EE:00:00:01,-72
BLE,1704597321051913107,D3:F4:55:AB:96:20,-71
BLE,1704597321819063589,D3:F4:55:AB:96:20,-52
BLE,1704597321826722991,DF:DF:EE:00:00:04,-51
BLE,1704597322015029750,D3:F4:55:AB:96:20,-55
BLE,1704597322366151801,DF:DF:EE:00:00:04,-49
BLE,1704597323360382629,DF:DF:EE:00:00:04,-51
BLE,1704597323369598803,D3:F4:55:AB:96:20,-55
BLE,1704597324140373822,D3:F4:55:AB:96:20,-52
BLE,1704597324335977321,D3:F4:55:AB:96:20,-55
BLE,1704597324359326230,DF:DF:EE:00:00:04,-47
BLE,1704597324531654485,D3:F4:55:AB:96:20,-68
BLE,1704597324920212141,D3:F4:55:AB:96:20,-71
BLE,1704597325116221177,D3:F4:55:AB:96:20,-66
BLE,1704597325509301484,D3:F4:55:AB:96:20,-64
BLE,1704597325697950196,D3:F4:55:AB:96:20,-66
BLE,1704597325895336672,D3:F4:55:AB:96:20,-68
BLE,1704597326011543561,DF:A6:DC:DC:2E:81,-58
BLE,1704597326011596894,DF:DF:EE:00:00:01,-58
BLE,1704597326082640610,D3:F4:55:AB:96:20,-82
BLE,1704597326090645550,DF:DF:EE:00:00:04,-53
BLE,1704597326271659235,D3:F4:55:AB:96:20,-71
BLE,1704597326855472561,D3:F4:55:AB:96:20,-55
BLE,1704597327051439305,D3:F4:55:AB:96:20,-53
BLE,1704597327245490115,D3:F4:55:AB:96:20,-69
BLE,1704597328398917033,D3:F4:55:AB:96:20,-52
BLE,1704597328791867299,D3:F4:55:AB:96:20,-71
BLE,1704597328981805871,D3:F4:55:AB:96:20,-52
BLE,1704597329180555912,D3:F4:55:AB:96:20,-63
BLE,1704597329369469913,DF:DF:EE:00:00:04,-45
BLE,1704597329376673696,D3:F4:55:AB:96:20,-55
BLE,1704597329571643453,D3:F4:55:AB:96:20,-82
BLE,1704597329765220061,D3:F4:55:AB:96:20,-68
BLE,1704597330349373091,D3:F4:55:AB:96:20,-85
BLE,1704597330369568666,DF:DF:EE:00:00:04,-55
BLE,1704597330903247134,DF:DF:EE:00:00:04,-53
BLE,1704597330925264269,D3:F4:55:AB:96:20,-60
BLE,1704597331120514605,D3:F4:55:AB:96:20,-68
BLE,1704597331887177385,D3:F4:55:AB:96:20,-67
BLE,1704597331902665312,DF:DF:EE:00:00:04,-73
BLE,1704597332276379158,D3:F4:55:AB:96:20,-70
BLE,1704597332361822690,DF:DF:EE:00:00:04,-36
BLE,1704597332470137097,D3:F4:55:AB:96:20,-53
BLE,1704597332667741612,D3:F4:55:AB:96:20,-58
BLE,1704597332856315450,D3:F4:55:AB:96:20,-68
BLE,1704597333047220218,D3:F4:55:AB:96:20,-68
BLE,1704597333243257586,D3:F4:55:AB:96:20,-55
BLE,1704597333434357850,D3:F4:55:AB:96:20,-68
BLE,1704597333631931407,D3:F4:55:AB:96:20,-66
BLE,1704597333646433097,DF:DF:EE:00:00:04,-52
BLE,1704597334007869767,D3:F4:55:AB:96:20,-55
BLE,1704597334393266130,D3:F4:55:AB:96:20,-70
BLE,1704597334589317248,D3:F4:55:AB:96:20,-68
BLE,1704597334640392512,DF:DF:EE:00:00:04,-36
BLE,1704597334780841299,D3:F4:55:AB:96:20,-63
BLE,1704597335353408394,D3:F4:55:AB:96:20,-68
BLE,1704597336454074653,DF:DF:EE:00:00:04,-66
BLE,1704597337086518524,D3:F4:55:AB:96:20,-63
BLE,1704597337281836359,D3:F4:55:AB:96:20,-69
BLE,1704597337472616211,D3:F4:55:AB:96:20,-72
BLE,1704597337864542741,D3:F4:55:AB:96:20,-66
BLE,1704597338053976069,D3:F4:55:AB:96:20,-68
BLE,1704597338446600673,D3:F4:55:AB:96:20,-66
BLE,1704597338720802459,DF:DF:EE:00:00:04,-56
BLE,1704597339014794657,D3:F4:55:AB:96:20,-68
BLE,1704597339185844637,DF:DF:EE:00:00:04,-55
BLE,1704597339585030199,D3:F4:55:AB:96:20,-52
BLE,1704597339776751831,D3:F4:55:AB:96:20,-69
BLE,1704597340164719286,D3:F4:55:AB:96:20,-66
BLE,1704597340181592737,DF:DF:EE:00:00:04,-40
BLE,1704597340363350038,D3:F4:55:AB:96:20,-66
BLE,1704597340749434351,D3:F4:55:AB:96:20,-52
BLE,1704597341709488741,D3:F4:55:AB:96:20,-69
BLE,1704597342095292099,D3:F4:55:AB:96:20,-52
BLE,1704597342282715077,D3:F4:55:AB:96:20,-63
BLE,1704597342479548810,D3:F4:55:AB:96:20,-52
BLE,1704597342872317038,D3:F4:55:AB:96:20,-56
BLE,1704597343263431203,D3:F4:55:AB:96:20,-68
BLE,1704597343451949126,D3:F4:55:AB:96:20,-53
BLE,1704597343640883210,D3:F4:55:AB:96:20,-55
BLE,1704597344028724750,D3:F4:55:AB:96:20,-52
BLE,1704597344216020147,D3:F4:55:AB:96:20,-52
BLE,1704597344734293769,DF:DF:EE:00:00:04,-44
BLE,1704597345738265056,DF:DF:EE:00:00:04,-66
BLE,1704597345755978371,D3:F4:55:AB:96:20,-70
BLE,1704597346271296823,DF:DF:EE:00:00:04,-52
BLE,1704597346730951362,DF:DF:EE:00:00:04,-55
BLE,1704597347095858029,D3:F4:55:AB:96:20,-66
BLE,1704597347270897499,DF:DF:EE:00:00:04,-50
BLE,1704597347287028960,D3:F4:55:AB:96:20,-70
BLE,1704597347670056395,D3:F4:55:AB:96:20,-72
BLE,1704597347671526668,D3:F4:55:AB:96:20,-68
BLE,1704597348059260460,D3:F4:55:AB:96:20,-68
BLE,1704597348246293360,D3:F4:55:AB:96:20,-66
BLE,1704597348269125610,DF:DF:EE:00:00:04,-45
BLE,1704597348437289043,D3:F4:55:AB:96:20,-69
BLE,1704597348626010421,D3:F4:55:AB:96:20,-53
BLE,1704597349214260732,D3:F4:55:AB:96:20,-69
BLE,1704597349267636258,DF:DF:EE:00:00:04,-52
BLE,1704597349789532209,D3:F4:55:AB:96:20,-66
BLE,1704597349975972908,D3:F4:55:AB:96:20,-67
BLE,1704597350266595734,DF:DF:EE:00:00:04,-48
BLE,1704597350741322246,D3:F4:55:AB:96:20,-68
BLE,1704597351519255257,D3:F4:55:AB:96:20,-63
BLE,1704597351712391412,D3:F4:55:AB:96:20,-66
BLE,1704597351907080714,D3:F4:55:AB:96:20,-68
BLE,1704597352092991629,D3:F4:55:AB:96:20,-66
BLE,1704597352483554093,D3:F4:55:AB:96:20,-61
BLE,1704597352676578958,D3:F4:55:AB:96:20,-68
BLE,1704597352779555099,DF:DF:EE:00:00:04,-40
BLE,1704597353446538487,D3:F4:55:AB:96:20,-55
BLE,1704597353636548474,D3:F4:55:AB:96:20,-68
BLE,1704597354027731347,D3:F4:55:AB:96:20,-69
BLE,1704597354052244950,DF:DF:EE:00:00:04,-34
BLE,1704597354420311618,D3:F4:55:AB:96:20,-55
BLE,1704597354596913735,DF:DF:EE:00:00:04,-53
BLE,1704597354611197802,D3:F4:55:AB:96:20,-69
BLE,1704597355057950839,DF:DF:EE:00:00:04,-56
BLE,1704597355285319640,DF:A6:DC:DC:2E:81,-58
BLE,1704597355285359515,DF:DF:EE:00:00:01,-58
BLE,1704597355375328823,D3:F4:55:AB:96:20,-66
BLE,1704597355570904780,D3:F4:55:AB:96:20,-69
BLE,1704597355762624995,D3:F4:55:AB:96:20,-63
BLE,1704597355955493529,D3:F4:55:AB:96:20,-68
BLE,1704597357124533830,D3:F4:55:AB:96:20,-69
BLE,1704597357324866976,DF:DF:EE:00:00:04,-40
BLE,1704597357505991743,D3:F4:55:AB:96:20,-69
BLE,1704597358090934555,D3:F4:55:AB:96:20,-68
BLE,1704597358480641030,D3:F4:55:AB:96:20,-52
BLE,1704597358865714898,DF:DF:EE:00:00:04,-52
BLE,1704597359058971718,D3:F4:55:AB:96:20,-69
BLE,1704597359330666077,DF:DF:EE:00:00:04,-72
BLE,1704597359435867024,D3:F4:55:AB:96:20,-71
BLE,1704597359627369491,D3:F4:55:AB:96:20,-66
BLE,1704597359817752307,D3:F4:55:AB:96:20,-70
BLE,1704597360782516803,D3:F4:55:AB:96:20,-55
BLE,1704597361318893194,DF:DF:EE:00:00:04,-46
BLE,1704597361742193990,D3:F4:55:AB:96:20,-66
BLE,1704597361857711096,DF:DF:EE:00:00:04,-50
BLE,1704597361929358846,DF:DF:EE:00:00:04,-44
BLE,1704597361940255874,D3:F4:55:AB:96:20,-68
BLE,1704597362362042730,DF:DF:EE:00:00:04,-42
BLE,1704597362516511172,D3:F4:55:AB:96:20,-55
BLE,1704597362710640772,D3:F4:55:AB:96:20,-52
BLE,1704597362908617158,D3:F4:55:AB:96:20,-68
BLE,1704597363295796395,D3:F4:55:AB:96:20,-52
BLE,1704597365369455561,DF:DF:EE:00:00:04,-50
BLE,1704597365809445386,D3:F4:55:AB:96:20,-52
BLE,1704597365997429575,D3:F4:55:AB:96:20,-67
BLE,1704597366577644603,D3:F4:55:AB:96:20,-68
BLE,1704597366964918547,D3:F4:55:AB:96:20,-67
BLE,1704597367191829664,DF:DF:EE:00:00:04,-50
BLE,1704597367923836959,D3:F4:55:AB:96:20,-64
BLE,1704597368110068878,D3:F4:55:AB:96:20,-63
BLE,1704597368195694473,DF:DF:EE:00:00:04,-63
BLE,1704597368309561047,D3:F4:55:AB:96:20,-68
BLE,1704597368698185807,D3:F4:55:AB:96:20,-66
BLE,1704597369187404933,DF:DF:EE:00:00:04,-40
BLE,1704597369273574271,D3:F4:55:AB:96:20,-71
BLE,1704597369647466882,DF:DF:EE:00:00:04,-54
BLE,1704597369651592414,D3:F4:55:AB:96:20,-55
BLE,1704597369845678818,D3:F4:55:AB:96:20,-67
BLE,1704597370562442137,DF:A6:DC:DC:2E:81,-68
BLE,1704597370562534260,DF:DF:EE:00:00:01,-68
BLE,1704597370649097760,DF:DF:EE:00:00:04,-50
BLE,1704597371012321838,D3:F4:55:AB:96:20,-66
BLE,1704597371188096054,DF:DF:EE:00:00:04,-62
BLE,1704597371398601753,D3:F4:55:AB:96:20,-66
BLE,1704597371647076850,DF:DF:EE:00:00:04,-35
BLE,1704597371787479093,D3:F4:55:AB:96:20,-55
BLE,1704597372185561776,DF:DF:EE:00:00:04,-45
BLE,1704597372560275960,D3:F4:55:AB:96:20,-52
BLE,1704597372754952357,D3:F4:55:AB:96:20,-55
BLE,1704597372948561058,D3:F4:55:AB:96:20,-69
BLE,1704597373529692617,D3:F4:55:AB:96:20,-69
BLE,1704597373916286944,D3:F4:55:AB:96:20,-66
BLE,1704597374420596006,DF:DF:EE:00:00:04,-52
BLE,1704597374489104565,D3:F4:55:AB:96:20,-72
BLE,1704597375263061001,D3:F4:55:AB:96:20,-69
BLE,1704597375425070765,DF:DF:EE:00:00:04,-52
BLE,1704597376027288017,D3:F4:55:AB:96:20,-68
BLE,1704597376423880553,DF:DF:EE:00:00:04,-37
BLE,1704597376611140500,D3:F4:55:AB:96:20,-68
BLE,1704597376799640765,D3:F4:55:AB:96:20,-58
BLE,1704597376995390148,D3:F4:55:AB:96:20,-68
BLE,1704597377376321588,D3:F4:55:AB:96:20,-68
BLE,1704597377960442734,DF:DF:EE:00:00:04,-39
BLE,1704597378330576851,D3:F4:55:AB:96:20,-67
BLE,1704597378425896824,DF:DF:EE:00:00:04,-53
BLE,1704597379695347099,DF:DF:EE:00:00:04,-62
BLE,1704597379870049871,D3:F4:55:AB:96:20,-52
BLE,1704597380235402505,DF:DF:EE:00:00:04,-50
BLE,1704597380442362623,D3:F4:55:AB:96:20,-52
BLE,1704597380631257967,D3:F4:55:AB:96:20,-70
BLE,1704597380698721914,DF:DF:EE:00:00:04,-52
BLE,1704597381395365943,D3:F4:55:AB:96:20,-70
BLE,1704597381587253999,D3:F4:55:AB:96:20,-53
BLE,1704597381779413885,D3:F4:55:AB:96:20,-71
BLE,1704597382751721380,D3:F4:55:AB:96:20,-67
BLE,1704597383524737828,D3:F4:55:AB:96:20,-62
BLE,1704597383910319293,D3:F4:55:AB:96:20,-66
BLE,1704597384235233226,DF:DF:EE:00:00:04,-56
BLE,1704597384292783214,D3:F4:55:AB:96:20,-68
BLE,1704597384489734415,D3:F4:55:AB:96:20,-52
BLE,1704597384679759119,D3:F4:55:AB:96:20,-70
BLE,1704597385832763727,D3:F4:55:AB:96:20,-68
BLE,1704597385963753879,DF:DF:EE:00:00:04,-53
BLE,1704597386025599397,D3:F4:55:AB:96:20,-54
BLE,1704597386503447623,DF:DF:EE:00:00:04,-53
BLE,1704597386790479530,D3:F4:55:AB:96:20,-66
BLE,1704597386966436702,DF:DF:EE:00:00:04,-46
BLE,1704597386985316174,D3:F4:55:AB:96:20,-53
BLE,1704597387175292088,D3:F4:55:AB:96:20,-70
BLE,1704597387366465361,D3:F4:55:AB:96:20,-68
BLE,1704597387558400875,D3:F4:55:AB:96:20,-55
BLE,1704597387750058476,D3:F4:55:AB:96:20,-68
BLE,1704597387963832842,DF:DF:EE:00:00:04,-53
BLE,1704597388330089798,D3:F4:55:AB:96:20,-69
BLE,1704597388364400661,DF:A6:DC:DC:2E:81,-59
BLE,1704597388364433160,DF:DF:EE:00:00:01,-59
BLE,1704597388506457382,DF:DF:EE:00:00:04,-48
BLE,1704597388905951798,D3:F4:55:AB:96:20,-53
BLE,1704597389297586270,D3:F4:55:AB:96:20,-52
BLE,1704597389486366532,D3:F4:55:AB:96:20,-53
BLE,1704597389875114457,D3:F4:55:AB:96:20,-70
BLE,1704597389961705707,DF:DF:EE:00:00:04,-34
BLE,1704597390065134412,D3:F4:55:AB:96:20,-53
BLE,1704597390252579232,D3:F4:55:AB:96:20,-67
BLE,1704597390499881261,DF:DF:EE:00:00:04,-35
BLE,1704597390906972040,DF:A6:DC:DC:2E:81,-71
BLE,1704597390907023623,DF:DF:EE:00:00:01,-71
BLE,1704597391032983213,D3:F4:55:AB:96:20,-52
BLE,1704597391789005623,D3:F4:55:AB:96:20,-55
BLE,1704597391980767681,D3:F4:55:AB:96:20,-64
BLE,1704597392470119055,DF:DF:EE:00:00:04,-56
BLE,1704597392750289756,D3:F4:55:AB:96:20,-65
BLE,1704597392947601828,D3:F4:55:AB:96:20,-68
BLE,1704597393527434195,D3:F4:55:AB:96:20,-53
BLE,1704597393719493249,D3:F4:55:AB:96:20,-66
BLE,1704597394102248749,D3:F4:55:AB:96:20,-52
BLE,1704597395449101722,D3:F4:55:AB:96:20,-66
BLE,1704597395468160233,DF:DF:EE:00:00:04,-56
BLE,1704597395829879413,D3:F4:55:AB:96:20,-67
BLE,1704597396214457016,D3:F4:55:AB:96:20,-67
BLE,1704597396461776170,DF:DF:EE:00:00:04,-50
BLE,1704597396605826658,D3:F4:55:AB:96:20,-70
BLE,1704597396801986494,D3:F4:55:AB:96:20,-53
BLE,1704597397190546588,D3:F4:55:AB:96:20,-70
BLE,1704597397743115380,DF:DF:EE:00:00:04,-51
BLE,1704597397766482087,D3:F4:55:AB:96:20,-69
BLE,1704597398282900331,DF:DF:EE:00:00:04,-50
BLE,1704597398744202181,DF:DF:EE:00:00:04,-37
BLE,1704597398929048409,D3:F4:55:AB:96:20,-69
BLE,1704597399118962906,D3:F4:55:AB:96:20,-62
BLE,1704597399314203420,D3:F4:55:AB:96:20,-63
BLE,1704597399703489131,D3:F4:55:AB:96:20,-63
BLE,1704597399744877529,DF:DF:EE:00:00:04,-50
BLE,1704597399897493410,D3:F4:55:AB:96:20,-68
BLE,1704597400468681968,D3:F4:55:AB:96:20,-52
BLE,1704597400662610541,D3:F4:55:AB:96:20,-69
BLE,1704597401240320100,D3:F4:55:AB:96:20,-55
BLE,1704597401631471329,D3:F4:55:AB:96:20,-52
BLE,1704597402397916442,D3:F4:55:AB:96:20,-68
BLE,1704597402554391150,DF:DF:EE:00:00:04,-55
BLE,1704597402974735263,D3:F4:55:AB:96:20,-70
BLE,1704597403167877137,D3:F4:55:AB:96:20,-53
BLE,1704597404130504503,D3:F4:55:AB:96:20,-52
BLE,1704597404287616453,DF:DF:EE:00:00:04,-57
BLE,1704597404703211501,D3:F4:55:AB:96:20,-55
BLE,1704597404822378592,DF:DF:EE:00:00:04,-67
BLE,1704597404895416178,D3:F4:55:AB:96:20,-68
BLE,1704597405085718754,D3:F4:55:AB:96:20,-70
BLE,1704597406041280709,D3:F4:55:AB:96:20,-67
BLE,1704597406286653054,DF:DF:EE:00:00:04,-55
BLE,1704597406811712147,D3:F4:55:AB:96:20,-66
BLE,1704597406828818308,DF:DF:EE:00:00:04,-56
BLE,1704597407198198226,D3:F4:55:AB:96:20,-66
BLE,1704597407392621334,D3:F4:55:AB:96:20,-75
BLE,1704597407774450262,D3:F4:55:AB:96:20,-52
BLE,1704597407966834104,D3:F4:55:AB:96:20,-71
BLE,1704597408349262608,D3:F4:55:AB:96:20,-55
BLE,1704597408705600981,DF:A6:DC:DC:2E:81,-58
BLE,1704597408705658397,DF:DF:EE:00:00:01,-58
BLE,1704597408926644380,D3:F4:55:AB:96:20,-53
BLE,1704597409118023151,D3:F4:55:AB:96:20,-55
BLE,1704597409503116997,D3:F4:55:AB:96:20,-84
BLE,1704597410838754735,D3:F4:55:AB:96:20,-67
BLE,1704597411220617622,D3:F4:55:AB:96:20,-65
BLE,1704597411247674491,DF:A6:DC:DC:2E:81,-68
BLE,1704597411247716658,DF:DF:EE:00:00:01,-68
BLE,1704597411789803622,D3:F4:55:AB:96:20,-55
BLE,1704597412182986575,D3:F4:55:AB:96:20,-68
BLE,1704597412563968430,D3:F4:55:AB:96:20,-69
BLE,1704597412834102257,DF:DF:EE:00:00:04,-72
BLE,1704597412938139746,D3:F4:55:AB:96:20,-61
BLE,1704597413374673907,DF:DF:EE:00:00:04,-51
BLE,1704597413516553547,D3:F4:55:AB:96:20,-52
BLE,1704597414094583520,D3:F4:55:AB:96:20,-69
BLE,1704597414284176146,D3:F4:55:AB:96:20,-52
BLE,1704597414367605727,DF:DF:EE:00:00:04,-55
BLE,1704597414674757340,D3:F4:55:AB:96:20,-71
BLE,1704597414828049588,DF:DF:EE:00:00:04,-53
BLE,1704597415829020391,DF:DF:EE:00:00:04,-50
BLE,1704597416010054083,D3:F4:55:AB:96:20,-68
BLE,1704597416369366501,DF:DF:EE:00:00:04,-63
BLE,1704597416783791355,D3:F4:55:AB:96:20,-63
BLE,1704597416826406863,DF:DF:EE:00:00:04,-45
BLE,1704597417745343901,D3:F4:55:AB:96:20,-53
BLE,1704597417831508656,DF:DF:EE:00:00:04,-55
BLE,1704597419869607059,D3:F4:55:AB:96:20,-70
BLE,1704597419875704649,DF:DF:EE:00:00:04,-56
BLE,1704597420059542931,D3:F4:55:AB:96:20,-63
BLE,1704597420155714603,DF:A6:DC:DC:2E:81,-59
BLE,1704597420155759810,DF:DF:EE:00:00:01,-59
BLE,1704597420246363926,D3:F4:55:AB:96:20,-67
BLE,1704597420334816944,DF:DF:EE:00:00:04,-65
BLE,1704597420442989423,D3:F4:55:AB:96:20,-63
BLE,1704597420628942929,D3:F4:55:AB:96:20,-58
BLE,1704597420825163014,D3:F4:55:AB:96:20,-68
BLE,1704597421018070474,D3:F4:55:AB:96:20,-55
BLE,1704597421207160899,D3:F4:55:AB:96:20,-69
BLE,1704597422149376979,DF:DF:EE:00:00:04,-61
BLE,1704597422359282434,D3:F4:55:AB:96:20,-66
BLE,1704597422556842711,D3:F4:55:AB:96:20,-52
BLE,1704597423703137153,D3:F4:55:AB:96:20,-68
BLE,1704597423883933556,DF:DF:EE:00:00:04,-66
BLE,1704597423979459694,DF:A6:DC:DC:2E:81,-58
BLE,1704597423979500693,DF:DF:EE:00:00:01,-58
BLE,1704597424084323090,D3:F4:55:AB:96:20,-69
BLE,1704597424420096428,DF:DF:EE:00:00:04,-39
BLE,1704597424469825305,D3:F4:55:AB:96:20,-68
BLE,1704597424885604226,DF:DF:EE:00:00:04,-53
BLE,1704597425039509424,D3:F4:55:AB:96:20,-69
BLE,1704597425617675978,D3:F4:55:AB:96:20,-52
BLE,1704597425804549014,D3:F4:55:AB:96:20,-66
BLE,1704597425996984855,D3:F4:55:AB:96:20,-68
BLE,1704597426157105683,DF:DF:EE:00:00:04,-44
BLE,1704597426190881761,D3:F4:55:AB:96:20,-55
BLE,1704597426524064298,DF:A6:DC:DC:2E:81,-74
BLE,1704597426524124714,DF:DF:EE:00:00:01,-74
BLE,1704597426694382791,DF:DF:EE:00:00:04,-72
BLE,1704597427148223235,D3:F4:55:AB:96:20,-53
BLE,1704597427523969823,D3:F4:55:AB:96:20,-55
BLE,1704597427690275699,DF:DF:EE:00:00:04,-45
BLE,1704597428153203821,DF:DF:EE:00:00:04,-53
BLE,1704597428275288001,D3:F4:55:AB:96:20,-52
BLE,1704597428467286014,D3:F4:55:AB:96:20,-71
BLE,1704597428691458582,DF:DF:EE:00:00:04,-53
BLE,1704597429149362184,DF:DF:EE:00:00:04,-66
BLE,1704597429235668228,D3:F4:55:AB:96:20,-68
BLE,1704597429810019663,D3:F4:55:AB:96:20,-67
BLE,1704597430585387790,D3:F4:55:AB:96:20,-69
BLE,1704597431947097536,D3:F4:55:AB:96:20,-67
BLE,1704597432328666051,D3:F4:55:AB:96:20,-67
BLE,1704597432431962549,DF:DF:EE:00:00:04,-40
BLE,1704597432712256040,D3:F4:55:AB:96:20,-67
BLE,1704597433290440511,D3:F4:55:AB:96:20,-69
BLE,1704597434242221596,DF:DF:EE:00:00:04,-46
BLE,1704597434446019962,D3:F4:55:AB:96:20,-63
BLE,1704597434699268208,DF:DF:EE:00:00:04,-53
BLE,1704597435023327526,D3:F4:55:AB:96:20,-69
BLE,1704597435436165733,DF:A6:DC:DC:2E:81,-58
BLE,1704597435436220524,DF:DF:EE:00:00:01,-58
BLE,1704597435794597580,D3:F4:55:AB:96:20,-67
BLE,1704597436377748821,D3:F4:55:AB:96:20,-66
BLE,1704597436769648665,D3:F4:55:AB:96:20,-71
BLE,1704597437254622053,DF:DF:EE:00:00:04,-45
BLE,1704597437360263355,D3:F4:55:AB:96:20,-69
BLE,1704597437745139287,D3:F4:55:AB:96:20,-52
BLE,1704597437788701242,DF:DF:EE:00:00:04,-56
BLE,1704597438788516351,DF:DF:EE:00:00:04,-50
BLE,1704597439694321178,D3:F4:55:AB:96:20,-61
BLE,1704597439793418313,DF:DF:EE:00:00:04,-55
BLE,1704597439883466394,D3:F4:55:AB:96:20,-68
BLE,1704597440271170082,D3:F4:55:AB:96:20,-66
BLE,1704597440788634063,DF:DF:EE:00:00:04,-51
BLE,1704597441816458988,D3:F4:55:AB:96:20,-53
BLE,1704597442577929080,D3:F4:55:AB:96:20,-63
BLE,1704597442771152328,D3:F4:55:AB:96:20,-69
BLE,1704597442795920185,DF:DF:EE:00:00:04,-65
BLE,1704597442855979808,DF:DF:EE:00:00:04,-34
BLE,1704597442965818099,D3:F4:55:AB:96:20,-52
BLE,1704597443063219505,DF:A6:DC:DC:2E:81,-72
BLE,1704597443063247463,DF:DF:EE:00:00:01,-72
BLE,1704597443287463948,DF:DF:EE:00:00:04,-51
BLE,1704597443344348111,D3:F4:55:AB:96:20,-69
BLE,1704597443725459840,D3:F4:55:AB:96:20,-69
BLE,1704597444115882786,D3:F4:55:AB:96:20,-66
BLE,1704597444705683028,D3:F4:55:AB:96:20,-52
BLE,1704597444897209797,D3:F4:55:AB:96:20,-78
BLE,1704597445093390591,D3:F4:55:AB:96:20,-70
BLE,1704597445486754375,D3:F4:55:AB:96:20,-68
BLE,1704597446649084949,D3:F4:55:AB:96:20,-70
BLE,1704597447029725809,DF:DF:EE:00:00:04,-52
BLE,1704597447238788651,D3:F4:55:AB:96:20,-68
BLE,1704597447620810493,D3:F4:55:AB:96:20,-69
BLE,1704597447816603251,D3:F4:55:AB:96:20,-55
BLE,1704597448146536245,DF:A6:DC:DC:2E:81,-75
BLE,1704597448146575912,DF:DF:EE:00:00:01,-75
BLE,1704597448205065554,D3:F4:55:AB:96:20,-66
BLE,1704597448394674472,D3:F4:55:AB:96:20,-67
BLE,1704597448583597441,D3:F4:55:AB:96:20,-61
BLE,1704597448839133825,DF:DF:EE:00:00:04,-55
BLE,1704597448968316208,D3:F4:55:AB:96:20,-52
BLE,1704597449541234286,D3:F4:55:AB:96:20,-52
BLE,1704597449926075677,D3:F4:55:AB:96:20,-53
BLE,1704597450119348049,D3:F4:55:AB:96:20,-58
BLE,1704597450303309413,DF:DF:EE:00:00:04,-35
BLE,1704597450312329258,D3:F4:55:AB:96:20,-70
BLE,1704597450689120541,DF:A6:DC:DC:2E:81,-59
BLE,1704597450689163958,DF:DF:EE:00:00:01,-59
BLE,1704597450835947287,DF:DF:EE:00:00:04,-63
BLE,1704597451093026027,D3:F4:55:AB:96:20,-66
BLE,1704597451839347851,DF:DF:EE:00:00:04,-51
BLE,1704597451840802541,DF:DF:EE:00:00:04,-52
BLE,1704597451859785345,D3:F4:55:AB:96:20,-58
BLE,1704597452299301843,DF:DF:EE:00:00:04,-50
BLE,1704597452639635791,D3:F4:55:AB:96:20,-63
BLE,1704597452841023020,DF:DF:EE:00:00:04,-63
BLE,1704597453405451913,D3:F4:55:AB:96:20,-69
BLE,1704597453601386043,D3:F4:55:AB:96:20,-55
BLE,1704597453793263141,D3:F4:55:AB:96:20,-62
BLE,1704597453836970302,DF:DF:EE:00:00:04,-50
BLE,1704597453907028925,DF:DF:EE:00:00:04,-51
BLE,1704597453991101706,D3:F4:55:AB:96:20,-66
BLE,1704597454380098253,D3:F4:55:AB:96:20,-66
BLE,1704597454765958881,D3:F4:55:AB:96:20,-71
BLE,1704597455141872842,D3:F4:55:AB:96:20,-66
BLE,1704597455338569838,DF:DF:EE:00:00:04,-39
BLE,1704597455533447440,D3:F4:55:AB:96:20,-71
BLE,1704597455722993692,D3:F4:55:AB:96:20,-63
BLE,1704597455913138979,D3:F4:55:AB:96:20,-70
BLE,1704597456293022140,D3:F4:55:AB:96:20,-66
BLE,1704597456800065626,DF:DF:EE:00:00:04,-72
BLE,1704597457058519016,D3:F4:55:AB:96:20,-66
BLE,1704597457804715799,DF:DF:EE:00:00:04,-53
BLE,1704597458031002883,D3:F4:55:AB:96:20,-70
BLE,1704597458340821338,DF:DF:EE:00:00:04,-45
BLE,1704597458414684080,D3:F4:55:AB:96:20,-60
BLE,1704597458800783455,DF:DF:EE:00:00:04,-55
BLE,1704597459372432632,D3:F4:55:AB:96:20,-67
BLE,1704597459579043296,DF:A6:DC:DC:2E:81,-58
BLE,1704597459579091337,DF:DF:EE:00:00:01,-58
BLE,1704597459957707472,D3:F4:55:AB:96:20,-52
BLE,1704597460340009895,DF:DF:EE:00:00:04,-36
BLE,1704597460731146415,D3:F4:55:AB:96:20,-70
BLE,1704597460803789798,DF:DF:EE:00:00:04,-55
BLE,1704597460927528915,D3:F4:55:AB:96:20,-52
BLE,1704597461122574640,D3:F4:55:AB:96:20,-52
BLE,1704597461318549270,D3:F4:55:AB:96:20,-55
BLE,1704597461508657515,D3:F4:55:AB:96:20,-52
BLE,1704597461890645109,D3:F4:55:AB:96:20,-53
BLE,1704597462089940697,D3:F4:55:AB:96:20,-52
BLE,1704597462118797294,DF:A6:DC:DC:2E:81,-59
BLE,1704597462118811877,DF:DF:EE:00:00:01,-59
BLE,1704597462283750188,D3:F4:55:AB:96:20,-70
BLE,1704597462477756801,D3:F4:55:AB:96:20,-67
BLE,1704597463063967796,D3:F4:55:AB:96:20,-63
BLE,1704597463261708112,D3:F4:55:AB:96:20,-52
BLE,1704597463448276401,D3:F4:55:AB:96:20,-67
BLE,1704597463841421188,D3:F4:55:AB:96:20,-68
BLE,1704597464606551943,D3:F4:55:AB:96:20,-63
BLE,1704597464663717353,DF:A6:DC:DC:2E:81,-58
BLE,1704597464663736602,DF:DF:EE:00:00:01,-58
BLE,1704597465758597522,D3:F4:55:AB:96:20,-68
BLE,1704597466148806804,D3:F4:55:AB:96:20,-68
BLE,1704597466341499683,D3:F4:55:AB:96:20,-68
BLE,1704597466730388231,D3:F4:55:AB:96:20,-68
BLE,1704597468455145099,D3:F4:55:AB:96:20,-64
BLE,1704597468622290173,DF:DF:EE:00:00:04,-51
BLE,1704597468645000555,D3:F4:55:AB:96:20,-52
BLE,1704597469618405953,DF:DF:EE:00:00:04,-52
BLE,1704597470007282960,D3:F4:55:AB:96:20,-63
BLE,1704597470897206028,DF:DF:EE:00:00:04,-50
BLE,1704597470968487219,D3:F4:55:AB:96:20,-70
BLE,1704597471432485327,DF:DF:EE:00:00:04,-66
BLE,1704597472129382228,D3:F4:55:AB:96:20,-52
BLE,1704597472323512590,D3:F4:55:AB:96:20,-52
BLE,1704597472511285697,D3:F4:55:AB:96:20,-66
BLE,1704597472896445209,D3:F4:55:AB:96:20,-78
BLE,1704597473093759406,D3:F4:55:AB:96:20,-52
BLE,1704597473280951771,D3:F4:55:AB:96:20,-69
BLE,1704597473476723487,D3:F4:55:AB:96:20,-52
BLE,1704597473663927477,D3:F4:55:AB:96:20,-52
BLE,1704597473854465008,D3:F4:55:AB:96:20,-67
BLE,1704597474456530513,DF:DF:EE:00:00:04,-53
BLE,1704597474618351987,D3:F4:55:AB:96:20,-52
BLE,1704597474813701333,D3:F4:55:AB:96:20,-55
BLE,1704597474855823639,DF:A6:DC:DC:2E:81,-72
BLE,1704597474855840181,DF:DF:EE:00:00:01,-72
BLE,1704597474987935152,DF:DF:EE:00:00:04,-51
BLE,1704597475003837828,D3:F4:55:AB:96:20,-69
BLE,1704597475194632981,D3:F4:55:AB:96:20,-65
BLE,1704597475390978982,D3:F4:55:AB:96:20,-53
BLE,1704597475777452310,D3:F4:55:AB:96:20,-68
BLE,1704597475968805248,D3:F4:55:AB:96:20,-63
BLE,1704597476156529398,D3:F4:55:AB:96:20,-66
BLE,1704597476355332576,D3:F4:55:AB:96:20,-52
BLE,1704597476990153504,DF:DF:EE:00:00:04,-51
BLE,1704597477890628524,D3:F4:55:AB:96:20,-53
BLE,1704597478084307474,D3:F4:55:AB:96:20,-68
BLE,1704597478459200156,D3:F4:55:AB:96:20,-55
BLE,1704597478729150360,DF:DF:EE:00:00:04,-53
BLE,1704597478847079009,D3:F4:55:AB:96:20,-72
BLE,1704597478848430159,D3:F4:55:AB:96:20,-69
BLE,1704597480184366268,D3:F4:55:AB:96:20,-67
BLE,1704597480953500307,D3:F4:55:AB:96:20,-67
BLE,1704597482493912523,D3:F4:55:AB:96:20,-62
BLE,1704597483263044770,DF:DF:EE:00:00:04,-63
BLE,1704597483443685217,D3:F4:55:AB:96:20,-63
BLE,1704597484598353596,D3:F4:55:AB:96:20,-68
BLE,1704597484766702488,DF:DF:EE:00:00:04,-39
BLE,1704597485226895852,DF:DF:EE:00:00:04,-34
BLE,1704597485369330694,D3:F4:55:AB:96:20,-55
BLE,1704597485752928476,D3:F4:55:AB:96:20,-55
BLE,1704597485761448494,DF:DF:EE:00:00:04,-73
BLE,1704597485942350188,D3:F4:55:AB:96:20,-68
BLE,1704597486228653520,DF:DF:EE:00:00:04,-51
BLE,1704597486709791289,D3:F4:55:AB:96:20,-52
BLE,1704597486758514929,DF:DF:EE:00:00:04,-34
BLE,1704597486899758786,D3:F4:55:AB:96:20,-55
BLE,1704597487095733749,D3:F4:55:AB:96:20,-67
BLE,1704597487291166261,D3:F4:55:AB:96:20,-58
BLE,1704597487763969843,DF:DF:EE:00:00:04,-39
BLE,1704597487871187834,D3:F4:55:AB:96:20,-69
BLE,1704597488059786473,D3:F4:55:AB:96:20,-53
BLE,1704597488227566164,DF:DF:EE:00:00:04,-54
BLE,1704597488258124907,D3:F4:55:AB:96:20,-68
BLE,1704597488447012625,D3:F4:55:AB:96:20,-66
BLE,1704597488763977949,DF:DF:EE:00:00:04,-53
BLE,1704597488826336710,D3:F4:55:AB:96:20,-62
BLE,1704597488850681239,DF:A6:DC:DC:2E:81,-72
BLE,1704597488850695489,DF:DF:EE:00:00:01,-72
BLE,1704597489216163788,D3:F4:55:AB:96:20,-70
BLE,1704597489222345461,DF:DF:EE:00:00:04,-65
BLE,1704597489599129744,D3:F4:55:AB:96:20,-70
BLE,1704597489764014639,DF:DF:EE:00:00:04,-56
BLE,1704597489793617018,D3:F4:55:AB:96:20,-52
BLE,1704597489991602248,D3:F4:55:AB:96:20,-69
BLE,1704597490228739946,DF:DF:EE:00:00:04,-53
BLE,1704597490753561334,D3:F4:55:AB:96:20,-68
BLE,1704597490762665720,DF:DF:EE:00:00:04,-50
BLE,1704597490942336513,D3:F4:55:AB:96:20,-52
BLE,1704597491134440400,D3:F4:55:AB:96:20,-69
BLE,1704597491225551593,DF:DF:EE:00:00:04,-56
BLE,1704597491322915165,D3:F4:55:AB:96:20,-52
BLE,1704597491901613546,D3:F4:55:AB:96:20,-84
BLE,1704597492089716900,D3:F4:55:AB:96:20,-67
BLE,1704597492491809074,DF:DF:EE:00:00:04,-50
BLE,1704597493031355820,DF:DF:EE:00:00:04,-51
BLE,1704597493245544556,D3:F4:55:AB:96:20,-71
BLE,1704597494205241125,D3:F4:55:AB:96:20,-52
BLE,1704597494785035075,D3:F4:55:AB:96:20,-68
BLE,1704597495172482017,D3:F4:55:AB:96:20,-52
BLE,1704597495219942756,DF:A6:DC:DC:2E:81,-73
BLE,1704597495219989464,DF:DF:EE:00:00:01,-73
BLE,1704597495366977957,D3:F4:55:AB:96:20,-64
BLE,1704597495938140640,D3:F4:55:AB:96:20,-68
BLE,1704597496029772743,DF:DF:EE:00:00:04,-36
BLE,1704597496327715014,D3:F4:55:AB:96:20,-55
BLE,1704597496492616658,DF:DF:EE:00:00:04,-62
BLE,1704597496900194764,D3:F4:55:AB:96:20,-63
BLE,1704597497039174899,DF:DF:EE:00:00:04,-35
BLE,1704597497096296934,D3:F4:55:AB:96:20,-52
BLE,1704597497284447037,D3:F4:55:AB:96:20,-68
BLE,1704597497474043164,D3:F4:55:AB:96:20,-71
BLE,1704597497501077242,DF:DF:EE:00:00:04,-72
BLE,1704597497856420210,D3:F4:55:AB:96:20,-70
BLE,1704597498049376795,D3:F4:55:AB:96:20,-52
BLE,1704597498245781044,D3:F4:55:AB:96:20,-86
BLE,1704597498440654355,D3:F4:55:AB:96:20,-55
BLE,1704597500303753865,DF:DF:EE:00:00:04,-65
BLE,1704597500361326478,D3:F4:55:AB:96:20,-53
BLE,1704597500766948067,DF:DF:EE:00:00:04,-56
BLE,1704597500944321346,D3:F4:55:AB:96:20,-52
BLE,1704597501307926878,DF:DF:EE:00:00:04,-55
BLE,1704597501529006652,D3:F4:55:AB:96:20,-69
BLE,1704597501764484413,DF:DF:EE:00:00:04,-51
BLE,1704597502682078759,D3:F4:55:AB:96:20,-69
BLE,1704597502770814690,DF:DF:EE:00:00:04,-55
BLE,1704597504230778372,D3:F4:55:AB:96:20,-64
BLE,1704597504418886767,D3:F4:55:AB:96:20,-66
BLE,1704597504608238272,D3:F4:55:AB:96:20,-55
BLE,1704597504804436732,D3:F4:55:AB:96:20,-68
BLE,1704597505190669481,D3:F4:55:AB:96:20,-61
BLE,1704597505581042719,DF:DF:EE:00:00:04,-56
BLE,1704597506359370851,D3:F4:55:AB:96:20,-55
BLE,1704597506550610790,D3:F4:55:AB:96:20,-68
BLE,1704597506739270637,D3:F4:55:AB:96:20,-53
BLE,1704597507125472969,D3:F4:55:AB:96:20,-55
BLE,1704597507308283638,DF:DF:EE:00:00:04,-66
BLE,1704597507699796321,D3:F4:55:AB:96:20,-66
BLE,1704597508086944349,D3:F4:55:AB:96:20,-62
BLE,1704597508472519481,D3:F4:55:AB:96:20,-52
BLE,1704597508666555260,D3:F4:55:AB:96:20,-52
BLE,1704597508855061525,D3:F4:55:AB:96:20,-52
BLE,1704597509615740503,D3:F4:55:AB:96:20,-66
BLE,1704597509805727208,D3:F4:55:AB:96:20,-55
BLE,1704597509996951022,D3:F4:55:AB:96:20,-52
BLE,1704597510190091563,D3:F4:55:AB:96:20,-71
BLE,1704597510495385116,DF:A6:DC:DC:2E:81,-72
BLE,1704597510495430407,DF:DF:EE:00:00:01,-72
BLE,1704597510578305870,D3:F4:55:AB:96:20,-85
BLE,1704597510963957584,D3:F4:55:AB:96:20,-52
BLE,1704597511162910177,D3:F4:55:AB:96:20,-63
BLE,1704597512700443721,D3:F4:55:AB:96:20,-68
BLE,1704597513034912409,DF:A6:DC:DC:2E:81,-58
BLE,1704597513034954283,DF:DF:EE:00:00:01,-58
BLE,1704597513093840296,D3:F4:55:AB:96:20,-52
BLE,1704597513281910525,D3:F4:55:AB:96:20,-52
BLE,1704597513478570647,D3:F4:55:AB:96:20,-52
BLE,1704597513675166102,D3:F4:55:AB:96:20,-71
BLE,1704597514059531166,D3:F4:55:AB:96:20,-55
BLE,1704597514249529621,D3:F4:55:AB:96:20,-52
BLE,1704597515017172219,D3:F4:55:AB:96:20,-67
BLE,1704597515211802575,D3:F4:55:AB:96:20,-69
BLE,1704597515398242366,DF:DF:EE:00:00:04,-66
BLE,1704597515597326165,D3:F4:55:AB:96:20,-66
BLE,1704597515978260355,D3:F4:55:AB:96:20,-63
BLE,1704597516172809003,D3:F4:55:AB:96:20,-55
BLE,1704597516947630553,D3:F4:55:AB:96:20,-87
BLE,1704597517137969295,D3:F4:55:AB:96:20,-55
BLE,1704597517333423182,D3:F4:55:AB:96:20,-67
BLE,1704597517719041771,D3:F4:55:AB:96:20,-52
BLE,1704597517943636168,DF:DF:EE:00:00:04,-51
BLE,1704597518112164392,D3:F4:55:AB:96:20,-68
BLE,1704597518697892268,D3:F4:55:AB:96:20,-68
BLE,1704597519489348568,DF:DF:EE:00:00:04,-56
BLE,1704597519649178234,D3:F4:55:AB:96:20,-52
BLE,1704597519845941438,D3:F4:55:AB:96:20,-69
BLE,1704597520665510553,DF:A6:DC:DC:2E:81,-72
BLE,1704597520665576219,DF:DF:EE:00:00:01,-72
BLE,1704597520804195234,D3:F4:55:AB:96:20,-70
BLE,1704597520996540493,D3:F4:55:AB:96:20,-86
BLE,1704597521229121581,DF:DF:EE:00:00:04,-51
BLE,1704597522148705569,D3:F4:55:AB:96:20,-53
BLE,1704597522343010220,D3:F4:55:AB:96:20,-69
BLE,1704597522538583605,D3:F4:55:AB:96:20,-55
BLE,1704597522767081245,DF:DF:EE:00:00:04,-54
BLE,1704597522927108367,D3:F4:55:AB:96:20,-58
BLE,1704597523114483646,D3:F4:55:AB:96:20,-62
BLE,1704597523223042329,DF:DF:EE:00:00:04,-65
BLE,1704597523309843784,D3:F4:55:AB:96:20,-69
BLE,1704597523501537092,D3:F4:55:AB:96:20,-52
BLE,1704597523897410678,D3:F4:55:AB:96:20,-66
BLE,1704597524288043205,D3:F4:55:AB:96:20,-58
BLE,1704597524863698915,D3:F4:55:AB:96:20,-69
BLE,1704597525059085178,D3:F4:55:AB:96:20,-70
BLE,1704597525248378183,D3:F4:55:AB:96:20,-53
BLE,1704597525442778708,D3:F4:55:AB:96:20,-70
BLE,1704597525501305684,DF:DF:EE:00:00:04,-34
BLE,1704597525829021790,D3:F4:55:AB:96:20,-88
BLE,1704597526016628483,D3:F4:55:AB:96:20,-62
BLE,1704597526215932321,D3:F4:55:AB:96:20,-68
BLE,1704597526405024996,D3:F4:55:AB:96:20,-53
BLE,1704597526508360160,DF:DF:EE:00:00:04,-55
BLE,1704597527029415846,DF:A6:DC:DC:2E:81,-72
BLE,1704597527029451054,DF:DF:EE:00:00:01,-72
BLE,1704597527047209332,DF:DF:EE:00:00:04,-56
BLE,1704597527502281385,DF:DF:EE:00:00:04,-50
BLE,1704597527949400788,D3:F4:55:AB:96:20,-69
BLE,1704597528141015472,D3:F4:55:AB:96:20,-55
BLE,1704597528522306866,D3:F4:55:AB:96:20,-70
BLE,1704597528904493373,D3:F4:55:AB:96:20,-70
BLE,1704597529095010613,D3:F4:55:AB:96:20,-63
BLE,1704597529575890260,DF:A6:DC:DC:2E:81,-75
BLE,1704597529575930384,DF:DF:EE:00:00:01,-75
BLE,1704597529675323474,D3:F4:55:AB:96:20,-55
BLE,1704597529676655874,D3:F4:55:AB:96:20,-52
BLE,1704597530049125586,DF:DF:EE:00:00:04,-44
BLE,1704597530248298218,D3:F4:55:AB:96:20,-53
BLE,1704597530627214974,D3:F4:55:AB:96:20,-52
BLE,1704597530814353756,D3:F4:55:AB:96:20,-66
BLE,1704597531004915538,D3:F4:55:AB:96:20,-52
BLE,1704597531196212851,D3:F4:55:AB:96:20,-67
BLE,1704597531331015497,DF:DF:EE:00:00:04,-35
BLE,1704597531387950159,D3:F4:55:AB:96:20,-52
BLE,1704597531875060853,DF:DF:EE:00:00:04,-53
BLE,1704597531973530870,D3:F4:55:AB:96:20,-66
BLE,1704597532162253466,D3:F4:55:AB:96:20,-53
BLE,1704597532338355720,DF:DF:EE:00:00:04,-40
BLE,1704597532352551667,D3:F4:55:AB:96:20,-61
BLE,1704597532873915641,DF:DF:EE:00:00:04,-66
BLE,1704597533311786451,D3:F4:55:AB:96:20,-67
BLE,1704597533401085125,DF:A6:DC:DC:2E:81,-58
BLE,1704597533401108625,DF:DF:EE:00:00:01,-58
BLE,1704597533502380315,D3:F4:55:AB:96:20,-52
BLE,1704597533693121136,D3:F4:55:AB:96:20,-53
BLE,1704597534083700413,D3:F4:55:AB:96:20,-71
BLE,1704597534459808496,D3:F4:55:AB:96:20,-66
BLE,1704597535148896620,DF:DF:EE:00:00:04,-56
BLE,1704597535235924072,D3:F4:55:AB:96:20,-68
BLE,1704597535607933207,DF:DF:EE:00:00:04,-44
BLE,1704597535621545787,D3:F4:55:AB:96:20,-52
BLE,1704597535817765580,D3:F4:55:AB:96:20,-55
BLE,1704597536391454440,D3:F4:55:AB:96:20,-68
BLE,1704597536611255314,DF:DF:EE:00:00:04,-65
BLE,1704597536974826179,D3:F4:55:AB:96:20,-67
BLE,1704597537149363078,DF:DF:EE:00:00:04,-56
BLE,1704597537369350615,D3:F4:55:AB:96:20,-70
BLE,1704597537557999296,D3:F4:55:AB:96:20,-52
BLE,1704597538519830088,D3:F4:55:AB:96:20,-88
BLE,1704597538711531730,D3:F4:55:AB:96:20,-67
BLE,1704597539097056946,D3:F4:55:AB:96:20,-70
BLE,1704597539476240074,D3:F4:55:AB:96:20,-66
BLE,1704597539610028816,DF:DF:EE:00:00:04,-51
BLE,1704597540142498317,DF:DF:EE:00:00:04,-55
BLE,1704597540220069304,DF:DF:EE:00:00:04,-50
BLE,1704597540646456092,DF:DF:EE:00:00:04,-66
BLE,1704597541111318147,DF:DF:EE:00:00:04,-56
BLE,1704597541216360791,D3:F4:55:AB:96:20,-70
BLE,1704597541644473723,DF:DF:EE:00:00:04,-53
BLE,1704597541791302093,D3:F4:55:AB:96:20,-66
BLE,1704597541981968290,D3:F4:55:AB:96:20,-72
BLE,1704597543329647669,D3:F4:55:AB:96:20,-55
BLE,1704597543389561544,DF:DF:EE:00:00:04,-34
BLE,1704597543715460839,D3:F4:55:AB:96:20,-71
BLE,1704597543906338992,D3:F4:55:AB:96:20,-52
BLE,1704597544098156507,D3:F4:55:AB:96:20,-70
BLE,1704597544382085953,DF:DF:EE:00:00:04,-51
BLE,1704597544476929140,D3:F4:55:AB:96:20,-55
BLE,1704597544671070085,D3:F4:55:AB:96:20,-66
BLE,1704597544865883355,D3:F4:55:AB:96:20,-63
BLE,1704597544920741668,DF:DF:EE:00:00:04,-50
BLE,1704597545053974875,D3:F4:55:AB:96:20,-68
BLE,1704597545247623159,D3:F4:55:AB:96:20,-63
BLE,1704597546019999824,D3:F4:55:AB:96:20,-67
BLE,1704597546381420883,DF:DF:EE:00:00:04,-51
BLE,1704597546589233240,D3:F4:55:AB:96:20,-55
BLE,1704597546783095729,D3:F4:55:AB:96:20,-63
BLE,1704597546922955104,DF:DF:EE:00:00:04,-45
BLE,1704597547366205513,D3:F4:55:AB:96:20,-69
BLE,1704597547390696540,DF:DF:EE:00:00:04,-50
BLE,1704597547753764870,D3:F4:55:AB:96:20,-68
BLE,1704597548387874182,DF:DF:EE:00:00:04,-51
BLE,1704597548524826259,D3:F4:55:AB:96:20,-56
BLE,1704597548919007325,D3:F4:55:AB:96:20,-70
BLE,1704597548928086253,DF:DF:EE:00:00:04,-65
BLE,1704597549105514823,D3:F4:55:AB:96:20,-53
BLE,1704597549421010749,DF:DF:EE:00:00:04,-50
BLE,1704597549488416697,D3:F4:55:AB:96:20,-70
BLE,1704597549876282758,D3:F4:55:AB:96:20,-71
BLE,1704597549887134789,DF:DF:EE:00:00:04,-55
BLE,1704597550422768458,DF:DF:EE:00:00:04,-56
BLE,1704597550851489550,D3:F4:55:AB:96:20,-68
BLE,1704597551042687698,D3:F4:55:AB:96:20,-53
BLE,1704597551233420519,D3:F4:55:AB:96:20,-68
BLE,1704597551425190410,DF:DF:EE:00:00:04,-66
BLE,1704597551616339517,D3:F4:55:AB:96:20,-66
BLE,1704597551887864951,DF:DF:EE:00:00:04,-50
BLE,1704597552572276883,D3:F4:55:AB:96:20,-68
BLE,1704597553428336750,DF:DF:EE:00:00:04,-50
BLE,1704597554427866530,DF:DF:EE:00:00:04,-40
BLE,1704597554697933857,D3:F4:55:AB:96:20,-85
BLE,1704597554885988711,DF:DF:EE:00:00:04,-41
BLE,1704597554887263195,D3:F4:55:AB:96:20,-58
BLE,1704597555078086515,D3:F4:55:AB:96:20,-71
BLE,1704597555428763167,DF:DF:EE:00:00:04,-65
BLE,1704597555846448771,D3:F4:55:AB:96:20,-69
BLE,1704597556304537703,DF:A6:DC:DC:2E:81,-59
BLE,1704597556304590036,DF:DF:EE:00:00:01,-59
BLE,1704597556615982513,D3:F4:55:AB:96:20,-58
BLE,1704597556806977497,D3:F4:55:AB:96:20,-70
BLE,1704597556889245509,DF:DF:EE:00:00:04,-50
BLE,1704597556999949748,D3:F4:55:AB:96:20,-65
BLE,1704597557196178750,D3:F4:55:AB:96:20,-68
BLE,1704597557392086547,D3:F4:55:AB:96:20,-55
BLE,1704597557964453257,D3:F4:55:AB:96:20,-68
BLE,1704597558151465541,D3:F4:55:AB:96:20,-53
BLE,1704597558342492983,D3:F4:55:AB:96:20,-68
BLE,1704597558530235300,D3:F4:55:AB:96:20,-52
BLE,1704597558847827741,DF:A6:DC:DC:2E:81,-72
BLE,1704597558847870198,DF:DF:EE:00:00:01,-72
BLE,1704597559097811320,D3:F4:55:AB:96:20,-53
BLE,1704597559289055259,D3:F4:55:AB:96:20,-52
BLE,1704597559480199491,D3:F4:55:AB:96:20,-53
BLE,1704597559673990148,D3:F4:55:AB:96:20,-85
BLE,1704597559864677553,D3:F4:55:AB:96:20,-55
BLE,1704597560442988314,D3:F4:55:AB:96:20,-65
BLE,1704597560642222278,D3:F4:55:AB:96:20,-63
BLE,1704597560886534844,DF:DF:EE:00:00:04,-72
BLE,1704597561022138564,D3:F4:55:AB:96:20,-85
BLE,1704597561211441027,D3:F4:55:AB:96:20,-67
BLE,1704597561796124708,D3:F4:55:AB:96:20,-67
BLE,1704597561989710368,D3:F4:55:AB:96:20,-81
BLE,1704597562184993048,D3:F4:55:AB:96:20,-71
BLE,1704597563334784655,D3:F4:55:AB:96:20,-55
BLE,1704597563907201281,D3:F4:55:AB:96:20,-65
BLE,1704597564105911251,D3:F4:55:AB:96:20,-63
BLE,1704597564437061564,DF:DF:EE:00:00:04,-52
BLE,1704597564490119942,D3:F4:55:AB:96:20,-69
BLE,1704597564677677511,D3:F4:55:AB:96:20,-67
BLE,1704597565639812300,D3:F4:55:AB:96:20,-68
BLE,1704597566023734160,D3:F4:55:AB:96:20,-66
BLE,1704597566217585358,D3:F4:55:AB:96:20,-52
BLE,1704597566405358716,D3:F4:55:AB:96:20,-66
BLE,1704597566602302501,D3:F4:55:AB:96:20,-66
BLE,1704597566982343660,DF:DF:EE:00:00:04,-72
BLE,1704597566990330102,D3:F4:55:AB:96:20,-62
BLE,1704597567369578479,D3:F4:55:AB:96:20,-58
BLE,1704597567745143694,D3:F4:55:AB:96:20,-70
BLE,1704597567759059187,DF:A6:DC:DC:2E:81,-75
BLE,1704597567759077603,DF:DF:EE:00:00:01,-75
BLE,1704597568701417598,D3:F4:55:AB:96:20,-67
BLE,1704597568795978331,DF:DF:EE:00:00:04,-51
BLE,1704597568896472115,D3:F4:55:AB:96:20,-63
BLE,1704597569271898373,D3:F4:55:AB:96:20,-55
BLE,1704597569464850291,D3:F4:55:AB:96:20,-52
BLE,1704597569657898291,D3:F4:55:AB:96:20,-72
BLE,1704597569799289022,DF:DF:EE:00:00:04,-50
BLE,1704597569850522713,D3:F4:55:AB:96:20,-63
BLE,1704597570253890164,DF:DF:EE:00:00:04,-35
BLE,1704597570629730084,D3:F4:55:AB:96:20,-63
BLE,1704597570794723894,DF:DF:EE:00:00:04,-50
BLE,1704597570826101209,D3:F4:55:AB:96:20,-55
BLE,1704597571018390177,D3:F4:55:AB:96:20,-52
BLE,1704597571216609487,D3:F4:55:AB:96:20,-68
BLE,1704597571255007257,DF:DF:EE:00:00:04,-54
BLE,1704597571584932043,DF:A6:DC:DC:2E:81,-74
BLE,1704597571584959959,DF:DF:EE:00:00:01,-74
BLE,1704597571988937402,D3:F4:55:AB:96:20,-52
BLE,1704597572370260587,D3:F4:55:AB:96:20,-53
BLE,1704597572530709495,DF:DF:EE:00:00:04,-51
BLE,1704597572945061100,D3:F4:55:AB:96:20,-64
BLE,1704597573137260569,D3:F4:55:AB:96:20,-52
BLE,1704597573720013774,D3:F4:55:AB:96:20,-65
BLE,1704597573915093082,D3:F4:55:AB:96:20,-63
BLE,1704597574104900081,D3:F4:55:AB:96:20,-68
BLE,1704597574299903140,D3:F4:55:AB:96:20,-68
BLE,1704597574495099071,D3:F4:55:AB:96:20,-71
BLE,1704597575077726778,DF:DF:EE:00:00:04,-52
BLE,1704597575268005396,D3:F4:55:AB:96:20,-63
BLE,1704597575406436413,DF:A6:DC:DC:2E:81,-68
BLE,1704597575406472537,DF:DF:EE:00:00:01,-68
BLE,1704597575461471307,D3:F4:55:AB:96:20,-70
BLE,1704597575612879745,DF:DF:EE:00:00:04,-51
BLE,1704597576039280157,D3:F4:55:AB:96:20,-68
BLE,1704597576078005172,DF:DF:EE:00:00:04,-47
BLE,1704597576430588884,D3:F4:55:AB:96:20,-55
BLE,1704597578617323259,DF:DF:EE:00:00:04,-62
BLE,1704597578733291599,D3:F4:55:AB:96:20,-69
BLE,1704597579110314130,D3:F4:55:AB:96:20,-63
BLE,1704597579302484141,D3:F4:55:AB:96:20,-68
BLE,1704597579696678039,D3:F4:55:AB:96:20,-52
BLE,1704597579884422981,D3:F4:55:AB:96:20,-67
BLE,1704597580267601601,D3:F4:55:AB:96:20,-53
BLE,1704597580617976298,DF:DF:EE:00:00:04,-56
BLE,1704597581161054833,DF:DF:EE:00:00:04,-65
BLE,1704597581774378655,DF:A6:DC:DC:2E:81,-72
BLE,1704597581774437946,DF:DF:EE:00:00:01,-72
BLE,1704597582194445188,D3:F4:55:AB:96:20,-53
BLE,1704597582621774839,DF:DF:EE:00:00:04,-51
BLE,1704597582779131785,D3:F4:55:AB:96:20,-63
BLE,1704597583158914990,DF:DF:EE:00:00:04,-53
BLE,1704597583554316165,D3:F4:55:AB:96:20,-66
BLE,1704597583619205478,DF:DF:EE:00:00:04,-50
BLE,1704597583745630270,D3:F4:55:AB:96:20,-53
BLE,1704597584131392399,D3:F4:55:AB:96:20,-68
BLE,1704597585475680738,D3:F4:55:AB:96:20,-70
BLE,1704597586050198337,D3:F4:55:AB:96:20,-67
BLE,1704597586160526123,DF:DF:EE:00:00:04,-36
BLE,1704597586247138205,D3:F4:55:AB:96:20,-66
BLE,1704597586436343378,D3:F4:55:AB:96:20,-68
BLE,1704597586700666069,DF:DF:EE:00:00:04,-34
BLE,1704597586860947438,DF:A6:DC:DC:2E:81,-59
BLE,1704597586860991937,DF:DF:EE:00:00:01,-59
BLE,1704597587159452576,DF:DF:EE:00:00:04,-53
BLE,1704597587205966411,D3:F4:55:AB:96:20,-55
BLE,1704597587594463339,D3:F4:55:AB:96:20,-67
BLE,1704597587783101852,D3:F4:55:AB:96:20,-68
BLE,1704597588365572478,D3:F4:55:AB:96:20,-52
BLE,1704597588940592071,D3:F4:55:AB:96:20,-71
BLE,1704597589438323048,DF:DF:EE:00:00:04,-56
BLE,1704597589528378713,D3:F4:55:AB:96:20,-68
BLE,1704597590102139739,D3:F4:55:AB:96:20,-58
BLE,1704597590295786273,D3:F4:55:AB:96:20,-52
BLE,1704597591066629540,D3:F4:55:AB:96:20,-66
BLE,1704597591247786605,DF:DF:EE:00:00:04,-51
BLE,1704597591257730356,D3:F4:55:AB:96:20,-70
BLE,1704597591715188629,DF:DF:EE:00:00:04,-40
BLE,1704597592582005445,D3:F4:55:AB:96:20,-70
BLE,1704597592962777387,D3:F4:55:AB:96:20,-70
BLE,1704597592986806461,DF:DF:EE:00:00:04,-53
BLE,1704597593357130492,D3:F4:55:AB:96:20,-68
BLE,1704597594125844702,D3:F4:55:AB:96:20,-65
BLE,1704597594511803745,D3:F4:55:AB:96:20,-52
BLE,1704597594708407534,D3:F4:55:AB:96:20,-68
BLE,1704597594895526400,D3:F4:55:AB:96:20,-52
BLE,1704597595278000654,D3:F4:55:AB:96:20,-67
BLE,1704597595470165165,D3:F4:55:AB:96:20,-69
BLE,1704597596058069972,D3:F4:55:AB:96:20,-69
BLE,1704597596829650355,D3:F4:55:AB:96:20,-66
BLE,1704597597024430666,D3:F4:55:AB:96:20,-68
BLE,1704597597209640306,D3:F4:55:AB:96:20,-53
BLE,1704597597404456826,D3:F4:55:AB:96:20,-63
BLE,1704597597590723286,D3:F4:55:AB:96:20,-52
BLE,1704597597973992113,D3:F4:55:AB:96:20,-52
BLE,1704597598171896510,D3:F4:55:AB:96:20,-52
BLE,1704597598365628585,D3:F4:55:AB:96:20,-55
BLE,1704597598529572950,DF:DF:EE:00:00:04,-50
BLE,1704597598755150459,D3:F4:55:AB:96:20,-63
BLE,1704597598951499209,D3:F4:55:AB:96:20,-71
BLE,1704597599144373795,D3:F4:55:AB:96:20,-52
BLE,1704597599335136448,D3:F4:55:AB:96:20,-55
BLE,1704597599532847557,D3:F4:55:AB:96:20,-70
BLE,1704597599910450122,D3:F4:55:AB:96:20,-68
BLE,1704597600102433843,D3:F4:55:AB:96:20,-52
BLE,1704597600292313800,D3:F4:55:AB:96:20,-53
BLE,1704597600673283905,D3:F4:55:AB:96:20,-52
BLE,1704597600868344297,D3:F4:55:AB:96:20,-68
BLE,1704597601055750284,D3:F4:55:AB:96:20,-52
BLE,1704597601245888571,D3:F4:55:AB:96:20,-55
BLE,1704597602013630502,D3:F4:55:AB:96:20,-55
BLE,1704597602137812864,DF:A6:DC:DC:2E:81,-58
BLE,1704597602137828780,DF:DF:EE:00:00:01,-58
BLE,1704597602535956755,DF:DF:EE:00:00:04,-65
BLE,1704597602584157568,D3:F4:55:AB:96:20,-68
BLE,1704597602781210768,D3:F4:55:AB:96:20,-53
BLE,1704597602972460707,D3:F4:55:AB:96:20,-67
BLE,1704597603350662847,D3:F4:55:AB:96:20,-68
BLE,1704597604318943935,D3:F4:55:AB:96:20,-67
BLE,1704597605485487998,D3:F4:55:AB:96:20,-52
BLE,1704597605671883331,D3:F4:55:AB:96:20,-52
BLE,1704597606059073068,D3:F4:55:AB:96:20,-71
BLE,1704597606250492630,D3:F4:55:AB:96:20,-68
BLE,1704597606854109615,DF:DF:EE:00:00:04,-56
BLE,1704597607020300368,D3:F4:55:AB:96:20,-66
BLE,1704597607213357076,D3:F4:55:AB:96:20,-53
BLE,1704597607405895208,D3:F4:55:AB:96:20,-68
BLE,1704597607850395977,DF:DF:EE:00:00:04,-35
BLE,1704597608506203184,DF:A6:DC:DC:2E:81,-74
BLE,1704597608506270724,DF:DF:EE:00:00:01,-74
BLE,1704597609333707283,D3:F4:55:AB:96:20,-53
BLE,1704597609521034271,D3:F4:55:AB:96:20,-75
BLE,1704597610297721423,D3:F4:55:AB:96:20,-68
BLE,1704597610592387568,DF:DF:EE:00:00:04,-50
BLE,1704597612029787116,D3:F4:55:AB:96:20,-69
BLE,1704597612221074555,D3:F4:55:AB:96:20,-66
BLE,1704597612328040674,DF:A6:DC:DC:2E:81,-69
BLE,1704597612328071590,DF:DF:EE:00:00:01,-69
BLE,1704597612602171076,D3:F4:55:AB:96:20,-53
BLE,1704597612793433015,D3:F4:55:AB:96:20,-68
BLE,1704597612983468302,D3:F4:55:AB:96:20,-53
BLE,1704597613559680214,D3:F4:55:AB:96:20,-67
BLE,1704597613749595337,D3:F4:55:AB:96:20,-63
BLE,1704597614704242803,D3:F4:55:AB:96:20,-71
BLE,1704597615088469743,D3:F4:55:AB:96:20,-68
BLE,1704597615658558648,D3:F4:55:AB:96:20,-52
BLE,1704597616417073736,DF:DF:EE:00:00:04,-55
BLE,1704597616808866873,D3:F4:55:AB:96:20,-67
BLE,1704597617195752238,D3:F4:55:AB:96:20,-70
BLE,1704597617418720655,DF:A6:DC:DC:2E:81,-74
BLE,1704597617418771696,DF:DF:EE:00:00:01,-74
BLE,1704597617582350940,D3:F4:55:AB:96:20,-71
BLE,1704597617774364453,D3:F4:55:AB:96:20,-53
BLE,1704597618413755449,DF:DF:EE:00:00:04,-37
BLE,1704597618548237016,D3:F4:55:AB:96:20,-71
BLE,1704597618953579983,DF:DF:EE:00:00:04,-37
BLE,1704597619120718682,D3:F4:55:AB:96:20,-69
BLE,1704597619417324636,DF:DF:EE:00:00:04,-52
BLE,1704597620464477277,D3:F4:55:AB:96:20,-71
BLE,1704597620656246918,D3:F4:55:AB:96:20,-67
BLE,1704597621242762368,D3:F4:55:AB:96:20,-67
BLE,1704597622221186411,DF:DF:EE:00:00:04,-55
BLE,1704597622594116076,D3:F4:55:AB:96:20,-53
BLE,1704597622679653714,DF:DF:EE:00:00:04,-35
BLE,1704597622988941592,D3:F4:55:AB:96:20,-63
BLE,1704597623177192735,D3:F4:55:AB:96:20,-67
BLE,1704597623560882531,D3:F4:55:AB:96:20,-66
BLE,1704597623687559555,DF:DF:EE:00:00:04,-55
BLE,1704597623943001117,D3:F4:55:AB:96:20,-52
BLE,1704597624134746172,D3:F4:55:AB:96:20,-69
BLE,1704597624220385131,DF:DF:EE:00:00:04,-53
BLE,1704597624323284187,D3:F4:55:AB:96:20,-62
BLE,1704597624710586370,D3:F4:55:AB:96:20,-55
BLE,1704597624902355299,D3:F4:55:AB:96:20,-63
BLE,1704597625089738080,D3:F4:55:AB:96:20,-67
BLE,1704597625470610892,D3:F4:55:AB:96:20,-62
BLE,1704597625663099270,D3:F4:55:AB:96:20,-53
BLE,1704597625850695839,D3:F4:55:AB:96:20,-52
BLE,1704597626241187353,D3:F4:55:AB:96:20,-70
BLE,1704597626296074022,DF:DF:EE:00:00:04,-56
BLE,1704597626325365665,DF:A6:DC:DC:2E:81,-58
BLE,1704597626325417748,DF:DF:EE:00:00:01,-58
BLE,1704597627213160280,D3:F4:55:AB:96:20,-70
BLE,1704597627454546200,DF:DF:EE:00:00:04,-35
BLE,1704597627603213175,D3:F4:55:AB:96:20,-63
BLE,1704597628461230154,DF:DF:EE:00:00:04,-35
BLE,1704597628563870506,D3:F4:55:AB:96:20,-55
BLE,1704597628994833510,DF:DF:EE:00:00:04,-50
BLE,1704597629144631678,D3:F4:55:AB:96:20,-55
BLE,1704597629334128972,D3:F4:55:AB:96:20,-63
BLE,1704597629905649312,D3:F4:55:AB:96:20,-52
BLE,1704597629994863638,DF:DF:EE:00:00:04,-52
BLE,1704597630457798415,DF:DF:EE:00:00:04,-55
BLE,1704597630478739463,D3:F4:55:AB:96:20,-52
BLE,1704597630668689667,D3:F4:55:AB:96:20,-58
BLE,1704597631064406610,D3:F4:55:AB:96:20,-69
BLE,1704597631824770211,D3:F4:55:AB:96:20,-70
BLE,1704597632019606724,D3:F4:55:AB:96:20,-53
BLE,1704597633000237324,DF:DF:EE:00:00:04,-66
BLE,1704597633072100845,DF:DF:EE:00:00:04,-55
BLE,1704597633496423523,DF:DF:EE:00:00:04,-66
BLE,1704597633750797725,D3:F4:55:AB:96:20,-62
BLE,1704597633956706753,DF:A6:DC:DC:2E:81,-72
BLE,1704597633956752294,DF:DF:EE:00:00:01,-72
BLE,1704597633959080013,DF:DF:EE:00:00:04,-52
BLE,1704597634131542205,D3:F4:55:AB:96:20,-62
BLE,1704597634330471495,D3:F4:55:AB:96:20,-69
BLE,1704597635103388675,D3:F4:55:AB:96:20,-68
BLE,1704597635491065311,D3:F4:55:AB:96:20,-55
BLE,1704597635685082626,D3:F4:55:AB:96:20,-66
BLE,1704597636063504430,D3:F4:55:AB:96:20,-52
BLE,1704597636240450978,DF:DF:EE:00:00:04,-50
BLE,1704597636252323441,D3:F4:55:AB:96:20,-78
BLE,1704597636641297893,D3:F4:55:AB:96:20,-71
BLE,1704597637023800932,D3:F4:55:AB:96:20,-70
BLE,1704597637217828706,D3:F4:55:AB:96:20,-52
BLE,1704597637598111442,D3:F4:55:AB:96:20,-66
BLE,1704597637792894622,D3:F4:55:AB:96:20,-52
BLE,1704597637988749371,D3:F4:55:AB:96:20,-70
BLE,1704597638241274723,DF:DF:EE:00:00:04,-40
BLE,1704597638365101036,D3:F4:55:AB:96:20,-67
BLE,1704597638754708521,D3:F4:55:AB:96:20,-55
BLE,1704597639235272558,DF:DF:EE:00:00:04,-56
BLE,1704597639328481330,D3:F4:55:AB:96:20,-63
BLE,1704597639775750029,DF:DF:EE:00:00:04,-39
BLE,1704597640661034803,D3:F4:55:AB:96:20,-67
BLE,1704597641242882669,D3:F4:55:AB:96:20,-67
BLE,1704597641437803305,D3:F4:55:AB:96:20,-66
BLE,1704597641604541242,DF:A6:DC:DC:2E:81,-58
BLE,1704597641604601033,DF:DF:EE:00:00:01,-58
BLE,1704597641631541708,D3:F4:55:AB:96:20,-70
BLE,1704597641775627203,DF:DF:EE:00:00:04,-62
BLE,1704597641823891796,D3:F4:55:AB:96:20,-53
BLE,1704597641848802331,DF:DF:EE:00:00:04,-36
BLE,1704597642019101762,D3:F4:55:AB:96:20,-61
BLE,1704597642209032424,D3:F4:55:AB:96:20,-63
BLE,1704597642277499492,DF:DF:EE:00:00:04,-66
BLE,1704597642404071976,D3:F4:55:AB:96:20,-52
BLE,1704597642790488796,D3:F4:55:AB:96:20,-68
BLE,1704597642976994713,D3:F4:55:AB:96:20,-52
BLE,1704597643938806945,D3:F4:55:AB:96:20,-68
BLE,1704597644701409140,D3:F4:55:AB:96:20,-63
BLE,1704597645281140618,D3:F4:55:AB:96:20,-55
BLE,1704597645474156406,D3:F4:55:AB:96:20,-66
BLE,1704597645856920692,D3:F4:55:AB:96:20,-66
BLE,1704597646618956561,D3:F4:55:AB:96:20,-68
BLE,1704597646688949816,DF:A6:DC:DC:2E:81,-58
BLE,1704597646688991024,DF:DF:EE:00:00:01,-58
BLE,1704597647197343807,D3:F4:55:AB:96:20,-69
BLE,1704597647734187911,DF:DF:EE:00:00:04,-52
BLE,1704597647971646427,D3:F4:55:AB:96:20,-67
BLE,1704597648278631162,DF:DF:EE:00:00:04,-55
BLE,1704597648356540225,D3:F4:55:AB:96:20,-68
BLE,1704597648549097269,D3:F4:55:AB:96:20,-68
BLE,1704597648737409204,DF:DF:EE:00:00:04,-36
BLE,1704597648937979472,D3:F4:55:AB:96:20,-67
BLE,1704597649323013518,D3:F4:55:AB:96:20,-67
BLE,1704597649518529313,D3:F4:55:AB:96:20,-86
BLE,1704597650014537849,DF:DF:EE:00:00:04,-55
BLE,1704597650287900167,D3:F4:55:AB:96:20,-66
BLE,1704597650669211931,D3:F4:55:AB:96:20,-62
BLE,1704597650863958361,D3:F4:55:AB:96:20,-52
BLE,1704597651009274507,DF:DF:EE:00:00:04,-50
BLE,1704597651248526498,D3:F4:55:AB:96:20,-69
BLE,1704597651547717339,DF:DF:EE:00:00:04,-35
BLE,1704597652012991334,DF:DF:EE:00:00:04,-39
BLE,1704597652403079229,D3:F4:55:AB:96:20,-67
BLE,1704597652554062672,DF:DF:EE:00:00:04,-62
BLE,1704597652784079122,D3:F4:55:AB:96:20,-67
BLE,1704597652976289587,D3:F4:55:AB:96:20,-72
BLE,1704597653167833895,D3:F4:55:AB:96:20,-62
BLE,1704597654307453454,D3:F4:55:AB:96:20,-68
BLE,1704597654692480168,D3:F4:55:AB:96:20,-68
BLE,1704597654877561355,D3:F4:55:AB:96:20,-52
BLE,1704597655066218535,D3:F4:55:AB:96:20,-70
BLE,1704597655443765642,D3:F4:55:AB:96:20,-52
BLE,1704597655826487470,D3:F4:55:AB:96:20,-53
BLE,1704597656018420981,D3:F4:55:AB:96:20,-69
BLE,1704597656051928191,DF:DF:EE:00:00:04,-34
BLE,1704597656511701011,DF:DF:EE:00:00:04,-62
BLE,1704597657171549815,D3:F4:55:AB:96:20,-66
BLE,1704597657557350309,D3:F4:55:AB:96:20,-66
BLE,1704597657780557602,DF:DF:EE:00:00:04,-51
BLE,1704597658143473284,D3:F4:55:AB:96:20,-68
BLE,1704597658909861011,D3:F4:55:AB:96:20,-68
BLE,1704597659292199219,D3:F4:55:AB:96:20,-67
BLE,1704597659293717032,D3:F4:55:AB:96:20,-55
BLE,1704597659596742612,DF:DF:EE:00:00:04,-55
BLE,1704597659688152242,D3:F4:55:AB:96:20,-63
BLE,1704597659883545081,D3:F4:55:AB:96:20,-71
BLE,1704597660073629200,D3:F4:55:AB:96:20,-52
BLE,1704597660600867726,DF:DF:EE:00:00:04,-37
BLE,1704597661058677031,DF:DF:EE:00:00:04,-62
BLE,1704597661242323988,D3:F4:55:AB:96:20,-67
BLE,1704597661427731296,D3:F4:55:AB:96:20,-63
BLE,1704597661809960172,D3:F4:55:AB:96:20,-67
BLE,1704597662191943677,D3:F4:55:AB:96:20,-68
BLE,1704597662324048045,DF:DF:EE:00:00:04,-50
BLE,1704597662581301874,D3:F4:55:AB:96:20,-55
BLE,1704597662963111839,D3:F4:55:AB:96:20,-70
BLE,1704597663159344333,D3:F4:55:AB:96:20,-52
BLE,1704597663251412704,DF:A6:DC:DC:2E:81,-69
BLE,1704597663251447703,DF:DF:EE:00:00:01,-69
BLE,1704597663352942946,D3:F4:55:AB:96:20,-69
BLE,1704597663542643112,D3:F4:55:AB:96:20,-52
BLE,1704597664312012506,D3:F4:55:AB:96:20,-70
BLE,1704597664503828393,D3:F4:55:AB:96:20,-66
BLE,1704597664599906585,DF:DF:EE:00:00:04,-35
BLE,1704597664696516269,D3:F4:55:AB:96:20,-55
BLE,1704597665079280930,D3:F4:55:AB:96:20,-55
BLE,1704597665143876216,DF:DF:EE:00:00:04,-54
BLE,1704597665274627894,D3:F4:55:AB:96:20,-66
BLE,1704597665470609432,D3:F4:55:AB:96:20,-69
BLE,1704597665599066891,DF:DF:EE:00:00:04,-53
BLE,1704597665790364993,DF:A6:DC:DC:2E:81,-58
BLE,1704597665790408326,DF:DF:EE:00:00:01,-58
BLE,1704597666430831602,D3:F4:55:AB:96:20,-70
BLE,1704597667003924421,D3:F4:55:AB:96:20,-52
BLE,1704597667198671518,D3:F4:55:AB:96:20,-52
BLE,1704597667387516612,D3:F4:55:AB:96:20,-63
BLE,1704597667773041069,D3:F4:55:AB:96:20,-65
BLE,1704597667876288954,DF:DF:EE:00:00:04,-55
BLE,1704597667965522322,D3:F4:55:AB:96:20,-69
BLE,1704597668154584622,D3:F4:55:AB:96:20,-52
BLE,1704597668415132447,DF:DF:EE:00:00:04,-56
BLE,1704597668550284773,D3:F4:55:AB:96:20,-68
BLE,1704597668874753687,DF:DF:EE:00:00:04,-50
BLE,1704597669135576634,D3:F4:55:AB:96:20,-52
BLE,1704597669325539379,D3:F4:55:AB:96:20,-66
BLE,1704597669514251809,D3:F4:55:AB:96:20,-55
BLE,1704597669896569517,D3:F4:55:AB:96:20,-55
BLE,1704597670090457918,D3:F4:55:AB:96:20,-55
BLE,1704597670287579983,D3:F4:55:AB:96:20,-68
BLE,1704597670673726181,D3:F4:55:AB:96:20,-52
BLE,1704597671063052211,D3:F4:55:AB:96:20,-55
BLE,1704597671641103004,D3:F4:55:AB:96:20,-52
BLE,1704597671830561423,D3:F4:55:AB:96:20,-55
BLE,1704597672023387588,D3:F4:55:AB:96:20,-67
BLE,1704597672217488235,D3:F4:55:AB:96:20,-52
BLE,1704597672593940857,D3:F4:55:AB:96:20,-70
BLE,1704597672689773427,DF:DF:EE:00:00:04,-40
BLE,1704597673147823021,DF:DF:EE:00:00:04,-65
BLE,1704597673170615585,D3:F4:55:AB:96:20,-66
BLE,1704597674139329348,D3:F4:55:AB:96:20,-52
BLE,1704597674535451660,D3:F4:55:AB:96:20,-63
BLE,1704597674703909491,DF:A6:DC:DC:2E:81,-72
BLE,1704597674703956532,DF:DF:EE:00:00:01,-72
BLE,1704597674727000843,D3:F4:55:AB:96:20,-72
BLE,1704597675495390751,D3:F4:55:AB:96:20,-55
BLE,1704597675884655740,D3:F4:55:AB:96:20,-52
BLE,1704597676072052354,D3:F4:55:AB:96:20,-67
BLE,1704597676269402416,D3:F4:55:AB:96:20,-66
BLE,1704597676459433119,D3:F4:55:AB:96:20,-69
BLE,1704597677427526307,D3:F4:55:AB:96:20,-65
BLE,1704597678007080204,D3:F4:55:AB:96:20,-52
BLE,1704597678205629957,D3:F4:55:AB:96:20,-64
BLE,1704597678589476604,D3:F4:55:AB:96:20,-69
BLE,1704597679534094444,D3:F4:55:AB:96:20,-66
BLE,1704597680245658585,DF:DF:EE:00:00:04,-36
BLE,1704597680498215353,D3:F4:55:AB:96:20,-67
BLE,1704597680689533872,D3:F4:55:AB:96:20,-68
BLE,1704597681649633960,D3:F4:55:AB:96:20,-68
BLE,1704597682032680909,D3:F4:55:AB:96:20,-69
BLE,1704597682409228738,D3:F4:55:AB:96:20,-68
BLE,1704597682982923882,D3:F4:55:AB:96:20,-65
BLE,1704597683520664181,DF:DF:EE:00:00:04,-52
BLE,1704597683753018225,D3:F4:55:AB:96:20,-71
BLE,1704597684142494628,D3:F4:55:AB:96:20,-66
BLE,1704597684332153919,D3:F4:55:AB:96:20,-52
BLE,1704597684519702448,DF:DF:EE:00:00:04,-38
BLE,1704597684715043662,D3:F4:55:AB:96:20,-53
BLE,1704597685095004444,D3:F4:55:AB:96:20,-65
BLE,1704597685293368117,D3:F4:55:AB:96:20,-69
BLE,1704597686065201978,D3:F4:55:AB:96:20,-66
BLE,1704597686343086026,DF:DF:EE:00:00:04,-52
BLE,1704597687798626574,DF:DF:EE:00:00:04,-34
BLE,1704597687997943901,D3:F4:55:AB:96:20,-68
BLE,1704597688698532441,DF:A6:DC:DC:2E:81,-72
BLE,1704597688698590398,DF:DF:EE:00:00:01,-72
BLE,1704597688759593776,D3:F4:55:AB:96:20,-52
BLE,1704597689339886329,D3:F4:55:AB:96:20,-68
BLE,1704597689612641031,DF:DF:EE:00:00:04,-50
BLE,1704597690297811156,D3:F4:55:AB:96:20,-66
BLE,1704597690679277126,D3:F4:55:AB:96:20,-57
BLE,1704597691065978483,D3:F4:55:AB:96:20,-70
BLE,1704597691452133515,D3:F4:55:AB:96:20,-55
BLE,1704597691646943611,D3:F4:55:AB:96:20,-66
BLE,1704597692033453554,D3:F4:55:AB:96:20,-55
BLE,1704597692224205664,D3:F4:55:AB:96:20,-66
BLE,1704597692409528765,D3:F4:55:AB:96:20,-53
BLE,1704597692606522915,D3:F4:55:AB:96:20,-68
BLE,1704597692989718945,D3:F4:55:AB:96:20,-69
BLE,1704597693177207933,D3:F4:55:AB:96:20,-62
BLE,1704597693569065803,D3:F4:55:AB:96:20,-53
BLE,1704597693785230442,DF:A6:DC:DC:2E:81,-58
BLE,1704597693785263358,DF:DF:EE:00:00:01,-58
BLE,1704597694068908661,DF:DF:EE:00:00:04,-55
BLE,1704597694143623435,D3:F4:55:AB:96:20,-62
BLE,1704597694335386448,D3:F4:55:AB:96:20,-68
BLE,1704597694523156932,D3:F4:55:AB:96:20,-53
BLE,1704597694613169706,DF:DF:EE:00:00:04,-50
BLE,1704597694905414725,D3:F4:55:AB:96:20,-67
BLE,1704597696845675586,DF:DF:EE:00:00:04,-52
BLE,1704597697219741449,D3:F4:55:AB:96:20,-53
BLE,1704597697607334753,D3:F4:55:AB:96:20,-66
BLE,1704597697846477870,DF:DF:EE:00:00:04,-62
BLE,1704597698389800094,DF:DF:EE:00:00:04,-56
BLE,1704597698553925483,D3:F4:55:AB:96:20,-82
BLE,1704597698749662984,D3:F4:55:AB:96:20,-68
BLE,1704597699128482282,D3:F4:55:AB:96:20,-68
BLE,1704597699887035116,D3:F4:55:AB:96:20,-70
BLE,1704597700079990570,D3:F4:55:AB:96:20,-67
BLE,1704597700121869042,DF:DF:EE:00:00:04,-39
BLE,1704597700279659517,D3:F4:55:AB:96:20,-52
BLE,1704597700664731105,DF:DF:EE:00:00:04,-44
BLE,1704597700854725475,D3:F4:55:AB:96:20,-70
BLE,1704597701043758275,D3:F4:55:AB:96:20,-64
BLE,1704597701238410874,D3:F4:55:AB:96:20,-55
BLE,1704597701665233726,DF:DF:EE:00:00:04,-52
BLE,1704597702012816492,D3:F4:55:AB:96:20,-52
BLE,1704597702204301092,D3:F4:55:AB:96:20,-55
BLE,1704597702393406682,D3:F4:55:AB:96:20,-69
BLE,1704597702660871872,DF:DF:EE:00:00:04,-39
BLE,1704597702689675397,DF:A6:DC:DC:2E:81,-72
BLE,1704597702689732021,DF:DF:EE:00:00:01,-72
BLE,1704597702974189688,D3:F4:55:AB:96:20,-69
BLE,1704597703117256447,DF:DF:EE:00:00:04,-35
BLE,1704597703164516470,D3:F4:55:AB:96:20,-53
BLE,1704597703357064347,D3:F4:55:AB:96:20,-57
BLE,1704597703661863112,DF:DF:EE:00:00:04,-45
BLE,1704597704119154924,DF:DF:EE:00:00:04,-53
BLE,1704597704315061672,D3:F4:55:AB:96:20,-68
BLE,1704597704897574821,D3:F4:55:AB:96:20,-52
BLE,1704597705120651199,DF:DF:EE:00:00:04,-34
BLE,1704597705237346609,DF:A6:DC:DC:2E:81,-71
BLE,1704597705237393483,DF:DF:EE:00:00:01,-71
BLE,1704597705472563113,D3:F4:55:AB:96:20,-52
BLE,1704597705661993283,D3:F4:55:AB:96:20,-67
BLE,1704597705663949090,DF:DF:EE:00:00:04,-51
BLE,1704597705731007301,DF:DF:EE:00:00:04,-50
BLE,1704597705854965779,D3:F4:55:AB:96:20,-63
BLE,1704597706164888516,DF:DF:EE:00:00:04,-52
BLE,1704597706620930679,DF:DF:EE:00:00:04,-62
BLE,1704597707163464538,DF:DF:EE:00:00:04,-51
BLE,1704597707780382301,DF:A6:DC:DC:2E:81,-72
BLE,1704597707780443217,DF:DF:EE:00:00:01,-72
BLE,1704597707966033064,D3:F4:55:AB:96:20,-55
BLE,1704597708161648441,DF:DF:EE:00:00:04,-50
BLE,1704597708352573257,D3:F4:55:AB:96:20,-52
BLE,1704597708539524336,D3:F4:55:AB:96:20,-68
BLE,1704597708919583700,D3:F4:55:AB:96:20,-68
BLE,1704597709108046091,D3:F4:55:AB:96:20,-68
BLE,1704597709486113233,D3:F4:55:AB:96:20,-63
BLE,1704597709870136252,D3:F4:55:AB:96:20,-53
BLE,1704597709895244368,DF:DF:EE:00:00:04,-51
BLE,1704597710252359462,D3:F4:55:AB:96:20,-66
BLE,1704597710450908924,D3:F4:55:AB:96:20,-53
BLE,1704597710839749502,D3:F4:55:AB:96:20,-53
BLE,1704597711220683688,D3:F4:55:AB:96:20,-52
BLE,1704597711716823805,DF:DF:EE:00:00:04,-65
BLE,1704597711986832460,D3:F4:55:AB:96:20,-67
BLE,1704597712181229104,DF:DF:EE:00:00:04,-55
BLE,1704597712184176105,D3:F4:55:AB:96:20,-69
BLE,1704597712569950142,D3:F4:55:AB:96:20,-66
BLE,1704597714117468145,D3:F4:55:AB:96:20,-68
BLE,1704597714173655505,DF:DF:EE:00:00:04,-53
BLE,1704597714309585570,D3:F4:55:AB:96:20,-56
BLE,1704597714709740910,DF:DF:EE:00:00:04,-50
BLE,1704597715084366057,D3:F4:55:AB:96:20,-63
BLE,1704597715649485901,D3:F4:55:AB:96:20,-68
BLE,1704597715715201006,DF:DF:EE:00:00:04,-55
BLE,1704597715839043277,D3:F4:55:AB:96:20,-55
BLE,1704597716035070232,D3:F4:55:AB:96:20,-66
BLE,1704597716615033373,D3:F4:55:AB:96:20,-68
BLE,1704597716690044935,DF:A6:DC:DC:2E:81,-73
BLE,1704597716690084726,DF:DF:EE:00:00:01,-73
BLE,1704597717199508245,D3:F4:55:AB:96:20,-63
BLE,1704597717455406926,DF:DF:EE:00:00:04,-51
BLE,1704597717772425732,D3:F4:55:AB:96:20,-54
BLE,1704597717990029977,DF:DF:EE:00:00:04,-35
BLE,1704597718151484486,D3:F4:55:AB:96:20,-63
BLE,1704597718728650999,D3:F4:55:AB:96:20,-67
BLE,1704597718923069892,D3:F4:55:AB:96:20,-61
BLE,1704597718986976896,DF:DF:EE:00:00:04,-53
BLE,1704597719117778323,D3:F4:55:AB:96:20,-67
BLE,1704597719456575083,DF:DF:EE:00:00:04,-46
BLE,1704597719501247099,D3:F4:55:AB:96:20,-68
BLE,1704597719891311661,D3:F4:55:AB:96:20,-55
BLE,1704597720851423291,D3:F4:55:AB:96:20,-52
BLE,1704597721771163554,DF:A6:DC:DC:2E:81,-72
BLE,1704597721771204012,DF:DF:EE:00:00:01,-72
BLE,1704597722011160493,D3:F4:55:AB:96:20,-68
BLE,1704597722197695077,D3:F4:55:AB:96:20,-53
BLE,1704597722388686017,D3:F4:55:AB:96:20,-55
BLE,1704597722579896746,D3:F4:55:AB:96:20,-52
BLE,1704597722964702087,D3:F4:55:AB:96:20,-65
BLE,1704597723005199952,DF:DF:EE:00:00:04,-56
BLE,1704597723353254419,D3:F4:55:AB:96:20,-55
BLE,1704597723539935668,DF:DF:EE:00:00:04,-56
BLE,1704597723738739960,D3:F4:55:AB:96:20,-71
BLE,1704597723998333590,DF:DF:EE:00:00:04,-45
BLE,1704597724313273134,D3:F4:55:AB:96:20,-53
BLE,1704597724316528298,DF:A6:DC:DC:2E:81,-69
BLE,1704597724316557672,DF:DF:EE:00:00:01,-69
BLE,1704597724890113359,D3:F4:55:AB:96:20,-68
BLE,1704597725007695341,DF:DF:EE:00:00:04,-50
BLE,1704597725276401681,D3:F4:55:AB:96:20,-69
BLE,1704597725857755137,D3:F4:55:AB:96:20,-68
BLE,1704597726002624372,DF:DF:EE:00:00:04,-50
BLE,1704597726626834410,D3:F4:55:AB:96:20,-68
BLE,1704597726857498685,DF:A6:DC:DC:2E:81,-58
BLE,1704597726857546434,DF:DF:EE:00:00:01,-58
BLE,1704597727000949606,DF:DF:EE:00:00:04,-54
BLE,1704597727403320833,D3:F4:55:AB:96:20,-69
BLE,1704597727538800321,DF:DF:EE:00:00:04,-54
BLE,1704597727793799264,D3:F4:55:AB:96:20,-68
BLE,1704597728178123945,D3:F4:55:AB:96:20,-66
BLE,1704597728746322997,D3:F4:55:AB:96:20,-67
BLE,1704597729400419004,DF:A6:DC:DC:2E:81,-59
BLE,1704597729400479711,DF:DF:EE:00:00:01,-59
BLE,1704597729708811095,D3:F4:55:AB:96:20,-68
BLE,1704597730860312534,D3:F4:55:AB:96:20,-52
BLE,1704597731045939714,DF:DF:EE:00:00:04,-34
BLE,1704597731050632442,D3:F4:55:AB:96:20,-55
BLE,1704597731431411338,D3:F4:55:AB:96:20,-55
BLE,1704597731591478532,DF:DF:EE:00:00:04,-56
BLE,1704597731620989880,D3:F4:55:AB:96:20,-58
BLE,1704597731807735337,D3:F4:55:AB:96:20,-68
BLE,1704597731945507585,DF:A6:DC:DC:2E:81,-74
BLE,1704597731945529460,DF:DF:EE:00:00:01,-74
BLE,1704597732004898276,D3:F4:55:AB:96:20,-63
BLE,1704597732574870303,D3:F4:55:AB:96:20,-63
BLE,1704597732772360697,D3:F4:55:AB:96:20,-66
BLE,1704597733156549338,D3:F4:55:AB:96:20,-65
BLE,1704597733320275650,DF:DF:EE:00:00:04,-53
BLE,1704597733350361156,D3:F4:55:AB:96:20,-52
BLE,1704597733543231571,D3:F4:55:AB:96:20,-68
BLE,1704597733734470216,D3:F4:55:AB:96:20,-63
BLE,1704597734323056865,DF:DF:EE:00:00:04,-50
BLE,1704597735092509258,D3:F4:55:AB:96:20,-53
BLE,1704597735476496069,D3:F4:55:AB:96:20,-66
BLE,1704597735603906542,DF:DF:EE:00:00:04,-40
BLE,1704597735769775783,DF:A6:DC:DC:2E:81,-74
BLE,1704597735769818574,DF:DF:EE:00:00:01,-74
BLE,1704597735868283899,D3:F4:55:AB:96:20,-71
BLE,1704597736141556718,DF:DF:EE:00:00:04,-45
BLE,1704597736599791560,DF:DF:EE:00:00:04,-34
BLE,1704597737604362334,D3:F4:55:AB:96:20,-68
BLE,1704597738375190709,D3:F4:55:AB:96:20,-66
BLE,1704597738567093303,D3:F4:55:AB:96:20,-55
BLE,1704597738757848246,D3:F4:55:AB:96:20,-66
BLE,1704597739135507227,DF:DF:EE:00:00:04,-50
BLE,1704597739593934899,DF:DF:EE:00:00:04,-66
BLE,1704597739905077077,D3:F4:55:AB:96:20,-52
BLE,1704597740139549841,DF:DF:EE:00:00:04,-53
BLE,1704597740670433318,D3:F4:55:AB:96:20,-66
BLE,1704597740869187861,D3:F4:55:AB:96:20,-69
BLE,1704597741211597530,DF:DF:EE:00:00:04,-34
BLE,1704597741827604305,D3:F4:55:AB:96:20,-55
BLE,1704597742787801017,D3:F4:55:AB:96:20,-67
BLE,1704597743172624109,D3:F4:55:AB:96:20,-63
BLE,1704597743415897336,DF:A6:DC:DC:2E:81,-58
BLE,1704597743415947669,DF:DF:EE:00:00:01,-58
BLE,1704597743551542239,D3:F4:55:AB:96:20,-52
BLE,1704597743655508447,DF:DF:EE:00:00:04,-56
BLE,1704597743741109031,D3:F4:55:AB:96:20,-72
BLE,1704597745962379607,DF:A6:DC:DC:2E:81,-74
BLE,1704597745962443814,DF:DF:EE:00:00:01,-74
BLE,1704597746236162877,D3:F4:55:AB:96:20,-55
BLE,1704597746428218761,D3:F4:55:AB:96:20,-75
BLE,1704597746620247229,D3:F4:55:AB:96:20,-72
BLE,1704597747594027589,D3:F4:55:AB:96:20,-69
BLE,1704597747978403853,D3:F4:55:AB:96:20,-68
BLE,1704597748358401510,D3:F4:55:AB:96:20,-69
BLE,1704597748504242690,DF:A6:DC:DC:2E:81,-72
BLE,1704597748504286898,DF:DF:EE:00:00:01,-72
BLE,1704597748545637001,D3:F4:55:AB:96:20,-53
BLE,1704597749126713669,D3:F4:55:AB:96:20,-69
BLE,1704597749314308364,D3:F4:55:AB:96:20,-67
BLE,1704597749728184018,DF:DF:EE:00:00:04,-52
BLE,1704597749890047271,D3:F4:55:AB:96:20,-64
BLE,1704597750079920393,D3:F4:55:AB:96:20,-65
BLE,1704597750188015254,DF:DF:EE:00:00:04,-35
BLE,1704597750465497766,D3:F4:55:AB:96:20,-70
BLE,1704597750729818040,DF:DF:EE:00:00:04,-50
BLE,1704597751043891554,D3:F4:55:AB:96:20,-68
BLE,1704597751195555654,DF:DF:EE:00:00:04,-56
BLE,1704597751236597345,D3:F4:55:AB:96:20,-55
BLE,1704597751619961915,D3:F4:55:AB:96:20,-63
BLE,1704597751816500071,D3:F4:55:AB:96:20,-55
BLE,1704597752011853535,D3:F4:55:AB:96:20,-67
BLE,1704597752201796656,D3:F4:55:AB:96:20,-60
BLE,1704597752733171417,DF:DF:EE:00:00:04,-52
BLE,1704597753160371723,D3:F4:55:AB:96:20,-66
BLE,1704597753541776778,D3:F4:55:AB:96:20,-66
BLE,1704597753925156264,D3:F4:55:AB:96:20,-53
BLE,1704597754228258010,DF:DF:EE:00:00:04,-53
BLE,1704597754696221719,DF:DF:EE:00:00:04,-53
BLE,1704597755089310322,D3:F4:55:AB:96:20,-68
BLE,1704597755281121626,D3:F4:55:AB:96:20,-70
BLE,1704597755693138555,DF:DF:EE:00:00:04,-55
BLE,1704597756058406996,D3:F4:55:AB:96:20,-68
BLE,1704597756226422874,DF:DF:EE:00:00:04,-52
BLE,1704597756245464782,D3:F4:55:AB:96:20,-52
BLE,1704597756441212323,D3:F4:55:AB:96:20,-53
BLE,1704597757213910006,D3:F4:55:AB:96:20,-69
BLE,1704597757230982857,DF:DF:EE:00:00:04,-50
BLE,1704597757411253901,D3:F4:55:AB:96:20,-52
BLE,1704597757601570851,D3:F4:55:AB:96:20,-55
BLE,1704597757698914941,DF:DF:EE:00:00:04,-55
BLE,1704597757796012869,D3:F4:55:AB:96:20,-53
BLE,1704597758175989818,D3:F4:55:AB:96:20,-52
BLE,1704597758235447049,DF:DF:EE:00:00:04,-43
BLE,1704597759143453680,D3:F4:55:AB:96:20,-52
BLE,1704597759229361844,DF:DF:EE:00:00:04,-55
BLE,1704597759526749543,D3:F4:55:AB:96:20,-52
BLE,1704597759688461506,DF:DF:EE:00:00:04,-52
BLE,1704597759908019849,D3:F4:55:AB:96:20,-65
BLE,1704597760483432177,D3:F4:55:AB:96:20,-71
BLE,1704597760673041428,D3:F4:55:AB:96:20,-67
BLE,1704597761055565592,D3:F4:55:AB:96:20,-52
BLE,1704597761228002077,DF:DF:EE:00:00:04,-51
BLE,1704597761254198386,D3:F4:55:AB:96:20,-53
BLE,1704597761445742069,D3:F4:55:AB:96:20,-61
BLE,1704597761642390307,D3:F4:55:AB:96:20,-66
BLE,1704597761687694815,DF:DF:EE:00:00:04,-34
BLE,1704597761838205140,D3:F4:55:AB:96:20,-69
BLE,1704597762221485793,D3:F4:55:AB:96:20,-63
BLE,1704597762416497054,D3:F4:55:AB:96:20,-70
BLE,1704597762609077930,D3:F4:55:AB:96:20,-52
BLE,1704597762690661069,DF:DF:EE:00:00:04,-40
BLE,1704597762802948081,D3:F4:55:AB:96:20,-69
BLE,1704597763180045861,D3:F4:55:AB:96:20,-55
BLE,1704597763368987079,D3:F4:55:AB:96:20,-66
BLE,1704597763751805073,D3:F4:55:AB:96:20,-68
BLE,1704597764134026449,D3:F4:55:AB:96:20,-68
BLE,1704597764520133898,D3:F4:55:AB:96:20,-68
BLE,1704597764719412142,D3:F4:55:AB:96:20,-67
BLE,1704597764907258083,D3:F4:55:AB:96:20,-66
BLE,1704597765301299382,D3:F4:55:AB:96:20,-69
BLE,1704597765685412692,D3:F4:55:AB:96:20,-69
BLE,1704597766065493431,D3:F4:55:AB:96:20,-63
BLE,1704597766322030686,DF:A6:DC:DC:2E:81,-59
BLE,1704597766322092935,DF:DF:EE:00:00:01,-59
BLE,1704597767019702016,D3:F4:55:AB:96:20,-67
BLE,1704597767968858337,D3:F4:55:AB:96:20,-67
BLE,1704597768160688390,D3:F4:55:AB:96:20,-52
BLE,1704597768350747468,D3:F4:55:AB:96:20,-66
BLE,1704597768743147456,D3:F4:55:AB:96:20,-69
BLE,1704597768931750262,D3:F4:55:AB:96:20,-67
BLE,1704597769909010742,D3:F4:55:AB:96:20,-70
BLE,1704597770151432439,DF:A6:DC:DC:2E:81,-69
BLE,1704597770151485480,DF:DF:EE:00:00:01,-69
BLE,1704597771340541158,DF:DF:EE:00:00:04,-46
BLE,1704597771428533251,DF:A6:DC:DC:2E:81,-72
BLE,1704597771428577792,DF:DF:EE:00:00:01,-72
BLE,1704597771450348621,D3:F4:55:AB:96:20,-53
BLE,1704597771647093191,D3:F4:55:AB:96:20,-52
BLE,1704597771879575690,DF:DF:EE:00:00:04,-50
BLE,1704597772031532245,D3:F4:55:AB:96:20,-63
BLE,1704597772802780448,D3:F4:55:AB:96:20,-65
BLE,1704597772998303243,D3:F4:55:AB:96:20,-64
BLE,1704597773184424791,D3:F4:55:AB:96:20,-66
BLE,1704597773375857225,D3:F4:55:AB:96:20,-55
BLE,1704597773571338145,D3:F4:55:AB:96:20,-68
BLE,1704597773764537430,D3:F4:55:AB:96:20,-66
BLE,1704597775298117123,D3:F4:55:AB:96:20,-66
BLE,1704597775877230360,D3:F4:55:AB:96:20,-63
BLE,1704597776155972813,DF:DF:EE:00:00:04,-35
BLE,1704597776461921853,D3:F4:55:AB:96:20,-53
BLE,1704597776701299301,DF:DF:EE:00:00:04,-53
BLE,1704597776843174577,D3:F4:55:AB:96:20,-69
BLE,1704597777620659153,D3:F4:55:AB:96:20,-66
BLE,1704597778000917098,D3:F4:55:AB:96:20,-67
BLE,1704597778965859495,DF:DF:EE:00:00:04,-44
BLE,1704597779430623747,DF:DF:EE:00:00:04,-55
BLE,1704597779931718922,D3:F4:55:AB:96:20,-68
BLE,1704597780695342311,D3:F4:55:AB:96:20,-68
BLE,1704597780707918223,DF:DF:EE:00:00:04,-53
BLE,1704597780884167114,D3:F4:55:AB:96:20,-52
BLE,1704597781462972521,D3:F4:55:AB:96:20,-68
BLE,1704597781659673384,D3:F4:55:AB:96:20,-86
BLE,1704597782243240809,D3:F4:55:AB:96:20,-53
BLE,1704597783195794042,D3:F4:55:AB:96:20,-67
BLE,1704597783245974192,DF:DF:EE:00:00:04,-44
BLE,1704597783387048687,D3:F4:55:AB:96:20,-55
BLE,1704597783785419968,DF:DF:EE:00:00:04,-45
BLE,1704597783965251685,D3:F4:55:AB:96:20,-68
BLE,1704597784157413818,D3:F4:55:AB:96:20,-52
BLE,1704597784247433508,DF:DF:EE:00:00:04,-50
BLE,1704597784548060538,D3:F4:55:AB:96:20,-66
BLE,1704597785509803396,D3:F4:55:AB:96:20,-68
BLE,1704597786080264750,D3:F4:55:AB:96:20,-62
BLE,1704597786270898403,D3:F4:55:AB:96:20,-68
BLE,1704597787053992444,DF:DF:EE:00:00:04,-52
BLE,1704597787803920687,D3:F4:55:AB:96:20,-68
BLE,1704597787971090535,DF:A6:DC:DC:2E:81,-69
BLE,1704597787971134826,DF:DF:EE:00:00:01,-69
BLE,1704597788795427431,DF:DF:EE:00:00:04,-39
BLE,1704597788948360139,D3:F4:55:AB:96:20,-52
BLE,1704597789139302122,D3:F4:55:AB:96:20,-63
BLE,1704597789336095066,D3:F4:55:AB:96:20,-72
BLE,1704597789523412514,D3:F4:55:AB:96:20,-66
BLE,1704597790873549415,D3:F4:55:AB:96:20,-53
BLE,1704597791064898516,D3:F4:55:AB:96:20,-66
BLE,1704597791338138378,DF:DF:EE:00:00:04,-55
BLE,1704597791642251027,D3:F4:55:AB:96:20,-55
BLE,1704597792333195365,DF:DF:EE:00:00:04,-36
BLE,1704597792410469021,D3:F4:55:AB:96:20,-55
BLE,1704597792605062037,D3:F4:55:AB:96:20,-66
BLE,1704597792799658761,D3:F4:55:AB:96:20,-52
BLE,1704597792872913680,DF:DF:EE:00:00:04,-36
BLE,1704597792988472980,D3:F4:55:AB:96:20,-63
BLE,1704597793054704953,DF:A6:DC:DC:2E:81,-72
BLE,1704597793054745953,DF:DF:EE:00:00:01,-72
BLE,1704597793338380756,DF:DF:EE:00:00:04,-55
BLE,1704597793378222796,D3:F4:55:AB:96:20,-55
BLE,1704597793956668125,D3:F4:55:AB:96:20,-67
BLE,1704597793957931150,D3:F4:55:AB:96:20,-70
BLE,1704597794727280461,D3:F4:55:AB:96:20,-71
BLE,1704597794877142795,DF:DF:EE:00:00:04,-50
BLE,1704597795339911366,DF:DF:EE:00:00:04,-51
BLE,1704597795883263006,DF:DF:EE:00:00:04,-40
BLE,1704597796265132679,D3:F4:55:AB:96:20,-68
BLE,1704597796340609485,DF:DF:EE:00:00:04,-51
BLE,1704597796846162015,D3:F4:55:AB:96:20,-63
BLE,1704597796879298147,DF:A6:DC:DC:2E:81,-75
BLE,1704597796879332979,DF:DF:EE:00:00:01,-75
BLE,1704597797033234133,D3:F4:55:AB:96:20,-66
BLE,1704597797801928370,D3:F4:55:AB:96:20,-69
BLE,1704597798182401521,D3:F4:55:AB:96:20,-68
BLE,1704597798841242380,DF:DF:EE:00:00:04,-54
BLE,1704597799153128548,D3:F4:55:AB:96:20,-68
BLE,1704597799923087434,D3:F4:55:AB:96:20,-69
BLE,1704597800116901294,D3:F4:55:AB:96:20,-74
BLE,1704597800311479894,D3:F4:55:AB:96:20,-53
BLE,1704597801396054536,DF:DF:EE:00:00:04,-51
BLE,1704597801464400355,D3:F4:55:AB:96:20,-52
BLE,1704597801934178915,DF:DF:EE:00:00:04,-55
BLE,1704597801964273255,DF:A6:DC:DC:2E:81,-59
BLE,1704597801964287171,DF:DF:EE:00:00:01,-59
BLE,1704597802030938721,D3:F4:55:AB:96:20,-52
BLE,1704597802391991637,DF:DF:EE:00:00:04,-50
BLE,1704597802418262612,D3:F4:55:AB:96:20,-55
BLE,1704597802811521838,D3:F4:55:AB:96:20,-53
BLE,1704597802931391539,DF:DF:EE:00:00:04,-50
BLE,1704597803004554626,D3:F4:55:AB:96:20,-69
BLE,1704597803193442136,D3:F4:55:AB:96:20,-52
BLE,1704597803387816572,D3:F4:55:AB:96:20,-70
BLE,1704597803393339246,DF:DF:EE:00:00:04,-55
BLE,1704597804666896898,DF:DF:EE:00:00:04,-35
BLE,1704597805124659579,D3:F4:55:AB:96:20,-55
BLE,1704597805705491792,D3:F4:55:AB:96:20,-55
BLE,1704597807056558888,D3:F4:55:AB:96:20,-72
BLE,1704597807482296297,DF:DF:EE:00:00:04,-38
BLE,1704597808211883567,D3:F4:55:AB:96:20,-68
BLE,1704597808399067517,D3:F4:55:AB:96:20,-53
BLE,1704597808590925737,D3:F4:55:AB:96:20,-68
BLE,1704597808786056079,D3:F4:55:AB:96:20,-70
BLE,1704597809170044473,D3:F4:55:AB:96:20,-71
BLE,1704597809477147790,DF:DF:EE:00:00:04,-50
BLE,1704597809552617970,D3:F4:55:AB:96:20,-70
BLE,1704597810710795985,D3:F4:55:AB:96:20,-68
BLE,1704597810941652424,DF:DF:EE:00:00:04,-50
BLE,1704597811480546125,DF:DF:EE:00:00:04,-51
BLE,1704597811550540338,DF:DF:EE:00:00:04,-51
BLE,1704597811862123219,D3:F4:55:AB:96:20,-67
BLE,1704597812627181839,D3:F4:55:AB:96:20,-52
BLE,1704597813013266538,D3:F4:55:AB:96:20,-67
BLE,1704597813204023773,D3:F4:55:AB:96:20,-67
BLE,1704597813437532425,DF:A6:DC:DC:2E:81,-59
BLE,1704597813437574175,DF:DF:EE:00:00:01,-59
BLE,1704597813707646454,DF:DF:EE:00:00:04,-50
BLE,1704597813975917217,D3:F4:55:AB:96:20,-66
BLE,1704597814165063723,D3:F4:55:AB:96:20,-55
BLE,1704597814247137064,DF:DF:EE:00:00:04,-35
BLE,1704597814712941469,DF:DF:EE:00:00:04,-50
BLE,1704597815254067681,DF:DF:EE:00:00:04,-63
BLE,1704597815709077316,D3:F4:55:AB:96:20,-63
BLE,1704597816101561844,D3:F4:55:AB:96:20,-69
BLE,1704597816250068613,DF:DF:EE:00:00:04,-52
BLE,1704597816678916355,D3:F4:55:AB:96:20,-67
BLE,1704597816709628936,DF:DF:EE:00:00:04,-49
BLE,1704597816872481093,D3:F4:55:AB:96:20,-68
BLE,1704597817635705822,D3:F4:55:AB:96:20,-52
BLE,1704597817711929325,DF:DF:EE:00:00:04,-45
BLE,1704597818712100159,DF:DF:EE:00:00:04,-53
BLE,1704597819319207056,DF:DF:EE:00:00:04,-37
BLE,1704597819376283153,D3:F4:55:AB:96:20,-68
BLE,1704597819763425671,D3:F4:55:AB:96:20,-53
BLE,1704597819807522696,DF:A6:DC:DC:2E:81,-72
BLE,1704597819807557195,DF:DF:EE:00:00:01,-72
BLE,1704597820923025667,D3:F4:55:AB:96:20,-68
BLE,1704597820981870907,DF:DF:EE:00:00:04,-53
BLE,1704597821504809284,D3:F4:55:AB:96:20,-71
BLE,1704597821894487767,D3:F4:55:AB:96:20,-69
BLE,1704597822276356190,D3:F4:55:AB:96:20,-68
BLE,1704597822666514584,D3:F4:55:AB:96:20,-63
BLE,1704597822859415540,D3:F4:55:AB:96:20,-58
BLE,1704597822983918302,DF:DF:EE:00:00:04,-37
BLE,1704597823443210796,D3:F4:55:AB:96:20,-69
BLE,1704597823638749382,D3:F4:55:AB:96:20,-56
BLE,1704597824983602604,D3:F4:55:AB:96:20,-52
BLE,1704597825174983122,D3:F4:55:AB:96:20,-68
BLE,1704597825252609148,DF:DF:EE:00:00:04,-51
BLE,1704597825363343723,D3:F4:55:AB:96:20,-52
BLE,1704597825557409621,D3:F4:55:AB:96:20,-69
BLE,1704597826141230210,D3:F4:55:AB:96:20,-69
BLE,1704597826333299969,D3:F4:55:AB:96:20,-66
BLE,1704597826528726307,D3:F4:55:AB:96:20,-63
BLE,1704597827099340909,D3:F4:55:AB:96:20,-69
BLE,1704597827457596570,DF:A6:DC:DC:2E:81,-72
BLE,1704597827457616778,DF:DF:EE:00:00:01,-72
BLE,1704597827518964943,DF:DF:EE:00:00:04,-51
BLE,1704597827871054980,D3:F4:55:AB:96:20,-55
BLE,1704597828059642119,D3:F4:55:AB:96:20,-68
BLE,1704597828062503664,DF:DF:EE:00:00:04,-50
BLE,1704597828246518282,D3:F4:55:AB:96:20,-53
BLE,1704597828443383725,D3:F4:55:AB:96:20,-52
BLE,1704597828520880920,DF:DF:EE:00:00:04,-53
BLE,1704597828633397762,D3:F4:55:AB:96:20,-55
BLE,1704597829591643709,D3:F4:55:AB:96:20,-68
BLE,1704597830000133020,DF:A6:DC:DC:2E:81,-73
BLE,1704597830000164852,DF:DF:EE:00:00:01,-73
BLE,1704597830741626211,D3:F4:55:AB:96:20,-67
BLE,1704597831057795404,DF:DF:EE:00:00:04,-51
BLE,1704597831504386945,D3:F4:55:AB:96:20,-69
BLE,1704597831519077745,DF:DF:EE:00:00:04,-66
BLE,1704597831702544788,D3:F4:55:AB:96:20,-68
BLE,1704597832062683507,DF:DF:EE:00:00:04,-51
BLE,1704597832848898006,D3:F4:55:AB:96:20,-69
BLE,1704597833056361513,DF:DF:EE:00:00:04,-50
BLE,1704597833127677916,DF:DF:EE:00:00:04,-36
BLE,1704597833611785239,D3:F4:55:AB:96:20,-68
BLE,1704597833822357454,DF:A6:DC:DC:2E:81,-73
BLE,1704597833822403328,DF:DF:EE:00:00:01,-73
BLE,1704597834192429787,D3:F4:55:AB:96:20,-70
BLE,1704597834303066030,DF:DF:EE:00:00:04,-37
BLE,1704597834965736629,D3:F4:55:AB:96:20,-69
BLE,1704597835302465792,DF:DF:EE:00:00:04,-51
BLE,1704597835736260383,D3:F4:55:AB:96:20,-66
BLE,1704597836369898876,DF:A6:DC:DC:2E:81,-58
BLE,1704597836369954000,DF:DF:EE:00:00:01,-58
BLE,1704597836695201778,D3:F4:55:AB:96:20,-69
BLE,1704597836836472229,DF:DF:EE:00:00:04,-51
BLE,1704597836885415104,D3:F4:55:AB:96:20,-66
BLE,1704597837295365478,DF:DF:EE:00:00:04,-41
BLE,1704597837843386721,DF:DF:EE:00:00:04,-56
BLE,1704597838296287885,DF:DF:EE:00:00:04,-65
BLE,1704597838424095228,D3:F4:55:AB:96:20,-71
BLE,1704597838839605401,DF:DF:EE:00:00:04,-51
BLE,1704597838908023094,DF:A6:DC:DC:2E:81,-72
BLE,1704597838908051677,DF:DF:EE:00:00:01,-72
BLE,1704597838993670510,D3:F4:55:AB:96:20,-52
BLE,1704597839183452509,D3:F4:55:AB:96:20,-55
BLE,1704597839293810297,DF:DF:EE:00:00:04,-50
BLE,1704597839575396961,D3:F4:55:AB:96:20,-86
BLE,1704597840158936762,D3:F4:55:AB:96:20,-52
BLE,1704597840346993284,D3:F4:55:AB:96:20,-62
BLE,1704597840576537574,DF:DF:EE:00:00:04,-51
BLE,1704597840918520332,D3:F4:55:AB:96:20,-55
BLE,1704597841306955666,D3:F4:55:AB:96:20,-52
BLE,1704597841450723166,DF:A6:DC:DC:2E:81,-58
BLE,1704597841450743124,DF:DF:EE:00:00:01,-58
BLE,1704597841880930930,D3:F4:55:AB:96:20,-67
BLE,1704597842274334572,D3:F4:55:AB:96:20,-66
BLE,1704597842464849143,D3:F4:55:AB:96:20,-66
BLE,1704597843809122623,D3:F4:55:AB:96:20,-68
BLE,1704597843851663460,DF:DF:EE:00:00:04,-63
BLE,1704597844573658875,D3:F4:55:AB:96:20,-68
BLE,1704597846513898321,D3:F4:55:AB:96:20,-65
BLE,1704597846704032481,D3:F4:55:AB:96:20,-70
BLE,1704597846899756356,D3:F4:55:AB:96:20,-52
BLE,1704597847094240582,D3:F4:55:AB:96:20,-53
BLE,1704597847480421488,D3:F4:55:AB:96:20,-52
BLE,1704597847677891257,D3:F4:55:AB:96:20,-67
BLE,1704597847870658381,D3:F4:55:AB:96:20,-53
BLE,1704597848455778410,D3:F4:55:AB:96:20,-71
BLE,1704597848651664575,D3:F4:55:AB:96:20,-67
BLE,1704597849046980565,D3:F4:55:AB:96:20,-52
BLE,1704597849425571575,D3:F4:55:AB:96:20,-71
BLE,1704597849617974454,D3:F4:55:AB:96:20,-53
BLE,1704597849807305083,D3:F4:55:AB:96:20,-55
BLE,1704597849997087706,D3:F4:55:AB:96:20,-85
BLE,1704597850191006815,D3:F4:55:AB:96:20,-55
BLE,1704597850224052573,DF:DF:EE:00:00:04,-35
BLE,1704597850386180781,D3:F4:55:AB:96:20,-66
BLE,1704597851158214098,D3:F4:55:AB:96:20,-71
BLE,1704597851223725997,DF:DF:EE:00:00:04,-53
BLE,1704597851546766930,D3:F4:55:AB:96:20,-84
BLE,1704597851742998757,D3:F4:55:AB:96:20,-72
BLE,1704597851764109428,DF:DF:EE:00:00:04,-53
BLE,1704597852515428193,D3:F4:55:AB:96:20,-69
BLE,1704597853219472270,DF:DF:EE:00:00:04,-35
BLE,1704597854246474488,D3:F4:55:AB:96:20,-68
BLE,1704597854501089687,DF:DF:EE:00:00:04,-34
BLE,1704597854624610254,D3:F4:55:AB:96:20,-71
BLE,1704597855445464572,DF:A6:DC:DC:2E:81,-74
BLE,1704597855445533405,DF:DF:EE:00:00:01,-74
BLE,1704597856547736349,D3:F4:55:AB:96:20,-53
BLE,1704597856742739443,D3:F4:55:AB:96:20,-69
BLE,1704597856938954353,D3:F4:55:AB:96:20,-55
BLE,1704597857332316786,D3:F4:55:AB:96:20,-69
BLE,1704597857602344692,DF:DF:EE:00:00:04,-39
BLE,1704597857718443152,D3:F4:55:AB:96:20,-66
BLE,1704597857913010043,D3:F4:55:AB:96:20,-58
BLE,1704597857992058216,DF:A6:DC:DC:2E:81,-68
BLE,1704597857992086424,DF:DF:EE:00:00:01,-68
BLE,1704597858100837526,D3:F4:55:AB:96:20,-67
BLE,1704597859049517687,D3:F4:55:AB:96:20,-68
BLE,1704597859063315374,DF:DF:EE:00:00:04,-55
BLE,1704597859431880020,D3:F4:55:AB:96:20,-67
BLE,1704597859819305659,D3:F4:55:AB:96:20,-55
BLE,1704597860008940076,D3:F4:55:AB:96:20,-68
BLE,1704597860056761591,DF:DF:EE:00:00:04,-66
BLE,1704597860200682256,D3:F4:55:AB:96:20,-70
BLE,1704597860590724192,D3:F4:55:AB:96:20,-63
BLE,1704597861558389469,D3:F4:55:AB:96:20,-66
BLE,1704597861591048816,DF:DF:EE:00:00:04,-44
BLE,1704597861748300091,D3:F4:55:AB:96:20,-67
BLE,1704597861943921468,D3:F4:55:AB:96:20,-69
BLE,1704597862137179293,D3:F4:55:AB:96:20,-71
BLE,1704597862528005261,D3:F4:55:AB:96:20,-69
BLE,1704597862595848587,DF:DF:EE:00:00:04,-55
BLE,1704597862663970159,DF:DF:EE:00:00:04,-55
BLE,1704597862723965509,D3:F4:55:AB:96:20,-71
BLE,1704597863102089191,D3:F4:55:AB:96:20,-71
BLE,1704597863481318275,D3:F4:55:AB:96:20,-66
BLE,1704597863557321365,DF:DF:EE:00:00:04,-53
BLE,1704597864066355931,D3:F4:55:AB:96:20,-52
BLE,1704597864648080174,D3:F4:55:AB:96:20,-66
BLE,1704597864847652997,D3:F4:55:AB:96:20,-63
BLE,1704597865042104973,D3:F4:55:AB:96:20,-71
BLE,1704597865374713984,DF:DF:EE:00:00:04,-54
BLE,1704597865617083474,D3:F4:55:AB:96:20,-67
BLE,1704597865832898159,DF:DF:EE:00:00:04,-55
BLE,1704597866002745679,D3:F4:55:AB:96:20,-68
BLE,1704597866194651731,D3:F4:55:AB:96:20,-52
BLE,1704597866372919511,DF:DF:EE:00:00:04,-55
BLE,1704597866380693114,D3:F4:55:AB:96:20,-67
BLE,1704597866767572927,D3:F4:55:AB:96:20,-68
BLE,1704597866958162831,D3:F4:55:AB:96:20,-53
BLE,1704597867341459943,D3:F4:55:AB:96:20,-68
BLE,1704597867530232830,D3:F4:55:AB:96:20,-66
BLE,1704597867835450339,DF:DF:EE:00:00:04,-51
BLE,1704597868104470591,D3:F4:55:AB:96:20,-68
BLE,1704597868293495141,D3:F4:55:AB:96:20,-66
BLE,1704597868375054863,DF:DF:EE:00:00:04,-55
BLE,1704597868492727885,D3:F4:55:AB:96:20,-63
BLE,1704597868686719535,D3:F4:55:AB:96:20,-70
BLE,1704597869073436767,D3:F4:55:AB:96:20,-69
BLE,1704597869372063574,DF:DF:EE:00:00:04,-35
BLE,1704597869847730303,D3:F4:55:AB:96:20,-62
BLE,1704597870444393008,DF:DF:EE:00:00:04,-56
BLE,1704597870821931366,D3:F4:55:AB:96:20,-71
BLE,1704597871209205049,D3:F4:55:AB:96:20,-63
BLE,1704597871600447386,DF:DF:EE:00:00:04,-50
BLE,1704597871974762162,D3:F4:55:AB:96:20,-69
BLE,1704597872357229119,D3:F4:55:AB:96:20,-63
BLE,1704597872552100172,D3:F4:55:AB:96:20,-55
BLE,1704597872598627455,DF:DF:EE:00:00:04,-53
BLE,1704597873126134103,D3:F4:55:AB:96:20,-68
BLE,1704597873506354424,D3:F4:55:AB:96:20,-69
BLE,1704597873870126593,DF:DF:EE:00:00:04,-39
BLE,1704597874871748908,DF:DF:EE:00:00:04,-35
BLE,1704597875242582731,D3:F4:55:AB:96:20,-68
BLE,1704597875410158740,DF:DF:EE:00:00:04,-53
BLE,1704597875428321909,D3:F4:55:AB:96:20,-52
BLE,1704597875621119200,D3:F4:55:AB:96:20,-68
BLE,1704597875812988128,D3:F4:55:AB:96:20,-67
BLE,1704597876005110969,D3:F4:55:AB:96:20,-58
BLE,1704597876389875686,D3:F4:55:AB:96:20,-68
BLE,1704597876412657584,DF:DF:EE:00:00:04,-62
BLE,1704597876587539369,D3:F4:55:AB:96:20,-69
BLE,1704597876782124468,D3:F4:55:AB:96:20,-55
BLE,1704597877360704128,D3:F4:55:AB:96:20,-67
BLE,1704597877408654767,DF:DF:EE:00:00:04,-35
BLE,1704597877555312353,D3:F4:55:AB:96:20,-63
BLE,1704597877743394832,D3:F4:55:AB:96:20,-68
BLE,1704597878411508898,DF:DF:EE:00:00:04,-56
BLE,1704597878696933468,D3:F4:55:AB:96:20,-55
BLE,1704597878866552158,DF:DF:EE:00:00:04,-45
BLE,1704597878886483719,D3:F4:55:AB:96:20,-69
BLE,1704597879072144440,D3:F4:55:AB:96:20,-52
BLE,1704597879411189155,DF:DF:EE:00:00:04,-35
BLE,1704597879477373920,DF:DF:EE:00:00:04,-44
BLE,1704597879644977471,D3:F4:55:AB:96:20,-55
BLE,1704597879839988731,D3:F4:55:AB:96:20,-67
BLE,1704597880035434485,D3:F4:55:AB:96:20,-69
BLE,1704597880228132527,D3:F4:55:AB:96:20,-70
BLE,1704597880417172869,D3:F4:55:AB:96:20,-69
BLE,1704597880604121447,D3:F4:55:AB:96:20,-63
BLE,1704597880895817057,DF:A6:DC:DC:2E:81,-58
BLE,1704597880895872056,DF:DF:EE:00:00:01,-58
BLE,1704597881573053957,D3:F4:55:AB:96:20,-68
BLE,1704597881954275639,D3:F4:55:AB:96:20,-68
BLE,1704597882148732073,D3:F4:55:AB:96:20,-68
BLE,1704597882467294609,DF:DF:EE:00:00:04,-35
BLE,1704597882535138143,D3:F4:55:AB:96:20,-52
BLE,1704597882735639120,D3:F4:55:AB:96:20,-70
BLE,1704597883119433725,D3:F4:55:AB:96:20,-66
BLE,1704597883697347728,D3:F4:55:AB:96:20,-53
BLE,1704597883887420306,D3:F4:55:AB:96:20,-62
BLE,1704597884460005506,DF:DF:EE:00:00:04,-53
BLE,1704597884920019281,DF:DF:EE:00:00:04,-51
BLE,1704597885042936440,D3:F4:55:AB:96:20,-55
BLE,1704597885424436993,D3:F4:55:AB:96:20,-55
BLE,1704597885460721958,DF:DF:EE:00:00:04,-51
BLE,1704597886000252816,D3:F4:55:AB:96:20,-52
BLE,1704597886382028158,D3:F4:55:AB:96:20,-66
BLE,1704597886574413204,D3:F4:55:AB:96:20,-56
BLE,1704597886957634900,D3:F4:55:AB:96:20,-70
BLE,1704597887344454048,D3:F4:55:AB:96:20,-75
BLE,1704597887465993517,DF:DF:EE:00:00:04,-35
BLE,1704597887530640011,D3:F4:55:AB:96:20,-53
BLE,1704597887722387858,D3:F4:55:AB:96:20,-71
BLE,1704597887915638309,D3:F4:55:AB:96:20,-53
BLE,1704597888107175658,D3:F4:55:AB:96:20,-52
BLE,1704597888686157854,D3:F4:55:AB:96:20,-70
BLE,1704597888692951470,DF:DF:EE:00:00:04,-55
BLE,1704597889065235399,D3:F4:55:AB:96:20,-68
BLE,1704597889066729587,D3:F4:55:AB:96:20,-70
BLE,1704597889637395730,D3:F4:55:AB:96:20,-68
BLE,1704597889697654909,DF:DF:EE:00:00:04,-54
BLE,1704597889824311559,D3:F4:55:AB:96:20,-53
BLE,1704597890233854355,DF:DF:EE:00:00:04,-34
BLE,1704597890601494805,D3:F4:55:AB:96:20,-70
BLE,1704597891187183827,D3:F4:55:AB:96:20,-55
BLE,1704597891231683971,DF:DF:EE:00:00:04,-53
BLE,1704597891379811828,D3:F4:55:AB:96:20,-52
BLE,1704597891569564660,D3:F4:55:AB:96:20,-70
BLE,1704597891694972160,DF:DF:EE:00:00:04,-35
BLE,1704597892147928740,D3:F4:55:AB:96:20,-62
BLE,1704597892236815071,DF:DF:EE:00:00:04,-35
BLE,1704597892345355301,D3:F4:55:AB:96:20,-52
BLE,1704597892537381727,D3:F4:55:AB:96:20,-55
BLE,1704597892731078713,D3:F4:55:AB:96:20,-66
BLE,1704597892926087598,D3:F4:55:AB:96:20,-63
BLE,1704597894077079503,D3:F4:55:AB:96:20,-66
BLE,1704597894272287386,D3:F4:55:AB:96:20,-52
BLE,1704597894648295472,D3:F4:55:AB:96:20,-55
BLE,1704597894844003306,D3:F4:55:AB:96:20,-67
BLE,1704597894891444660,DF:A6:DC:DC:2E:81,-73
BLE,1704597894891505117,DF:DF:EE:00:00:01,-73
BLE,1704597895609934123,D3:F4:55:AB:96:20,-52
BLE,1704597896195060985,D3:F4:55:AB:96:20,-52
BLE,1704597896239617878,DF:DF:EE:00:00:04,-51
BLE,1704597897161827025,D3:F4:55:AB:96:20,-66
BLE,1704597897525097993,DF:DF:EE:00:00:04,-51
BLE,1704597898122439564,D3:F4:55:AB:96:20,-68
BLE,1704597898311515864,D3:F4:55:AB:96:20,-53
BLE,1704597898698742047,D3:F4:55:AB:96:20,-70
BLE,1704597898713019978,DF:A6:DC:DC:2E:81,-58
BLE,1704597898713069935,DF:DF:EE:00:00:01,-58
BLE,1704597899279578677,D3:F4:55:AB:96:20,-68
BLE,1704597899339582609,DF:DF:EE:00:00:04,-55
BLE,1704597899471174108,D3:F4:55:AB:96:20,-69
BLE,1704597900239319562,D3:F4:55:AB:96:20,-68
BLE,1704597900432449056,D3:F4:55:AB:96:20,-70
BLE,1704597901195152791,D3:F4:55:AB:96:20,-70
BLE,1704597901337942513,DF:DF:EE:00:00:04,-55
BLE,1704597901583151839,D3:F4:55:AB:96:20,-55
BLE,1704597901776823743,D3:F4:55:AB:96:20,-67
BLE,1704597901970121318,D3:F4:55:AB:96:20,-52
BLE,1704597902158306338,D3:F4:55:AB:96:20,-68
BLE,1704597902540887877,DF:A6:DC:DC:2E:81,-73
BLE,1704597902540951084,DF:DF:EE:00:00:01,-73
BLE,1704597902546177888,D3:F4:55:AB:96:20,-71
BLE,1704597902938976287,D3:F4:55:AB:96:20,-69
BLE,1704597903075590801,DF:DF:EE:00:00:04,-55
BLE,1704597903126346610,D3:F4:55:AB:96:20,-53
BLE,1704597903611352586,DF:DF:EE:00:00:04,-65
BLE,1704597903710145532,D3:F4:55:AB:96:20,-53
BLE,1704597903904974670,D3:F4:55:AB:96:20,-52
BLE,1704597904072706219,DF:DF:EE:00:00:04,-36
BLE,1704597904094952124,D3:F4:55:AB:96:20,-52
BLE,1704597904288105743,D3:F4:55:AB:96:20,-66
BLE,1704597904476154306,D3:F4:55:AB:96:20,-68
BLE,1704597905057263307,D3:F4:55:AB:96:20,-52
BLE,1704597905350270857,DF:DF:EE:00:00:04,-51
BLE,1704597905440020385,D3:F4:55:AB:96:20,-52
BLE,1704597905635054270,D3:F4:55:AB:96:20,-69
BLE,1704597905822290219,D3:F4:55:AB:96:20,-52
BLE,1704597905886420346,DF:DF:EE:00:00:04,-40
BLE,1704597906017783015,D3:F4:55:AB:96:20,-67
BLE,1704597906209948064,D3:F4:55:AB:96:20,-63
BLE,1704597906348899712,DF:DF:EE:00:00:04,-54
BLE,1704597906403975296,D3:F4:55:AB:96:20,-63
BLE,1704597906779513763,D3:F4:55:AB:96:20,-70
BLE,1704597906972956378,D3:F4:55:AB:96:20,-52
BLE,1704597907555470652,D3:F4:55:AB:96:20,-66
BLE,1704597908158905682,DF:DF:EE:00:00:04,-55
BLE,1704597908331281334,D3:F4:55:AB:96:20,-55
BLE,1704597908520672754,D3:F4:55:AB:96:20,-68
BLE,1704597909156108473,DF:DF:EE:00:00:04,-51
BLE,1704597909674410829,D3:F4:55:AB:96:20,-84
BLE,1704597910160137296,DF:DF:EE:00:00:04,-55
BLE,1704597910645876763,D3:F4:55:AB:96:20,-70
BLE,1704597911605034572,D3:F4:55:AB:96:20,-53
BLE,1704597911895520032,DF:DF:EE:00:00:04,-40
BLE,1704597912182975533,D3:F4:55:AB:96:20,-58
BLE,1704597912903302346,DF:DF:EE:00:00:04,-55
BLE,1704597913145039303,D3:F4:55:AB:96:20,-70
BLE,1704597913431964769,DF:DF:EE:00:00:04,-50
BLE,1704597913906050520,D3:F4:55:AB:96:20,-52
BLE,1704597914436828665,DF:DF:EE:00:00:04,-56
BLE,1704597914872798976,D3:F4:55:AB:96:20,-67
BLE,1704597915451111640,D3:F4:55:AB:96:20,-53
BLE,1704597916031672440,D3:F4:55:AB:96:20,-68
BLE,1704597916535379120,DF:A6:DC:DC:2E:81,-73
BLE,1704597916535444911,DF:DF:EE:00:00:01,-73
BLE,1704597916600560440,D3:F4:55:AB:96:20,-62
BLE,1704597916991052955,D3:F4:55:AB:96:20,-70
BLE,1704597917366678379,D3:F4:55:AB:96:20,-67
BLE,1704597917991614367,DF:DF:EE:00:00:04,-50
BLE,1704597918321766244,D3:F4:55:AB:96:20,-55
BLE,1704597918452321633,DF:DF:EE:00:00:04,-53
BLE,1704597919287637754,D3:F4:55:AB:96:20,-70
BLE,1704597919450586784,DF:DF:EE:00:00:04,-40
BLE,1704597919858422312,D3:F4:55:AB:96:20,-63
BLE,1704597919990473763,DF:DF:EE:00:00:04,-39
BLE,1704597920049757081,D3:F4:55:AB:96:20,-70
BLE,1704597920240180612,D3:F4:55:AB:96:20,-64
BLE,1704597920447197542,DF:DF:EE:00:00:04,-36
BLE,1704597920614203975,D3:F4:55:AB:96:20,-55
BLE,1704597920984520681,DF:DF:EE:00:00:04,-50
BLE,1704597921373080013,D3:F4:55:AB:96:20,-68
BLE,1704597922341640944,D3:F4:55:AB:96:20,-66
BLE,1704597922447281797,DF:DF:EE:00:00:04,-55
BLE,1704597922536481124,D3:F4:55:AB:96:20,-68
BLE,1704597922985274552,DF:DF:EE:00:00:04,-55
BLE,1704597923054184321,DF:DF:EE:00:00:04,-56
BLE,1704597923119404891,D3:F4:55:AB:96:20,-68
BLE,1704597923306652799,D3:F4:55:AB:96:20,-52
BLE,1704597923878959045,D3:F4:55:AB:96:20,-70
BLE,1704597924452723437,D3:F4:55:AB:96:20,-52
BLE,1704597924643930499,D3:F4:55:AB:96:20,-70
BLE,1704597924835652388,D3:F4:55:AB:96:20,-66
BLE,1704597925443541524,DF:A6:DC:DC:2E:81,-73
BLE,1704597925443584482,DF:DF:EE:00:00:01,-73
BLE,1704597925604700204,D3:F4:55:AB:96:20,-62
BLE,1704597926376292110,D3:F4:55:AB:96:20,-55
BLE,1704597926763321254,D3:F4:55:AB:96:20,-63
BLE,1704597927310597466,DF:DF:EE:00:00:04,-40
BLE,1704597927763698502,DF:DF:EE:00:00:04,-50
BLE,1704597927989651966,DF:A6:DC:DC:2E:81,-72
BLE,1704597927989682757,DF:DF:EE:00:00:01,-72
BLE,1704597929267538392,D3:F4:55:AB:96:20,-66
BLE,1704597929585123774,DF:DF:EE:00:00:04,-35
BLE,1704597929844921485,D3:F4:55:AB:96:20,-63
BLE,1704597930037853691,D3:F4:55:AB:96:20,-66
BLE,1704597930041234811,DF:DF:EE:00:00:04,-66
BLE,1704597930431084209,D3:F4:55:AB:96:20,-52
BLE,1704597931001679353,D3:F4:55:AB:96:20,-66
BLE,1704597931385056631,D3:F4:55:AB:96:20,-66
BLE,1704597931770269342,D3:F4:55:AB:96:20,-67
BLE,1704597931860069035,DF:DF:EE:00:00:04,-51
BLE,1704597931965624972,D3:F4:55:AB:96:20,-52
BLE,1704597932323860926,DF:DF:EE:00:00:04,-56
BLE,1704597932352542244,D3:F4:55:AB:96:20,-52
BLE,1704597932546523226,D3:F4:55:AB:96:20,-68
BLE,1704597933893708583,D3:F4:55:AB:96:20,-71
BLE,1704597934274217983,D3:F4:55:AB:96:20,-71
BLE,1704597934324273343,DF:DF:EE:00:00:04,-40
BLE,1704597934352657290,DF:A6:DC:DC:2E:81,-72
BLE,1704597934352687039,DF:DF:EE:00:00:01,-72
BLE,1704597934853323137,DF:DF:EE:00:00:04,-35
BLE,1704597935240537029,D3:F4:55:AB:96:20,-70
BLE,1704597935628082958,D3:F4:55:AB:96:20,-63
BLE,1704597935819517225,D3:F4:55:AB:96:20,-66
BLE,1704597936598996107,D3:F4:55:AB:96:20,-69
BLE,1704597936855766484,DF:DF:EE:00:00:04,-44
BLE,1704597937560062641,D3:F4:55:AB:96:20,-71
BLE,1704597937752875431,D3:F4:55:AB:96:20,-57
BLE,1704597938091324654,DF:DF:EE:00:00:04,-35
BLE,1704597938144477721,D3:F4:55:AB:96:20,-71
BLE,1704597938340689715,D3:F4:55:AB:96:20,-52
BLE,1704597938733182494,D3:F4:55:AB:96:20,-69
BLE,1704597938926098116,D3:F4:55:AB:96:20,-66
BLE,1704597939121062960,D3:F4:55:AB:96:20,-52
BLE,1704597939307398130,D3:F4:55:AB:96:20,-69
BLE,1704597939441320431,DF:A6:DC:DC:2E:81,-74
BLE,1704597939441362764,DF:DF:EE:00:00:01,-74
BLE,1704597939694819686,D3:F4:55:AB:96:20,-70
BLE,1704597940075548958,D3:F4:55:AB:96:20,-70
BLE,1704597940092801681,DF:DF:EE:00:00:04,-45
BLE,1704597940267316388,D3:F4:55:AB:96:20,-68
BLE,1704597940459236732,D3:F4:55:AB:96:20,-55
BLE,1704597940654922566,D3:F4:55:AB:96:20,-52
BLE,1704597941429831844,D3:F4:55:AB:96:20,-55
BLE,1704597941909466768,DF:DF:EE:00:00:04,-55
BLE,1704597941985488566,DF:A6:DC:DC:2E:81,-72
BLE,1704597941985509066,DF:DF:EE:00:00:01,-72
BLE,1704597942006225534,D3:F4:55:AB:96:20,-66
BLE,1704597942202672899,D3:F4:55:AB:96:20,-64
BLE,1704597942396511634,D3:F4:55:AB:96:20,-55
BLE,1704597942589090552,D3:F4:55:AB:96:20,-52
BLE,1704597942783025869,D3:F4:55:AB:96:20,-53
BLE,1704597943538151249,D3:F4:55:AB:96:20,-52
BLE,1704597943642579035,DF:DF:EE:00:00:04,-62
BLE,1704597943732755598,D3:F4:55:AB:96:20,-69
BLE,1704597943930499155,D3:F4:55:AB:96:20,-69
BLE,1704597944117931477,D3:F4:55:AB:96:20,-62
BLE,1704597944526638076,DF:A6:DC:DC:2E:81,-69
BLE,1704597944526678200,DF:DF:EE:00:00:01,-69
BLE,1704597944647346140,DF:DF:EE:00:00:04,-49
BLE,1704597944876737640,D3:F4:55:AB:96:20,-68
BLE,1704597945260744659,D3:F4:55:AB:96:20,-63
BLE,1704597945645159256,DF:DF:EE:00:00:04,-63
BLE,1704597945651242798,D3:F4:55:AB:96:20,-53
BLE,1704597946035447106,D3:F4:55:AB:96:20,-62
BLE,1704597946225273687,D3:F4:55:AB:96:20,-69
BLE,1704597946985563622,D3:F4:55:AB:96:20,-55
BLE,1704597947180879253,D3:F4:55:AB:96:20,-53
BLE,1704597947374275619,D3:F4:55:AB:96:20,-69
BLE,1704597947561347112,D3:F4:55:AB:96:20,-52
BLE,1704597947755154389,D3:F4:55:AB:96:20,-69
BLE,1704597947913026655,DF:DF:EE:00:00:04,-55
BLE,1704597948899070723,D3:F4:55:AB:96:20,-71
BLE,1704597949290148438,D3:F4:55:AB:96:20,-68
BLE,1704597949480369513,D3:F4:55:AB:96:20,-70
BLE,1704597950468093725,DF:DF:EE:00:00:04,-35
BLE,1704597951208250143,D3:F4:55:AB:96:20,-67
BLE,1704597951743197564,DF:DF:EE:00:00:04,-55
BLE,1704597951797636239,D3:F4:55:AB:96:20,-70
BLE,1704597952181967712,D3:F4:55:AB:96:20,-70
BLE,1704597952740143526,DF:DF:EE:00:00:04,-46
BLE,1704597952766549458,D3:F4:55:AB:96:20,-71
BLE,1704597953916826622,D3:F4:55:AB:96:20,-70
BLE,1704597954015294406,DF:DF:EE:00:00:04,-51
BLE,1704597954111252307,D3:F4:55:AB:96:20,-67
BLE,1704597954303438897,D3:F4:55:AB:96:20,-52
BLE,1704597954552026386,DF:DF:EE:00:00:04,-55
BLE,1704597954683516970,D3:F4:55:AB:96:20,-71
BLE,1704597955068328061,D3:F4:55:AB:96:20,-69
BLE,1704597955260241780,D3:F4:55:AB:96:20,-66
BLE,1704597955456070321,D3:F4:55:AB:96:20,-68
BLE,1704597955646551310,D3:F4:55:AB:96:20,-55
BLE,1704597956025359233,D3:F4:55:AB:96:20,-68
BLE,1704597956408828426,D3:F4:55:AB:96:20,-53
BLE,1704597956599714076,D3:F4:55:AB:96:20,-69
BLE,1704597956789406992,D3:F4:55:AB:96:20,-53
BLE,1704597957012161333,DF:DF:EE:00:00:04,-45
BLE,1704597957173567551,D3:F4:55:AB:96:20,-66
BLE,1704597957262049262,DF:A6:DC:DC:2E:81,-75
BLE,1704597957262081470,DF:DF:EE:00:00:01,-75
BLE,1704597957370402203,D3:F4:55:AB:96:20,-53
BLE,1704597957565472754,D3:F4:55:AB:96:20,-69
BLE,1704597957945910697,D3:F4:55:AB:96:20,-55
BLE,1704597958136237104,D3:F4:55:AB:96:20,-66
BLE,1704597958521979974,D3:F4:55:AB:96:20,-54
BLE,1704597958712825416,D3:F4:55:AB:96:20,-52
BLE,1704597958821896681,DF:DF:EE:00:00:04,-52
BLE,1704597959098408539,D3:F4:55:AB:96:20,-52
BLE,1704597959285048497,DF:DF:EE:00:00:04,-36
BLE,1704597959290973666,D3:F4:55:AB:96:20,-55
BLE,1704597959480264796,D3:F4:55:AB:96:20,-68
BLE,1704597960250405472,D3:F4:55:AB:96:20,-66
BLE,1704597960292755811,DF:DF:EE:00:00:04,-40
BLE,1704597960827975562,D3:F4:55:AB:96:20,-79
BLE,1704597961290614927,DF:DF:EE:00:00:04,-36
BLE,1704597961799933781,D3:F4:55:AB:96:20,-68
BLE,1704597962293407725,DF:DF:EE:00:00:04,-56
BLE,1704597962374672952,D3:F4:55:AB:96:20,-70
BLE,1704597962763865192,D3:F4:55:AB:96:20,-52
BLE,1704597962958321543,D3:F4:55:AB:96:20,-70
BLE,1704597963150142097,D3:F4:55:AB:96:20,-82
BLE,1704597963283669736,DF:DF:EE:00:00:04,-63
BLE,1704597963337280131,D3:F4:55:AB:96:20,-68
BLE,1704597963531197489,D3:F4:55:AB:96:20,-58
BLE,1704597964498502396,D3:F4:55:AB:96:20,-52
BLE,1704597964688605473,D3:F4:55:AB:96:20,-68
BLE,1704597965268785695,D3:F4:55:AB:96:20,-67
BLE,1704597965328583547,DF:DF:EE:00:00:04,-73
BLE,1704597966237435542,D3:F4:55:AB:96:20,-67
BLE,1704597966615972344,D3:F4:55:AB:96:20,-68
BLE,1704597966804101823,D3:F4:55:AB:96:20,-53
BLE,1704597966998291969,D3:F4:55:AB:96:20,-68
BLE,1704597967063489289,DF:DF:EE:00:00:04,-56
BLE,1704597967186223618,D3:F4:55:AB:96:20,-53
BLE,1704597967380063602,D3:F4:55:AB:96:20,-52
BLE,1704597967770815404,D3:F4:55:AB:96:20,-58
BLE,1704597968150773145,D3:F4:55:AB:96:20,-53
BLE,1704597968336984859,DF:DF:EE:00:00:04,-37
BLE,1704597968345718490,D3:F4:55:AB:96:20,-63
BLE,1704597968540017926,D3:F4:55:AB:96:20,-70
BLE,1704597968733390667,D3:F4:55:AB:96:20,-53
BLE,1704597968870315927,DF:DF:EE:00:00:04,-35
BLE,1704597968923827865,D3:F4:55:AB:96:20,-71
BLE,1704597969310355641,D3:F4:55:AB:96:20,-63
BLE,1704597969500524967,D3:F4:55:AB:96:20,-52
BLE,1704597969696064262,D3:F4:55:AB:96:20,-52
BLE,1704597969875385528,DF:DF:EE:00:00:04,-56
BLE,1704597969884957731,D3:F4:55:AB:96:20,-52
BLE,1704597969995280395,DF:A6:DC:DC:2E:81,-72
BLE,1704597969995300186,DF:DF:EE:00:00:01,-72
BLE,1704597970080823354,D3:F4:55:AB:96:20,-68
BLE,1704597970339165877,DF:DF:EE:00:00:04,-43
BLE,1704597970655763481,D3:F4:55:AB:96:20,-55
BLE,1704597970845007986,D3:F4:55:AB:96:20,-63
BLE,1704597971033622584,D3:F4:55:AB:96:20,-62
BLE,1704597971428593745,D3:F4:55:AB:96:20,-68
BLE,1704597972012492000,D3:F4:55:AB:96:20,-68
BLE,1704597972198500799,D3:F4:55:AB:96:20,-53
BLE,1704597972394615128,D3:F4:55:AB:96:20,-69
BLE,1704597972607265898,DF:DF:EE:00:00:04,-50
BLE,1704597972773439176,D3:F4:55:AB:96:20,-70
BLE,1704597973155900341,DF:DF:EE:00:00:04,-52
BLE,1704597973166109993,D3:F4:55:AB:96:20,-53
BLE,1704597973364523374,D3:F4:55:AB:96:20,-68
BLE,1704597973555968850,D3:F4:55:AB:96:20,-55
BLE,1704597973608679048,DF:DF:EE:00:00:04,-56
BLE,1704597973752006512,D3:F4:55:AB:96:20,-67
BLE,1704597973949798901,D3:F4:55:AB:96:20,-66
BLE,1704597974916215112,D3:F4:55:AB:96:20,-52
BLE,1704597975106068109,D3:F4:55:AB:96:20,-68
BLE,1704597975303439546,D3:F4:55:AB:96:20,-66
BLE,1704597975614681348,DF:DF:EE:00:00:04,-56
BLE,1704597975685818087,D3:F4:55:AB:96:20,-67
BLE,1704597976252122498,D3:F4:55:AB:96:20,-53
BLE,1704597976362459995,DF:A6:DC:DC:2E:81,-72
BLE,1704597976362489369,DF:DF:EE:00:00:01,-72
BLE,1704597976448455948,D3:F4:55:AB:96:20,-63
BLE,1704597976642358974,D3:F4:55:AB:96:20,-55
BLE,1704597977025893458,D3:F4:55:AB:96:20,-71
BLE,1704597977221041924,D3:F4:55:AB:96:20,-63
BLE,1704597977608181859,D3:F4:55:AB:96:20,-55
BLE,1704597977995603165,D3:F4:55:AB:96:20,-69
BLE,1704597979351422696,D3:F4:55:AB:96:20,-69
BLE,1704597980118780952,D3:F4:55:AB:96:20,-67
BLE,1704597980697608900,D3:F4:55:AB:96:20,-68
BLE,1704597980704011563,DF:DF:EE:00:00:04,-51
BLE,1704597981156414900,DF:DF:EE:00:00:04,-34
BLE,1704597981460670089,D3:F4:55:AB:96:20,-63
BLE,1704597981648095328,D3:F4:55:AB:96:20,-52
BLE,1704597981838389652,D3:F4:55:AB:96:20,-55
BLE,1704597982027766448,D3:F4:55:AB:96:20,-63
BLE,1704597982416107991,D3:F4:55:AB:96:20,-52
BLE,1704597982439896250,DF:DF:EE:00:00:04,-50
BLE,1704597982611039419,D3:F4:55:AB:96:20,-63
BLE,1704597982798104496,D3:F4:55:AB:96:20,-66
BLE,1704597982988936605,D3:F4:55:AB:96:20,-55
BLE,1704597983375594463,D3:F4:55:AB:96:20,-68
BLE,1704597983438155860,DF:DF:EE:00:00:04,-53
BLE,1704597983756890185,D3:F4:55:AB:96:20,-69
BLE,1704597984143174673,D3:F4:55:AB:96:20,-68
BLE,1704597984435547649,DF:DF:EE:00:00:04,-55
BLE,1704597984521581519,D3:F4:55:AB:96:20,-69
BLE,1704597984979244659,DF:DF:EE:00:00:04,-51
BLE,1704597985283943634,D3:F4:55:AB:96:20,-71
BLE,1704597985431319293,DF:DF:EE:00:00:04,-34
BLE,1704597985473281055,D3:F4:55:AB:96:20,-57
BLE,1704597985662595309,D3:F4:55:AB:96:20,-71
BLE,1704597985854561319,D3:F4:55:AB:96:20,-68
BLE,1704597986822222638,D3:F4:55:AB:96:20,-53
BLE,1704597987773565179,D3:F4:55:AB:96:20,-67
BLE,1704597987973670495,DF:DF:EE:00:00:04,-35
BLE,1704597988046416170,DF:DF:EE:00:00:04,-37
BLE,1704597988471166135,DF:DF:EE:00:00:04,-51
BLE,1704597988545841201,D3:F4:55:AB:96:20,-70
BLE,1704597989478656327,DF:DF:EE:00:00:04,-36
BLE,1704597989515959777,D3:F4:55:AB:96:20,-52
BLE,1704597989703782511,D3:F4:55:AB:96:20,-53
BLE,1704597989893679216,D3:F4:55:AB:96:20,-55
BLE,1704597989932935764,DF:DF:EE:00:00:04,-50
BLE,1704597990473332611,DF:DF:EE:00:00:04,-34
BLE,1704597990659231496,D3:F4:55:AB:96:20,-55
BLE,1704597990851196422,D3:F4:55:AB:96:20,-77
BLE,1704597991234824030,D3:F4:55:AB:96:20,-53
BLE,1704597991643794417,DF:A6:DC:DC:2E:81,-68
BLE,1704597991643831875,DF:DF:EE:00:00:01,-68
BLE,1704597991813439940,D3:F4:55:AB:96:20,-69
BLE,1704597992003204938,D3:F4:55:AB:96:20,-64
BLE,1704597992193858549,D3:F4:55:AB:96:20,-63
BLE,1704597992212601461,DF:DF:EE:00:00:04,-53
BLE,1704597992383760671,D3:F4:55:AB:96:20,-52
BLE,1704597992581382854,D3:F4:55:AB:96:20,-69
BLE,1704597993735009389,D3:F4:55:AB:96:20,-66
BLE,1704597993925868290,D3:F4:55:AB:96:20,-63
BLE,1704597994205871017,DF:DF:EE:00:00:04,-34
BLE,1704597994311502995,D3:F4:55:AB:96:20,-85
BLE,1704597996031729979,D3:F4:55:AB:96:20,-66
BLE,1704597996222087219,D3:F4:55:AB:96:20,-66
BLE,1704597996411239392,D3:F4:55:AB:96:20,-53
BLE,1704597996987028091,D3:F4:55:AB:96:20,-52
BLE,1704597997302001592,DF:DF:EE:00:00:04,-39
BLE,1704597997372392550,D3:F4:55:AB:96:20,-52
BLE,1704597997561021855,D3:F4:55:AB:96:20,-52
BLE,1704597997762644442,DF:DF:EE:00:00:04,-50
BLE,1704597998299406880,DF:DF:EE:00:00:04,-44
BLE,1704597998713879276,D3:F4:55:AB:96:20,-55
BLE,1704597998764912831,DF:DF:EE:00:00:04,-50
BLE,1704597998903530776,D3:F4:55:AB:96:20,-68
BLE,1704597999095221040,D3:F4:55:AB:96:20,-55
BLE,1704597999289887930,D3:F4:55:AB:96:20,-53
BLE,1704597999481430029,D3:F4:55:AB:96:20,-70
BLE,1704597999675942838,D3:F4:55:AB:96:20,-62
BLE,1704598000057876885,D3:F4:55:AB:96:20,-62
BLE,1704598000251209793,D3:F4:55:AB:96:20,-68
BLE,1704598000437760419,D3:F4:55:AB:96:20,-52
BLE,1704598000577212519,DF:DF:EE:00:00:04,-34
BLE,1704598000829957034,D3:F4:55:AB:96:20,-70
BLE,1704598001575897540,DF:DF:EE:00:00:04,-39
BLE,1704598001786360173,D3:F4:55:AB:96:20,-53
BLE,1704598001831732847,DF:A6:DC:DC:2E:81,-72
BLE,1704598001831751680,DF:DF:EE:00:00:01,-72
BLE,1704598003133511822,D3:F4:55:AB:96:20,-69
BLE,1704598003331028298,D3:F4:55:AB:96:20,-63
BLE,1704598003518677201,D3:F4:55:AB:96:20,-66
BLE,1704598003715309980,D3:F4:55:AB:96:20,-63
BLE,1704598003911615265,D3:F4:55:AB:96:20,-55
BLE,1704598004488400074,D3:F4:55:AB:96:20,-68
BLE,1704598004684998688,D3:F4:55:AB:96:20,-52
BLE,1704598004873672410,D3:F4:55:AB:96:20,-68
BLE,1704598005064042733,D3:F4:55:AB:96:20,-69
BLE,1704598005119742224,DF:DF:EE:00:00:04,-51
BLE,1704598005837933983,D3:F4:55:AB:96:20,-52
BLE,1704598006027471151,D3:F4:55:AB:96:20,-71
BLE,1704598006222686908,D3:F4:55:AB:96:20,-53
BLE,1704598006418186579,D3:F4:55:AB:96:20,-69
BLE,1704598006603684260,D3:F4:55:AB:96:20,-53
BLE,1704598006797649785,D3:F4:55:AB:96:20,-69
BLE,1704598006863982048,DF:DF:EE:00:00:04,-55
BLE,1704598006983483128,D3:F4:55:AB:96:20,-52
BLE,1704598007179737997,D3:F4:55:AB:96:20,-69
BLE,1704598007401882262,DF:DF:EE:00:00:04,-53
BLE,1704598007565429034,D3:F4:55:AB:96:20,-69
BLE,1704598007753321017,D3:F4:55:AB:96:20,-63
BLE,1704598007863930802,DF:DF:EE:00:00:04,-50
BLE,1704598008397797946,DF:DF:EE:00:00:04,-56
BLE,1704598008536454141,D3:F4:55:AB:96:20,-66
BLE,1704598009464394334,DF:A6:DC:DC:2E:81,-58
BLE,1704598009464440708,DF:DF:EE:00:00:01,-58
BLE,1704598009499746894,D3:F4:55:AB:96:20,-69
BLE,1704598009859758906,DF:DF:EE:00:00:04,-57
BLE,1704598010075152597,D3:F4:55:AB:96:20,-71
BLE,1704598010464946454,D3:F4:55:AB:96:20,-68
BLE,1704598010854676145,D3:F4:55:AB:96:20,-66
BLE,1704598011050148316,D3:F4:55:AB:96:20,-52
BLE,1704598011136507931,DF:DF:EE:00:00:04,-65
BLE,1704598011238834871,D3:F4:55:AB:96:20,-69
BLE,1704598011667235827,DF:DF:EE:00:00:04,-45
BLE,1704598011821278978,D3:F4:55:AB:96:20,-52
BLE,1704598012004863811,DF:A6:DC:DC:2E:81,-58
BLE,1704598012004909185,DF:DF:EE:00:00:01,-58
BLE,1704598012011144559,D3:F4:55:AB:96:20,-55
BLE,1704598012206619688,D3:F4:55:AB:96:20,-66
BLE,1704598012985231671,D3:F4:55:AB:96:20,-68
BLE,1704598013400288332,DF:DF:EE:00:00:04,-51
BLE,1704598014125534108,D3:F4:55:AB:96:20,-70
BLE,1704598014316273928,D3:F4:55:AB:96:20,-68
BLE,1704598014405220909,DF:DF:EE:00:00:04,-55
BLE,1704598014704306516,D3:F4:55:AB:96:20,-63
BLE,1704598014939550451,DF:DF:EE:00:00:04,-59
BLE,1704598015826428463,DF:A6:DC:DC:2E:81,-73
BLE,1704598015826490462,DF:DF:EE:00:00:01,-73
BLE,1704598016052821483,D3:F4:55:AB:96:20,-66
BLE,1704598016402426453,DF:DF:EE:00:00:04,-53
BLE,1704598016403760475,DF:DF:EE:00:00:04,-39
BLE,1704598016821131687,D3:F4:55:AB:96:20,-66
BLE,1704598017405330267,D3:F4:55:AB:96:20,-68
BLE,1704598017407337489,DF:DF:EE:00:00:04,-50
BLE,1704598017983547767,D3:F4:55:AB:96:20,-68
BLE,1704598018365840437,D3:F4:55:AB:96:20,-69
BLE,1704598018947557428,D3:F4:55:AB:96:20,-69
BLE,1704598019136626397,D3:F4:55:AB:96:20,-53
BLE,1704598019674366433,DF:DF:EE:00:00:04,-41
BLE,1704598019720931810,D3:F4:55:AB:96:20,-63
BLE,1704598020303651037,D3:F4:55:AB:96:20,-67
BLE,1704598020493712491,D3:F4:55:AB:96:20,-60
BLE,1704598020687994719,D3:F4:55:AB:96:20,-67
BLE,1704598020882734107,D3:F4:55:AB:96:20,-52
BLE,1704598021073249264,D3:F4:55:AB:96:20,-67
BLE,1704598021451448784,D3:F4:55:AB:96:20,-62
BLE,1704598021644539987,D3:F4:55:AB:96:20,-55
BLE,1704598021950598120,DF:DF:EE:00:00:04,-50
BLE,1704598022025004433,D3:F4:55:AB:96:20,-70
BLE,1704598022414157881,D3:F4:55:AB:96:20,-84
BLE,1704598022797566951,D3:F4:55:AB:96:20,-69
BLE,1704598023230023239,DF:DF:EE:00:00:04,-51
BLE,1704598023566435356,D3:F4:55:AB:96:20,-69
BLE,1704598023761021787,D3:F4:55:AB:96:20,-52
BLE,1704598024225035708,DF:DF:EE:00:00:04,-45
BLE,1704598024542610552,D3:F4:55:AB:96:20,-55
BLE,1704598024741967207,DF:A6:DC:DC:2E:81,-74
BLE,1704598024742030498,DF:DF:EE:00:00:01,-74
BLE,1704598025314208917,D3:F4:55:AB:96:20,-69
BLE,1704598025698471684,D3:F4:55:AB:96:20,-58
BLE,1704598025885243144,D3:F4:55:AB:96:20,-52
BLE,1704598026041343750,DF:DF:EE:00:00:04,-51
BLE,1704598026081204723,D3:F4:55:AB:96:20,-63
BLE,1704598026499246591,DF:DF:EE:00:00:04,-44
BLE,1704598026658907271,D3:F4:55:AB:96:20,-70
BLE,1704598026853095917,D3:F4:55:AB:96:20,-65
BLE,1704598027042611504,DF:DF:EE:00:00:04,-53
BLE,1704598027043856528,D3:F4:55:AB:96:20,-70
BLE,1704598027238109965,D3:F4:55:AB:96:20,-52
BLE,1704598027433128349,D3:F4:55:AB:96:20,-69
BLE,1704598027628015193,D3:F4:55:AB:96:20,-71
BLE,1704598028499440009,DF:DF:EE:00:00:04,-50
BLE,1704598029357333601,D3:F4:55:AB:96:20,-55
BLE,1704598029552688730,D3:F4:55:AB:96:20,-52
BLE,1704598030038787086,DF:DF:EE:00:00:04,-55
BLE,1704598030334259036,D3:F4:55:AB:96:20,-68
BLE,1704598030718151684,D3:F4:55:AB:96:20,-69
BLE,1704598031111856399,DF:DF:EE:00:00:04,-66
BLE,1704598031303024463,D3:F4:55:AB:96:20,-68
BLE,1704598031494143945,D3:F4:55:AB:96:20,-55
BLE,1704598031546955649,DF:DF:EE:00:00:04,-62
BLE,1704598031688989331,D3:F4:55:AB:96:20,-52
BLE,1704598032077756159,D3:F4:55:AB:96:20,-67
BLE,1704598032540150269,DF:DF:EE:00:00:04,-40
BLE,1704598032652469875,D3:F4:55:AB:96:20,-68
BLE,1704598032842531038,D3:F4:55:AB:96:20,-62
BLE,1704598032998293107,DF:DF:EE:00:00:04,-35
BLE,1704598033039268689,D3:F4:55:AB:96:20,-67
BLE,1704598033228290909,D3:F4:55:AB:96:20,-55
BLE,1704598033618367134,D3:F4:55:AB:96:20,-53
BLE,1704598033649242527,DF:A6:DC:DC:2E:81,-58
BLE,1704598033649262943,DF:DF:EE:00:00:01,-58
BLE,1704598034004026631,DF:DF:EE:00:00:04,-55
BLE,1704598034205664629,D3:F4:55:AB:96:20,-69
BLE,1704598034398436629,D3:F4:55:AB:96:20,-55
BLE,1704598034970647839,D3:F4:55:AB:96:20,-68
BLE,1704598035272477740,DF:DF:EE:00:00:04,-50
BLE,1704598036306758774,D3:F4:55:AB:96:20,-67
BLE,1704598036887749901,D3:F4:55:AB:96:20,-53
BLE,1704598037081839298,D3:F4:55:AB:96:20,-58
BLE,1704598037279121816,DF:DF:EE:00:00:04,-45
BLE,1704598037460313189,D3:F4:55:AB:96:20,-71
BLE,1704598037815191709,DF:DF:EE:00:00:04,-35
BLE,1704598037816559272,DF:DF:EE:00:00:04,-54
BLE,1704598038621179250,D3:F4:55:AB:96:20,-52
BLE,1704598038733863975,DF:A6:DC:DC:2E:81,-73
BLE,1704598038733908058,DF:DF:EE:00:00:01,-73
BLE,1704598039194066784,D3:F4:55:AB:96:20,-70
BLE,1704598039384144697,D3:F4:55:AB:96:20,-63
BLE,1704598039963243475,D3:F4:55:AB:96:20,-68
BLE,1704598040151169919,D3:F4:55:AB:96:20,-53
BLE,1704598040344915946,D3:F4:55:AB:96:20,-69
BLE,1704598040534528615,D3:F4:55:AB:96:20,-52
BLE,1704598040820421203,DF:DF:EE:00:00:04,-51
BLE,1704598041121871234,D3:F4:55:AB:96:20,-65
BLE,1704598041516342564,D3:F4:55:AB:96:20,-63
BLE,1704598042047879813,DF:DF:EE:00:00:04,-65
BLE,1704598042671931200,D3:F4:55:AB:96:20,-52
BLE,1704598043046997432,DF:DF:EE:00:00:04,-55
BLE,1704598044214255068,D3:F4:55:AB:96:20,-63
BLE,1704598044867273834,DF:DF:EE:00:00:04,-56
BLE,1704598045167158263,D3:F4:55:AB:96:20,-53
BLE,1704598045552119187,D3:F4:55:AB:96:20,-67
BLE,1704598046319614027,D3:F4:55:AB:96:20,-66
BLE,1704598046701244832,D3:F4:55:AB:96:20,-67
BLE,1704598047139354122,DF:DF:EE:00:00:04,-55
BLE,1704598047597146298,DF:DF:EE:00:00:04,-50
BLE,1704598047668791734,D3:F4:55:AB:96:20,-67
BLE,1704598047860011672,D3:F4:55:AB:96:20,-63
BLE,1704598048137142468,DF:DF:EE:00:00:04,-34
BLE,1704598048444531165,D3:F4:55:AB:96:20,-66
BLE,1704598048631625412,D3:F4:55:AB:96:20,-52
BLE,1704598048830739071,D3:F4:55:AB:96:20,-68
BLE,1704598049016714042,D3:F4:55:AB:96:20,-66
BLE,1704598049214117976,D3:F4:55:AB:96:20,-52
BLE,1704598049794790982,D3:F4:55:AB:96:20,-63
BLE,1704598049981879896,D3:F4:55:AB:96:20,-52
BLE,1704598050170565537,D3:F4:55:AB:96:20,-55
BLE,1704598051147081228,DF:DF:EE:00:00:04,-56
BLE,1704598051449507246,DF:A6:DC:DC:2E:81,-74
BLE,1704598051449539454,DF:DF:EE:00:00:01,-74
BLE,1704598051508630861,D3:F4:55:AB:96:20,-69
BLE,1704598051598675367,DF:DF:EE:00:00:04,-56
BLE,1704598052084330604,D3:F4:55:AB:96:20,-71
BLE,1704598052659800726,D3:F4:55:AB:96:20,-52
BLE,1704598053041928774,D3:F4:55:AB:96:20,-67
BLE,1704598053417930700,DF:DF:EE:00:00:04,-55
BLE,1704598053434925541,D3:F4:55:AB:96:20,-70
BLE,1704598053629515931,D3:F4:55:AB:96:20,-62
BLE,1704598053827851601,D3:F4:55:AB:96:20,-69
BLE,1704598054019516575,D3:F4:55:AB:96:20,-55
BLE,1704598054869716443,DF:DF:EE:00:00:04,-45
BLE,1704598055750990410,D3:F4:55:AB:96:20,-70
BLE,1704598056127090419,D3:F4:55:AB:96:20,-66
BLE,1704598056324106816,D3:F4:55:AB:96:20,-53
BLE,1704598056901923946,D3:F4:55:AB:96:20,-70
BLE,1704598057286754497,D3:F4:55:AB:96:20,-64
BLE,1704598057474416652,D3:F4:55:AB:96:20,-63
BLE,1704598057857058942,D3:F4:55:AB:96:20,-53
BLE,1704598058627967026,D3:F4:55:AB:96:20,-66
BLE,1704598058962882039,DF:DF:EE:00:00:04,-45
BLE,1704598059203055737,D3:F4:55:AB:96:20,-52
BLE,1704598059397027927,D3:F4:55:AB:96:20,-70
BLE,1704598059593154129,D3:F4:55:AB:96:20,-52
BLE,1704598059979124163,D3:F4:55:AB:96:20,-70
BLE,1704598060367781576,D3:F4:55:AB:96:20,-71
BLE,1704598060757555847,D3:F4:55:AB:96:20,-69
BLE,1704598061144972694,D3:F4:55:AB:96:20,-57
BLE,1704598061340273074,D3:F4:55:AB:96:20,-63
BLE,1704598061525940967,D3:F4:55:AB:96:20,-66
BLE,1704598062427226856,DF:DF:EE:00:00:04,-35
BLE,1704598063259780810,D3:F4:55:AB:96:20,-63
BLE,1704598063652239252,D3:F4:55:AB:96:20,-70
BLE,1704598063842696159,D3:F4:55:AB:96:20,-69
BLE,1704598064622490949,D3:F4:55:AB:96:20,-69
BLE,1704598064701983732,DF:DF:EE:00:00:04,-51
BLE,1704598065192441317,D3:F4:55:AB:96:20,-66
BLE,1704598065389442422,D3:F4:55:AB:96:20,-67
BLE,1704598065772471332,D3:F4:55:AB:96:20,-64
BLE,1704598066724426124,DF:A6:DC:DC:2E:81,-72
BLE,1704598066724484039,DF:DF:EE:00:00:01,-72
BLE,1704598066737330189,D3:F4:55:AB:96:20,-68
BLE,1704598066928014552,D3:F4:55:AB:96:20,-68
BLE,1704598067307308973,D3:F4:55:AB:96:20,-67
BLE,1704598067499210860,D3:F4:55:AB:96:20,-55
BLE,1704598067512736084,DF:DF:EE:00:00:04,-34
BLE,1704598067689762099,D3:F4:55:AB:96:20,-67
BLE,1704598067882339435,D3:F4:55:AB:96:20,-55
BLE,1704598067975567313,DF:DF:EE:00:00:04,-62
BLE,1704598068263039211,D3:F4:55:AB:96:20,-55
BLE,1704598068454557187,D3:F4:55:AB:96:20,-66
BLE,1704598068649693777,D3:F4:55:AB:96:20,-69
BLE,1704598068836810941,D3:F4:55:AB:96:20,-63
BLE,1704598069033527800,D3:F4:55:AB:96:20,-52
BLE,1704598069424335849,D3:F4:55:AB:96:20,-52
BLE,1704598070246763864,DF:DF:EE:00:00:04,-56
BLE,1704598071248650068,DF:DF:EE:00:00:04,-45
BLE,1704598071353244826,D3:F4:55:AB:96:20,-52
BLE,1704598071540228574,D3:F4:55:AB:96:20,-65
BLE,1704598071732856117,D3:F4:55:AB:96:20,-52
BLE,1704598071809901935,DF:A6:DC:DC:2E:81,-58
BLE,1704598071809942476,DF:DF:EE:00:00:01,-58
BLE,1704598072108570798,D3:F4:55:AB:96:20,-55
BLE,1704598072254713671,DF:DF:EE:00:00:04,-56
BLE,1704598072497530415,D3:F4:55:AB:96:20,-68
BLE,1704598072880229371,D3:F4:55:AB:96:20,-68
BLE,1704598073263946729,D3:F4:55:AB:96:20,-68
BLE,1704598074256948518,DF:DF:EE:00:00:04,-55
BLE,1704598075197356599,D3:F4:55:AB:96:20,-63
BLE,1704598075771055038,D3:F4:55:AB:96:20,-65
BLE,1704598076540067649,D3:F4:55:AB:96:20,-56
BLE,1704598077113639965,D3:F4:55:AB:96:20,-69
BLE,1704598077302598893,D3:F4:55:AB:96:20,-82
BLE,1704598077523652114,DF:DF:EE:00:00:04,-50
BLE,1704598078075235160,D3:F4:55:AB:96:20,-55
BLE,1704598078269185976,D3:F4:55:AB:96:20,-72
BLE,1704598078528247321,DF:DF:EE:00:00:04,-39
BLE,1704598078656326869,D3:F4:55:AB:96:20,-70
BLE,1704598079037301225,D3:F4:55:AB:96:20,-70
BLE,1704598079422695517,D3:F4:55:AB:96:20,-70
BLE,1704598080568767331,D3:F4:55:AB:96:20,-55
BLE,1704598081539616811,D3:F4:55:AB:96:20,-55
BLE,1704598081926439250,D3:F4:55:AB:96:20,-68
BLE,1704598082880462137,D3:F4:55:AB:96:20,-67
BLE,1704598083264486949,DF:A6:DC:DC:2E:81,-74
BLE,1704598083264542448,DF:DF:EE:00:00:01,-74
BLE,1704598083652556578,D3:F4:55:AB:96:20,-72
BLE,1704598083840064070,DF:DF:EE:00:00:04,-46
BLE,1704598084304892187,DF:DF:EE:00:00:04,-53
BLE,1704598084598385791,D3:F4:55:AB:96:20,-72
BLE,1704598085174313281,D3:F4:55:AB:96:20,-53
BLE,1704598085301243970,DF:DF:EE:00:00:04,-39
BLE,1704598085937411309,D3:F4:55:AB:96:20,-66
BLE,1704598086299929553,DF:DF:EE:00:00:04,-45
BLE,1704598086321271707,D3:F4:55:AB:96:20,-66
BLE,1704598086894935230,D3:F4:55:AB:96:20,-71
BLE,1704598087087291444,DF:A6:DC:DC:2E:81,-72
BLE,1704598087087324277,DF:DF:EE:00:00:01,-72
BLE,1704598087467989928,D3:F4:55:AB:96:20,-66
BLE,1704598088303967958,DF:DF:EE:00:00:04,-50
BLE,1704598088841651453,DF:DF:EE:00:00:04,-65
BLE,1704598089217386258,D3:F4:55:AB:96:20,-66
BLE,1704598089347094782,DF:DF:EE:00:00:04,-59
BLE,1704598089595256408,D3:F4:55:AB:96:20,-70
BLE,1704598090377757867,D3:F4:55:AB:96:20,-55
BLE,1704598090764189020,D3:F4:55:AB:96:20,-71
BLE,1704598091077305927,DF:DF:EE:00:00:04,-53
BLE,1704598091151237164,D3:F4:55:AB:96:20,-69
BLE,1704598091342414853,D3:F4:55:AB:96:20,-66
BLE,1704598091724521609,D3:F4:55:AB:96:20,-66
BLE,1704598091917921266,D3:F4:55:AB:96:20,-66
BLE,1704598092080135493,DF:DF:EE:00:00:04,-35
BLE,1704598092300293685,D3:F4:55:AB:96:20,-68
BLE,1704598092683372427,D3:F4:55:AB:96:20,-69
BLE,1704598093449741159,D3:F4:55:AB:96:20,-68
BLE,1704598093614619056,DF:DF:EE:00:00:04,-40
BLE,1704598093644054178,D3:F4:55:AB:96:20,-72
BLE,1704598094077726531,DF:DF:EE:00:00:04,-40
BLE,1704598094409478589,D3:F4:55:AB:96:20,-71
BLE,1704598094985345664,D3:F4:55:AB:96:20,-76
BLE,1704598095175553158,D3:F4:55:AB:96:20,-70
BLE,1704598095367847831,D3:F4:55:AB:96:20,-52
BLE,1704598095750120002,D3:F4:55:AB:96:20,-66
BLE,1704598096323074660,D3:F4:55:AB:96:20,-71
BLE,1704598096690204963,DF:DF:EE:00:00:04,-55
BLE,1704598097078955374,D3:F4:55:AB:96:20,-66
BLE,1704598097577653133,DF:DF:EE:00:00:04,-33
BLE,1704598097650490052,D3:F4:55:AB:96:20,-55
BLE,1704598098038834428,D3:F4:55:AB:96:20,-69
BLE,1704598098577848903,DF:DF:EE:00:00:04,-51
BLE,1704598099600969721,D3:F4:55:AB:96:20,-62
BLE,1704598099982672441,D3:F4:55:AB:96:20,-62
BLE,1704598100584835641,DF:DF:EE:00:00:04,-51
BLE,1704598101123154168,DF:DF:EE:00:00:04,-55
BLE,1704598101335187851,D3:F4:55:AB:96:20,-70
BLE,1704598101726363019,D3:F4:55:AB:96:20,-52
BLE,1704598102111063238,D3:F4:55:AB:96:20,-66
BLE,1704598102307516893,D3:F4:55:AB:96:20,-71
BLE,1704598103270391446,D3:F4:55:AB:96:20,-55
BLE,1704598103392712242,DF:DF:EE:00:00:04,-62
BLE,1704598103627988635,DF:A6:DC:DC:2E:81,-58
BLE,1704598103628027760,DF:DF:EE:00:00:01,-58
BLE,1704598103837173609,D3:F4:55:AB:96:20,-55
BLE,1704598104030529391,D3:F4:55:AB:96:20,-66
BLE,1704598104422398175,D3:F4:55:AB:96:20,-70
BLE,1704598104620229269,D3:F4:55:AB:96:20,-55
BLE,1704598105000190555,D3:F4:55:AB:96:20,-52
BLE,1704598105190021222,D3:F4:55:AB:96:20,-52
BLE,1704598105378085163,D3:F4:55:AB:96:20,-67
BLE,1704598105573952952,D3:F4:55:AB:96:20,-52
BLE,1704598105767593355,D3:F4:55:AB:96:20,-70
BLE,1704598105960410187,D3:F4:55:AB:96:20,-83
BLE,1704598106152814442,D3:F4:55:AB:96:20,-70
BLE,1704598106348747855,D3:F4:55:AB:96:20,-68
BLE,1704598106543869070,D3:F4:55:AB:96:20,-66
BLE,1704598106659988997,DF:DF:EE:00:00:04,-50
BLE,1704598107499990261,D3:F4:55:AB:96:20,-55
BLE,1704598107659890521,DF:DF:EE:00:00:04,-46
BLE,1704598107695454930,D3:F4:55:AB:96:20,-66
BLE,1704598108124464934,DF:DF:EE:00:00:04,-35
BLE,1704598108666246162,DF:DF:EE:00:00:04,-57
BLE,1704598109042669999,D3:F4:55:AB:96:20,-68
BLE,1704598109124725536,DF:DF:EE:00:00:04,-54
BLE,1704598109424155472,D3:F4:55:AB:96:20,-68
BLE,1704598110736467288,DF:DF:EE:00:00:04,-36
BLE,1704598110766720148,D3:F4:55:AB:96:20,-71
BLE,1704598111165478709,DF:DF:EE:00:00:04,-36
BLE,1704598111544228263,D3:F4:55:AB:96:20,-68
BLE,1704598111622044736,DF:DF:EE:00:00:04,-53
BLE,1704598112122999088,D3:F4:55:AB:96:20,-68
BLE,1704598112624321559,DF:DF:EE:00:00:04,-50
BLE,1704598112887061352,D3:F4:55:AB:96:20,-63
BLE,1704598113075379290,D3:F4:55:AB:96:20,-67
BLE,1704598113660555982,D3:F4:55:AB:96:20,-67
BLE,1704598114049294643,D3:F4:55:AB:96:20,-70
BLE,1704598114169912547,DF:DF:EE:00:00:04,-39
BLE,1704598114239869007,D3:F4:55:AB:96:20,-66
BLE,1704598114814105147,D3:F4:55:AB:96:20,-70
BLE,1704598115078287252,DF:A6:DC:DC:2E:81,-71
BLE,1704598115078319294,DF:DF:EE:00:00:01,-71
BLE,1704598115389880890,D3:F4:55:AB:96:20,-70
BLE,1704598115775228308,D3:F4:55:AB:96:20,-67
BLE,1704598116549341762,D3:F4:55:AB:96:20,-70
BLE,1704598116624666229,DF:DF:EE:00:00:04,-55
BLE,1704598117165164475,DF:DF:EE:00:00:04,-57
BLE,1704598117889075979,D3:F4:55:AB:96:20,-66
BLE,1704598118270077084,D3:F4:55:AB:96:20,-66
BLE,1704598118468756666,D3:F4:55:AB:96:20,-52
BLE,1704598118656694901,D3:F4:55:AB:96:20,-67
BLE,1704598119042928473,D3:F4:55:AB:96:20,-70
BLE,1704598120201306153,D3:F4:55:AB:96:20,-53
BLE,1704598120395581131,D3:F4:55:AB:96:20,-73
BLE,1704598120625417934,DF:DF:EE:00:00:04,-55
BLE,1704598120780278975,D3:F4:55:AB:96:20,-71
BLE,1704598120975078403,D3:F4:55:AB:96:20,-69
BLE,1704598121166168010,D3:F4:55:AB:96:20,-66
BLE,1704598121356644292,D3:F4:55:AB:96:20,-52
BLE,1704598121444623912,DF:A6:DC:DC:2E:81,-59
BLE,1704598121444654537,DF:DF:EE:00:00:01,-59
BLE,1704598121550715065,D3:F4:55:AB:96:20,-69
BLE,1704598121937777959,D3:F4:55:AB:96:20,-53
BLE,1704598122137054532,D3:F4:55:AB:96:20,-68
BLE,1704598122324101863,D3:F4:55:AB:96:20,-52
BLE,1704598123677884754,D3:F4:55:AB:96:20,-70
BLE,1704598124440798535,D3:F4:55:AB:96:20,-69
BLE,1704598124635352884,D3:F4:55:AB:96:20,-58
BLE,1704598124822805584,D3:F4:55:AB:96:20,-68
BLE,1704598125588367869,D3:F4:55:AB:96:20,-67
BLE,1704598126166425246,DF:DF:EE:00:00:04,-41
BLE,1704598126361241632,D3:F4:55:AB:96:20,-72
BLE,1704598126362571405,D3:F4:55:AB:96:20,-69
BLE,1704598127519152944,D3:F4:55:AB:96:20,-68
BLE,1704598128096816409,D3:F4:55:AB:96:20,-69
BLE,1704598128452046257,DF:DF:EE:00:00:04,-35
BLE,1704598129719431257,DF:DF:EE:00:00:04,-73
BLE,1704598129827609546,D3:F4:55:AB:96:20,-69
BLE,1704598130354319781,DF:A6:DC:DC:2E:81,-72
BLE,1704598130354370322,DF:DF:EE:00:00:01,-72
BLE,1704598130401648397,D3:F4:55:AB:96:20,-52
BLE,1704598130714030565,DF:DF:EE:00:00:04,-51
BLE,1704598130784171189,D3:F4:55:AB:96:20,-68
BLE,1704598131255682253,DF:DF:EE:00:00:04,-51
BLE,1704598131756959225,D3:F4:55:AB:96:20,-55
BLE,1704598132518051782,D3:F4:55:AB:96:20,-66
BLE,1704598132903095246,D3:F4:55:AB:96:20,-70
BLE,1704598132987231962,DF:DF:EE:00:00:04,-34
BLE,1704598133285496831,D3:F4:55:AB:96:20,-70
BLE,1704598133480017847,D3:F4:55:AB:96:20,-52
BLE,1704598134062979362,D3:F4:55:AB:96:20,-52
BLE,1704598134438826041,D3:F4:55:AB:96:20,-55
BLE,1704598134824547579,D3:F4:55:AB:96:20,-69
BLE,1704598135015081444,D3:F4:55:AB:96:20,-52
BLE,1704598135207209786,D3:F4:55:AB:96:20,-63
BLE,1704598135270659797,DF:DF:EE:00:00:04,-53
BLE,1704598135392610140,D3:F4:55:AB:96:20,-66
BLE,1704598135589226585,D3:F4:55:AB:96:20,-63
BLE,1704598135779459870,D3:F4:55:AB:96:20,-69
BLE,1704598135816102181,DF:DF:EE:00:00:04,-50
BLE,1704598135971590337,D3:F4:55:AB:96:20,-66
BLE,1704598136268500642,DF:DF:EE:00:00:04,-40
BLE,1704598136355082573,D3:F4:55:AB:96:20,-68
BLE,1704598137321309203,D3:F4:55:AB:96:20,-68
BLE,1704598137812174657,DF:DF:EE:00:00:04,-53
BLE,1704598137894294777,D3:F4:55:AB:96:20,-63
BLE,1704598138087058610,D3:F4:55:AB:96:20,-63
BLE,1704598138271324022,DF:DF:EE:00:00:04,-51
BLE,1704598138276361492,D3:F4:55:AB:96:20,-69
BLE,1704598138469514569,D3:F4:55:AB:96:20,-68
BLE,1704598138811565980,DF:DF:EE:00:00:04,-50
BLE,1704598138852828225,D3:F4:55:AB:96:20,-68
BLE,1704598139618679714,D3:F4:55:AB:96:20,-68
BLE,1704598140390632199,D3:F4:55:AB:96:20,-66
BLE,1704598141080580438,DF:DF:EE:00:00:04,-56
BLE,1704598141164540740,D3:F4:55:AB:96:20,-72
BLE,1704598141356552708,D3:F4:55:AB:96:20,-68
BLE,1704598141741976750,D3:F4:55:AB:96:20,-66
BLE,1704598141937791248,D3:F4:55:AB:96:20,-52
BLE,1704598142135321221,D3:F4:55:AB:96:20,-67
BLE,1704598142826646190,DF:DF:EE:00:00:04,-44
BLE,1704598143087650924,D3:F4:55:AB:96:20,-63
BLE,1704598143279731600,D3:F4:55:AB:96:20,-70
BLE,1704598143661933271,D3:F4:55:AB:96:20,-72
BLE,1704598144102736106,DF:DF:EE:00:00:04,-34
BLE,1704598145001970150,D3:F4:55:AB:96:20,-63
BLE,1704598145098218860,DF:DF:EE:00:00:04,-37
BLE,1704598145192105646,D3:F4:55:AB:96:20,-71
BLE,1704598145385340597,D3:F4:55:AB:96:20,-68
BLE,1704598146542029509,D3:F4:55:AB:96:20,-71
BLE,1704598146735731662,D3:F4:55:AB:96:20,-62
BLE,1704598147319106921,D3:F4:55:AB:96:20,-68
BLE,1704598147367238859,DF:DF:EE:00:00:04,-35
BLE,1704598147903499249,D3:F4:55:AB:96:20,-52
BLE,1704598147912138751,DF:DF:EE:00:00:04,-53
BLE,1704598148098438551,D3:F4:55:AB:96:20,-64
BLE,1704598149070692719,D3:F4:55:AB:96:20,-53
BLE,1704598149639949097,D3:F4:55:AB:96:20,-66
BLE,1704598150025525637,D3:F4:55:AB:96:20,-55
BLE,1704598150215960336,D3:F4:55:AB:96:20,-68
BLE,1704598150373341882,DF:DF:EE:00:00:04,-55
BLE,1704598150600064730,D3:F4:55:AB:96:20,-68
BLE,1704598150792213155,D3:F4:55:AB:96:20,-55
BLE,1704598150985383649,D3:F4:55:AB:96:20,-52
BLE,1704598151647151248,DF:DF:EE:00:00:04,-52
BLE,1704598151770659652,D3:F4:55:AB:96:20,-58
BLE,1704598152151559676,D3:F4:55:AB:96:20,-52
BLE,1704598152179728649,DF:DF:EE:00:00:04,-46
BLE,1704598152347251550,D3:F4:55:AB:96:20,-55
BLE,1704598152648753290,DF:DF:EE:00:00:04,-51
BLE,1704598152734178862,D3:F4:55:AB:96:20,-66
BLE,1704598152921009405,D3:F4:55:AB:96:20,-67
BLE,1704598153111019235,D3:F4:55:AB:96:20,-70
BLE,1704598153682054712,D3:F4:55:AB:96:20,-52
BLE,1704598153878143789,D3:F4:55:AB:96:20,-71
BLE,1704598154069107523,D3:F4:55:AB:96:20,-52
BLE,1704598154264167531,D3:F4:55:AB:96:20,-69
BLE,1704598154460565145,DF:DF:EE:00:00:04,-53
BLE,1704598154522341056,DF:A6:DC:DC:2E:81,-58
BLE,1704598154522393472,DF:DF:EE:00:00:01,-58
BLE,1704598154647893181,D3:F4:55:AB:96:20,-52
BLE,1704598155031581789,D3:F4:55:AB:96:20,-78
BLE,1704598155218482331,D3:F4:55:AB:96:20,-52
BLE,1704598155603260049,D3:F4:55:AB:96:20,-66
BLE,1704598155920772185,DF:DF:EE:00:00:04,-52
BLE,1704598155985950838,D3:F4:55:AB:96:20,-68
BLE,1704598156179082832,D3:F4:55:AB:96:20,-63
BLE,1704598156365653379,D3:F4:55:AB:96:20,-53
BLE,1704598156926605833,DF:DF:EE:00:00:04,-50
BLE,1704598156939077655,D3:F4:55:AB:96:20,-70
BLE,1704598157462145525,DF:DF:EE:00:00:04,-55
BLE,1704598157511148450,D3:F4:55:AB:96:20,-53
BLE,1704598157921326014,DF:DF:EE:00:00:04,-50
BLE,1704598158280347766,D3:F4:55:AB:96:20,-68
BLE,1704598158460913732,DF:DF:EE:00:00:04,-44
BLE,1704598159048313017,D3:F4:55:AB:96:20,-70
BLE,1704598159436909097,D3:F4:55:AB:96:20,-71
BLE,1704598159608729062,DF:A6:DC:DC:2E:81,-73
BLE,1704598159608770311,DF:DF:EE:00:00:01,-73
BLE,1704598159823964449,D3:F4:55:AB:96:20,-69
BLE,1704598160595162028,D3:F4:55:AB:96:20,-66
BLE,1704598161739066414,DF:DF:EE:00:00:04,-56
BLE,1704598162503745628,D3:F4:55:AB:96:20,-69
BLE,1704598162696005802,D3:F4:55:AB:96:20,-55
BLE,1704598164039468174,D3:F4:55:AB:96:20,-53
BLE,1704598164201855023,DF:DF:EE:00:00:04,-53
BLE,1704598164230590197,D3:F4:55:AB:96:20,-69
BLE,1704598164608106893,D3:F4:55:AB:96:20,-72
BLE,1704598164740696960,DF:DF:EE:00:00:04,-53
BLE,1704598165186009897,D3:F4:55:AB:96:20,-53
BLE,1704598165199020628,DF:DF:EE:00:00:04,-66
BLE,1704598165379943880,D3:F4:55:AB:96:20,-67
BLE,1704598165569324261,D3:F4:55:AB:96:20,-53
BLE,1704598165964941783,D3:F4:55:AB:96:20,-68
BLE,1704598165972102597,DF:A6:DC:DC:2E:81,-68
BLE,1704598165972129930,DF:DF:EE:00:00:01,-68
BLE,1704598166151178000,D3:F4:55:AB:96:20,-53
BLE,1704598166349739459,D3:F4:55:AB:96:20,-52
BLE,1704598166466785830,DF:DF:EE:00:00:04,-45
BLE,1704598166543851481,D3:F4:55:AB:96:20,-55
BLE,1704598166927642838,D3:F4:55:AB:96:20,-71
BLE,1704598167015055215,DF:DF:EE:00:00:04,-54
BLE,1704598167320828436,D3:F4:55:AB:96:20,-52
BLE,1704598167473309927,DF:DF:EE:00:00:04,-63
BLE,1704598167517389756,D3:F4:55:AB:96:20,-68
BLE,1704598167704539044,D3:F4:55:AB:96:20,-53
BLE,1704598168277421078,D3:F4:55:AB:96:20,-55
BLE,1704598169620271834,D3:F4:55:AB:96:20,-68
BLE,1704598169747857888,DF:DF:EE:00:00:04,-72
BLE,1704598169814285107,D3:F4:55:AB:96:20,-68
BLE,1704598170007645640,D3:F4:55:AB:96:20,-55
BLE,1704598171282661238,DF:DF:EE:00:00:04,-51
BLE,1704598171355905443,D3:F4:55:AB:96:20,-55
BLE,1704598171935239343,D3:F4:55:AB:96:20,-52
BLE,1704598172513967502,D3:F4:55:AB:96:20,-52
BLE,1704598172897386365,D3:F4:55:AB:96:20,-63
BLE,1704598173088625427,D3:F4:55:AB:96:20,-55
BLE,1704598173481047661,D3:F4:55:AB:96:20,-57
BLE,1704598173549590850,DF:DF:EE:00:00:04,-51
BLE,1704598173598814564,DF:A6:DC:DC:2E:81,-73
BLE,1704598173598891855,DF:DF:EE:00:00:01,-73
BLE,1704598173676290876,D3:F4:55:AB:96:20,-71
BLE,1704598173868339052,D3:F4:55:AB:96:20,-53
BLE,1704598174250659430,D3:F4:55:AB:96:20,-66
BLE,1704598175015869803,D3:F4:55:AB:96:20,-52
BLE,1704598175966805567,D3:F4:55:AB:96:20,-52
BLE,1704598176143971123,DF:A6:DC:DC:2E:81,-74
BLE,1704598176143991164,DF:DF:EE:00:00:01,-74
BLE,1704598176158966576,D3:F4:55:AB:96:20,-68
BLE,1704598176290529573,DF:DF:EE:00:00:04,-56
BLE,1704598176353507800,D3:F4:55:AB:96:20,-55
BLE,1704598176549717333,D3:F4:55:AB:96:20,-66
BLE,1704598176742918202,D3:F4:55:AB:96:20,-63
BLE,1704598176935987155,D3:F4:55:AB:96:20,-70
BLE,1704598177126797891,D3:F4:55:AB:96:20,-52
BLE,1704598178279904062,D3:F4:55:AB:96:20,-68
BLE,1704598178668486518,D3:F4:55:AB:96:20,-70
BLE,1704598179111498613,DF:DF:EE:00:00:04,-50
BLE,1704598179247388591,D3:F4:55:AB:96:20,-66
BLE,1704598179573372689,DF:DF:EE:00:00:04,-53
BLE,1704598179638374262,D3:F4:55:AB:96:20,-70
BLE,1704598180217172670,D3:F4:55:AB:96:20,-52
BLE,1704598180799162490,D3:F4:55:AB:96:20,-67
BLE,1704598180843874477,DF:DF:EE:00:00:04,-52
BLE,1704598180993667632,D3:F4:55:AB:96:20,-68
BLE,1704598181228752194,DF:A6:DC:DC:2E:81,-72
BLE,1704598181228801776,DF:DF:EE:00:00:01,-72
BLE,1704598181767791669,D3:F4:55:AB:96:20,-68
BLE,1704598181965840218,D3:F4:55:AB:96:20,-53
BLE,1704598183324127670,D3:F4:55:AB:96:20,-68
BLE,1704598183390059354,DF:DF:EE:00:00:04,-50
BLE,1704598183515256860,D3:F4:55:AB:96:20,-58
BLE,1704598183770982919,DF:A6:DC:DC:2E:81,-58
BLE,1704598183771026085,DF:DF:EE:00:00:01,-58
BLE,1704598183843961169,DF:DF:EE:00:00:04,-47
BLE,1704598185040214892,D3:F4:55:AB:96:20,-70
BLE,1704598185608970318,D3:F4:55:AB:96:20,-66
BLE,1704598185663873243,DF:DF:EE:00:00:04,-51
BLE,1704598186122124204,DF:DF:EE:00:00:04,-53
BLE,1704598186193475270,D3:F4:55:AB:96:20,-68
BLE,1704598186314823580,DF:A6:DC:DC:2E:81,-59
BLE,1704598186314936078,DF:DF:EE:00:00:01,-59
BLE,1704598186382654445,D3:F4:55:AB:96:20,-57
BLE,1704598186957567992,D3:F4:55:AB:96:20,-68
BLE,1704598187146242675,D3:F4:55:AB:96:20,-58
BLE,1704598187343161490,D3:F4:55:AB:96:20,-69
BLE,1704598187403767083,DF:DF:EE:00:00:04,-53
BLE,1704598187532938699,D3:F4:55:AB:96:20,-55
BLE,1704598187917699959,D3:F4:55:AB:96:20,-71
BLE,1704598188108312989,D3:F4:55:AB:96:20,-52
BLE,1704598188876447195,D3:F4:55:AB:96:20,-63
BLE,1704598189067498594,D3:F4:55:AB:96:20,-55
BLE,1704598189258301621,D3:F4:55:AB:96:20,-67
BLE,1704598189401443496,DF:DF:EE:00:00:04,-52
BLE,1704598189456274713,D3:F4:55:AB:96:20,-68
BLE,1704598190039191937,D3:F4:55:AB:96:20,-69
BLE,1704598190620646182,D3:F4:55:AB:96:20,-70
BLE,1704598190814735371,D3:F4:55:AB:96:20,-63
BLE,1704598191007612744,D3:F4:55:AB:96:20,-69
BLE,1704598192360085446,D3:F4:55:AB:96:20,-69
BLE,1704598192496494499,DF:DF:EE:00:00:04,-55
BLE,1704598192950058528,DF:DF:EE:00:00:04,-52
BLE,1704598193496931808,DF:DF:EE:00:00:04,-65
BLE,1704598194091559740,D3:F4:55:AB:96:20,-69
BLE,1704598194277461170,D3:F4:55:AB:96:20,-66
BLE,1704598194467465459,D3:F4:55:AB:96:20,-71
BLE,1704598194656947131,D3:F4:55:AB:96:20,-53
BLE,1704598194846513634,D3:F4:55:AB:96:20,-70
BLE,1704598195221550699,DF:A6:DC:DC:2E:81,-73
BLE,1704598195221599657,DF:DF:EE:00:00:01,-73
BLE,1704598195226023094,DF:DF:EE:00:00:04,-50
BLE,1704598195761975530,DF:DF:EE:00:00:04,-50
BLE,1704598196580382935,D3:F4:55:AB:96:20,-55
BLE,1704598196769700484,D3:F4:55:AB:96:20,-63
BLE,1704598197355243879,D3:F4:55:AB:96:20,-69
BLE,1704598197541580720,D3:F4:55:AB:96:20,-53
BLE,1704598197771121487,DF:DF:EE:00:00:04,-37
BLE,1704598198234703580,DF:DF:EE:00:00:04,-40
BLE,1704598198704037800,D3:F4:55:AB:96:20,-68
BLE,1704598198892619734,D3:F4:55:AB:96:20,-65
BLE,1704598199088084445,D3:F4:55:AB:96:20,-68
BLE,1704598199497815182,DF:DF:EE:00:00:04,-35
BLE,1704598199662139587,D3:F4:55:AB:96:20,-55
BLE,1704598199857482133,D3:F4:55:AB:96:20,-52
BLE,1704598201005341088,D3:F4:55:AB:96:20,-75
BLE,1704598201034704669,DF:DF:EE:00:00:04,-53
BLE,1704598201199468401,D3:F4:55:AB:96:20,-63
BLE,1704598201590246200,DF:A6:DC:DC:2E:81,-72
BLE,1704598201590284700,DF:DF:EE:00:00:01,-72
BLE,1704598202037131990,DF:DF:EE:00:00:04,-66
BLE,1704598202346618324,D3:F4:55:AB:96:20,-66
BLE,1704598202505736721,DF:DF:EE:00:00:04,-72
BLE,1704598202732514776,D3:F4:55:AB:96:20,-68
BLE,1704598202917859632,D3:F4:55:AB:96:20,-65
BLE,1704598203040728754,DF:DF:EE:00:00:04,-52
BLE,1704598203111341371,D3:F4:55:AB:96:20,-69
BLE,1704598203301668905,D3:F4:55:AB:96:20,-62
BLE,1704598203497317155,D3:F4:55:AB:96:20,-68
BLE,1704598203499205670,DF:DF:EE:00:00:04,-51
BLE,1704598204133493869,DF:A6:DC:DC:2E:81,-59
BLE,1704598204133562202,DF:DF:EE:00:00:01,-59
BLE,1704598204273966573,D3:F4:55:AB:96:20,-55
BLE,1704598204496097320,DF:DF:EE:00:00:04,-34
BLE,1704598204854014672,D3:F4:55:AB:96:20,-52
BLE,1704598205775105820,DF:DF:EE:00:00:04,-44
BLE,1704598205814032848,D3:F4:55:AB:96:20,-66
BLE,1704598206000670227,D3:F4:55:AB:96:20,-52
BLE,1704598206195073203,D3:F4:55:AB:96:20,-68
BLE,1704598206676581499,DF:A6:DC:DC:2E:81,-71
BLE,1704598206676650165,DF:DF:EE:00:00:01,-71
BLE,1704598207058129930,DF:DF:EE:00:00:04,-44
BLE,1704598207150932897,D3:F4:55:AB:96:20,-52
BLE,1704598207344210598,D3:F4:55:AB:96:20,-69
BLE,1704598207727183383,D3:F4:55:AB:96:20,-68
BLE,1704598208111605023,D3:F4:55:AB:96:20,-68
BLE,1704598209594557363,DF:DF:EE:00:00:04,-39
BLE,1704598209666741041,D3:F4:55:AB:96:20,-52
BLE,1704598210051741173,DF:DF:EE:00:00:04,-59
BLE,1704598210248672154,D3:F4:55:AB:96:20,-69
BLE,1704598210815943227,D3:F4:55:AB:96:20,-52
BLE,1704598211012813168,D3:F4:55:AB:96:20,-52
BLE,1704598211207166436,D3:F4:55:AB:96:20,-71
BLE,1704598211403025516,D3:F4:55:AB:96:20,-52
BLE,1704598211595673518,DF:DF:EE:00:00:04,-66
BLE,1704598211597993318,D3:F4:55:AB:96:20,-68
BLE,1704598211787479864,D3:F4:55:AB:96:20,-52
BLE,1704598211979666913,D3:F4:55:AB:96:20,-69
BLE,1704598212056095281,DF:DF:EE:00:00:04,-50
BLE,1704598212168921588,D3:F4:55:AB:96:20,-53
BLE,1704598212750567289,D3:F4:55:AB:96:20,-53
BLE,1704598212940920906,D3:F4:55:AB:96:20,-71
BLE,1704598213330121436,D3:F4:55:AB:96:20,-63
BLE,1704598213518347208,D3:F4:55:AB:96:20,-68
BLE,1704598213867578642,DF:DF:EE:00:00:04,-56
BLE,1704598213907260492,D3:F4:55:AB:96:20,-55
BLE,1704598214294191929,D3:F4:55:AB:96:20,-53
BLE,1704598214327742534,DF:DF:EE:00:00:04,-52
BLE,1704598214483269523,D3:F4:55:AB:96:20,-52
BLE,1704598214681275031,D3:F4:55:AB:96:20,-68
BLE,1704598214863305559,DF:DF:EE:00:00:04,-27
BLE,1704598214867484916,D3:F4:55:AB:96:20,-52
BLE,1704598215056413428,D3:F4:55:AB:96:20,-72
BLE,1704598215588736416,DF:A6:DC:DC:2E:81,-68
BLE,1704598215588784832,DF:DF:EE:00:00:01,-68
BLE,1704598215633123158,D3:F4:55:AB:96:20,-52
BLE,1704598215863771117,DF:DF:EE:00:00:04,-53
BLE,1704598216324009175,DF:DF:EE:00:00:04,-50
BLE,1704598216981785789,D3:F4:55:AB:96:20,-67
BLE,1704598217863988159,DF:DF:EE:00:00:04,-53
BLE,1704598217941764299,D3:F4:55:AB:96:20,-68
BLE,1704598218129777117,D3:F4:55:AB:96:20,-58
BLE,1704598218512942941,D3:F4:55:AB:96:20,-66
BLE,1704598218706794300,D3:F4:55:AB:96:20,-66
BLE,1704598219412842517,DF:A6:DC:DC:2E:81,-72
BLE,1704598219412897141,DF:DF:EE:00:00:01,-72
BLE,1704598219470749858,D3:F4:55:AB:96:20,-69
BLE,1704598219660033073,D3:F4:55:AB:96:20,-63
BLE,1704598219851848045,D3:F4:55:AB:96:20,-52
BLE,1704598220041827459,D3:F4:55:AB:96:20,-68
BLE,1704598220097682162,DF:DF:EE:00:00:04,-37
BLE,1704598220640708830,DF:DF:EE:00:00:04,-51
BLE,1704598221098164386,DF:DF:EE:00:00:04,-50
BLE,1704598221777091449,D3:F4:55:AB:96:20,-82
BLE,1704598222165495323,D3:F4:55:AB:96:20,-55
BLE,1704598223123209616,D3:F4:55:AB:96:20,-66
BLE,1704598223317157932,D3:F4:55:AB:96:20,-66
BLE,1704598223371437449,DF:DF:EE:00:00:04,-51
BLE,1704598223511155372,D3:F4:55:AB:96:20,-70
BLE,1704598223701695653,D3:F4:55:AB:96:20,-63
BLE,1704598224648042108,DF:DF:EE:00:00:04,-55
BLE,1704598224659805524,D3:F4:55:AB:96:20,-71
BLE,1704598225049008887,D3:F4:55:AB:96:20,-68
BLE,1704598225244395849,D3:F4:55:AB:96:20,-71
BLE,1704598225434817465,D3:F4:55:AB:96:20,-68
BLE,1704598225920183081,DF:DF:EE:00:00:04,-53
BLE,1704598226016421542,D3:F4:55:AB:96:20,-68
BLE,1704598226206828950,D3:F4:55:AB:96:20,-66
BLE,1704598226397383522,D3:F4:55:AB:96:20,-71
BLE,1704598226778130298,D3:F4:55:AB:96:20,-71
BLE,1704598227041074254,DF:A6:DC:DC:2E:81,-74
BLE,1704598227041109462,DF:DF:EE:00:00:01,-74
BLE,1704598227192371345,DF:DF:EE:00:00:04,-39
BLE,1704598227550162865,D3:F4:55:AB:96:20,-69
BLE,1704598227739833492,D3:F4:55:AB:96:20,-68
BLE,1704598227741348804,D3:F4:55:AB:96:20,-71
BLE,1704598227936904472,D3:F4:55:AB:96:20,-68
BLE,1704598228136978867,D3:F4:55:AB:96:20,-69
BLE,1704598228331134638,D3:F4:55:AB:96:20,-71
BLE,1704598228463588707,DF:DF:EE:00:00:04,-52
BLE,1704598228524423714,D3:F4:55:AB:96:20,-67
BLE,1704598229008870634,DF:DF:EE:00:00:04,-56
BLE,1704598229108845375,D3:F4:55:AB:96:20,-68
BLE,1704598229471731072,DF:DF:EE:00:00:04,-50
BLE,1704598229496555676,D3:F4:55:AB:96:20,-71
BLE,1704598230008322873,DF:DF:EE:00:00:04,-51
BLE,1704598230063244256,D3:F4:55:AB:96:20,-71
BLE,1704598230258180558,D3:F4:55:AB:96:20,-68
BLE,1704598230467922065,DF:DF:EE:00:00:04,-53
BLE,1704598230829797360,D3:F4:55:AB:96:20,-71
BLE,1704598230831177299,D3:F4:55:AB:96:20,-68
BLE,1704598231001786239,DF:DF:EE:00:00:04,-51
BLE,1704598231026969755,D3:F4:55:AB:96:20,-71
BLE,1704598231406406424,D3:F4:55:AB:96:20,-66
BLE,1704598231469490649,DF:DF:EE:00:00:04,-50
BLE,1704598232179309979,D3:F4:55:AB:96:20,-71
BLE,1704598232554986702,D3:F4:55:AB:96:20,-66
BLE,1704598232744613246,DF:DF:EE:00:00:04,-56
BLE,1704598233131409019,D3:F4:55:AB:96:20,-68
BLE,1704598233319502585,D3:F4:55:AB:96:20,-68
BLE,1704598233404365874,DF:A6:DC:DC:2E:81,-72
BLE,1704598233404394374,DF:DF:EE:00:00:01,-72
BLE,1704598233709199983,D3:F4:55:AB:96:20,-71
BLE,1704598233903686499,D3:F4:55:AB:96:20,-69
BLE,1704598234022898382,DF:DF:EE:00:00:04,-52
BLE,1704598234297001762,D3:F4:55:AB:96:20,-68
BLE,1704598234493159755,D3:F4:55:AB:96:20,-71
BLE,1704598234879272662,D3:F4:55:AB:96:20,-71
BLE,1704598235020693728,DF:DF:EE:00:00:04,-54
BLE,1704598235070193313,D3:F4:55:AB:96:20,-67
BLE,1704598235267188419,D3:F4:55:AB:96:20,-68
BLE,1704598235557779022,DF:DF:EE:00:00:04,-54
BLE,1704598235850699676,D3:F4:55:AB:96:20,-67
BLE,1704598236016823472,DF:DF:EE:00:00:04,-50
BLE,1704598236036443109,D3:F4:55:AB:96:20,-68
BLE,1704598236424331241,D3:F4:55:AB:96:20,-66
BLE,1704598237009168813,D3:F4:55:AB:96:20,-69
BLE,1704598237200514916,D3:F4:55:AB:96:20,-67
BLE,1704598237293187093,DF:DF:EE:00:00:04,-55
BLE,1704598237589073163,D3:F4:55:AB:96:20,-68
BLE,1704598237781404960,D3:F4:55:AB:96:20,-71
BLE,1704598237827091392,DF:DF:EE:00:00:04,-52
BLE,1704598237971823243,D3:F4:55:AB:96:20,-69
BLE,1704598238290712818,DF:DF:EE:00:00:04,-51
BLE,1704598238495240650,DF:A6:DC:DC:2E:81,-73
BLE,1704598238495293691,DF:DF:EE:00:00:01,-73
BLE,1704598238542492601,D3:F4:55:AB:96:20,-71
BLE,1704598238824004542,DF:DF:EE:00:00:04,-54
BLE,1704598238932837447,D3:F4:55:AB:96:20,-68
BLE,1704598239119703198,D3:F4:55:AB:96:20,-57
BLE,1704598239284978423,DF:DF:EE:00:00:04,-52
BLE,1704598239311090092,D3:F4:55:AB:96:20,-71
BLE,1704598239500225060,D3:F4:55:AB:96:20,-69
BLE,1704598239827248435,DF:DF:EE:00:00:04,-52
BLE,1704598240080263533,D3:F4:55:AB:96:20,-68
BLE,1704598240271944882,D3:F4:55:AB:96:20,-68
BLE,1704598240289595171,DF:DF:EE:00:00:04,-50
BLE,1704598240464558758,D3:F4:55:AB:96:20,-68
BLE,1704598240649928571,D3:F4:55:AB:96:20,-68
BLE,1704598240844802166,D3:F4:55:AB:96:20,-67
BLE,1704598241031319838,D3:F4:55:AB:96:20,-68
BLE,1704598241418317941,D3:F4:55:AB:96:20,-68
BLE,1704598241559860879,DF:DF:EE:00:00:04,-52
BLE,1704598242204146978,D3:F4:55:AB:96:20,-68
BLE,1704598242318462138,DF:A6:DC:DC:2E:81,-72
BLE,1704598242318492721,DF:DF:EE:00:00:01,-72
BLE,1704598242971033660,D3:F4:55:AB:96:20,-68
BLE,1704598243165732299,D3:F4:55:AB:96:20,-67
BLE,1704598243361008762,D3:F4:55:AB:96:20,-71
BLE,1704598243554141882,D3:F4:55:AB:96:20,-68
BLE,1704598243748163238,D3:F4:55:AB:96:20,-68
BLE,1704598244708267039,D3:F4:55:AB:96:20,-71
BLE,1704598244863029080,DF:A6:DC:DC:2E:81,-72
BLE,1704598244863062747,DF:DF:EE:00:00:01,-72
BLE,1704598245371926361,DF:DF:EE:00:00:04,-55
BLE,1704598245474424023,D3:F4:55:AB:96:20,-70
BLE,1704598245825918591,DF:DF:EE:00:00:04,-51
BLE,1704598246242908224,D3:F4:55:AB:96:20,-69
BLE,1704598246372243712,DF:DF:EE:00:00:04,-52
BLE,1704598246432525727,D3:F4:55:AB:96:20,-67
BLE,1704598246631636553,D3:F4:55:AB:96:20,-68
BLE,1704598246825427579,D3:F4:55:AB:96:20,-71
BLE,1704598247019103191,D3:F4:55:AB:96:20,-68
BLE,1704598247217413069,D3:F4:55:AB:96:20,-69
BLE,1704598247373177097,DF:DF:EE:00:00:04,-65
BLE,1704598247786602864,D3:F4:55:AB:96:20,-68
BLE,1704598248172357110,D3:F4:55:AB:96:20,-55
BLE,1704598248439547006,DF:DF:EE:00:00:04,-51
BLE,1704598248684211223,DF:A6:DC:DC:2E:81,-59
BLE,1704598248684243848,DF:DF:EE:00:00:01,-59
BLE,1704598248865114059,DF:DF:EE:00:00:04,-34
BLE,1704598248948928904,D3:F4:55:AB:96:20,-69
BLE,1704598249139674974,D3:F4:55:AB:96:20,-55
BLE,1704598249329891302,DF:DF:EE:00:00:04,-39
BLE,1704598249332052396,D3:F4:55:AB:96:20,-52
BLE,1704598249526627869,D3:F4:55:AB:96:20,-69
BLE,1704598249719117206,D3:F4:55:AB:96:20,-53
BLE,1704598249908843041,D3:F4:55:AB:96:20,-71
BLE,1704598250491272230,D3:F4:55:AB:96:20,-71
BLE,1704598250684635179,D3:F4:55:AB:96:20,-68
BLE,1704598250874261932,D3:F4:55:AB:96:20,-71
BLE,1704598251063520231,D3:F4:55:AB:96:20,-68
BLE,1704598251257148844,D3:F4:55:AB:96:20,-71
BLE,1704598251633704679,D3:F4:55:AB:96:20,-68
BLE,1704598251880769654,DF:DF:EE:00:00:04,-35
BLE,1704598252021064527,D3:F4:55:AB:96:20,-55
BLE,1704598252216091619,D3:F4:55:AB:96:20,-52
BLE,1704598252413735007,D3:F4:55:AB:96:20,-52
BLE,1704598252599616813,D3:F4:55:AB:96:20,-53
BLE,1704598252882232780,DF:DF:EE:00:00:04,-50
BLE,1704598253416821694,DF:DF:EE:00:00:04,-53
BLE,1704598253763835951,D3:F4:55:AB:96:20,-68
BLE,1704598253959340661,D3:F4:55:AB:96:20,-55
BLE,1704598254154253505,D3:F4:55:AB:96:20,-68
BLE,1704598254882739569,DF:DF:EE:00:00:04,-52
BLE,1704598255119820019,D3:F4:55:AB:96:20,-68
BLE,1704598255316173259,D3:F4:55:AB:96:20,-67
BLE,1704598255412119015,DF:DF:EE:00:00:04,-50
BLE,1704598255502531225,D3:F4:55:AB:96:20,-68
BLE,1704598255697204822,D3:F4:55:AB:96:20,-67
BLE,1704598255879817925,DF:DF:EE:00:00:04,-66
BLE,1704598256277977577,D3:F4:55:AB:96:20,-71
BLE,1704598256337382313,DF:A6:DC:DC:2E:81,-72
BLE,1704598256337412354,DF:DF:EE:00:00:01,-72
BLE,1704598256418564154,DF:DF:EE:00:00:04,-54
BLE,1704598256471057197,D3:F4:55:AB:96:20,-67
BLE,1704598256664314898,D3:F4:55:AB:96:20,-67
BLE,1704598256850545282,D3:F4:55:AB:96:20,-68
BLE,1704598256876136542,DF:DF:EE:00:00:04,-51
BLE,1704598257049278905,D3:F4:55:AB:96:20,-68
BLE,1704598257235980449,D3:F4:55:AB:96:20,-62
BLE,1704598257414983478,DF:DF:EE:00:00:04,-50
BLE,1704598257485481139,DF:DF:EE:00:00:04,-51
BLE,1704598257614315717,DF:A6:DC:DC:2E:81,-59
BLE,1704598257614343717,DF:DF:EE:00:00:01,-59
BLE,1704598257630076284,D3:F4:55:AB:96:20,-68
BLE,1704598257821095017,D3:F4:55:AB:96:20,-62
BLE,1704598258201803543,D3:F4:55:AB:96:20,-65
BLE,1704598258399152102,D3:F4:55:AB:96:20,-63
BLE,1704598258587348792,D3:F4:55:AB:96:20,-68
BLE,1704598258651383003,DF:DF:EE:00:00:04,-34
BLE,1704598258778035529,D3:F4:55:AB:96:20,-52
BLE,1704598258969960874,D3:F4:55:AB:96:20,-66
BLE,1704598259189911027,DF:DF:EE:00:00:04,-51
BLE,1704598259364894239,D3:F4:55:AB:96:20,-68
BLE,1704598259557223536,D3:F4:55:AB:96:20,-71
BLE,1704598259747336573,D3:F4:55:AB:96:20,-68
BLE,1704598259942498289,D3:F4:55:AB:96:20,-71
BLE,1704598260160744758,DF:A6:DC:DC:2E:81,-73
BLE,1704598260160791757,DF:DF:EE:00:00:01,-73
BLE,1704598260187429044,DF:DF:EE:00:00:04,-53
BLE,1704598260323538893,D3:F4:55:AB:96:20,-71
BLE,1704598260651875292,DF:DF:EE:00:00:04,-50
BLE,1704598260713022419,D3:F4:55:AB:96:20,-67
BLE,1704598260908332965,D3:F4:55:AB:96:20,-69
BLE,1704598261478256792,D3:F4:55:AB:96:20,-67
BLE,1704598261667763296,D3:F4:55:AB:96:20,-68
BLE,1704598261863456295,D3:F4:55:AB:96:20,-68
BLE,1704598262056500624,D3:F4:55:AB:96:20,-70
BLE,1704598262184972708,DF:DF:EE:00:00:04,-51
BLE,1704598262251329636,D3:F4:55:AB:96:20,-68
BLE,1704598262649049419,DF:DF:EE:00:00:04,-54
BLE,1704598262831330152,D3:F4:55:AB:96:20,-68
BLE,1704598263189831911,DF:DF:EE:00:00:04,-55
BLE,1704598263213797527,D3:F4:55:AB:96:20,-68
BLE,1704598263406023743,D3:F4:55:AB:96:20,-71
BLE,1704598263596182238,D3:F4:55:AB:96:20,-68
BLE,1704598263790271927,D3:F4:55:AB:96:20,-70
BLE,1704598264187430677,DF:DF:EE:00:00:04,-50
BLE,1704598264255683161,DF:DF:EE:00:00:04,-50
BLE,1704598264562601365,D3:F4:55:AB:96:20,-69
BLE,1704598264687809370,DF:DF:EE:00:00:04,-52
BLE,1704598265144988888,D3:F4:55:AB:96:20,-68
BLE,1704598265154714374,DF:DF:EE:00:00:04,-59
BLE,1704598265335711292,D3:F4:55:AB:96:20,-52
BLE,1704598265724404079,D3:F4:55:AB:96:20,-71
BLE,1704598265915131691,D3:F4:55:AB:96:20,-68
BLE,1704598266107488029,D3:F4:55:AB:96:20,-71
BLE,1704598266147595749,DF:DF:EE:00:00:04,-51
BLE,1704598266300144864,D3:F4:55:AB:96:20,-68
BLE,1704598266490655854,D3:F4:55:AB:96:20,-71
BLE,1704598266682215829,D3:F4:55:AB:96:20,-67
BLE,1704598266685429700,DF:DF:EE:00:00:04,-50
BLE,1704598267064462375,D3:F4:55:AB:96:20,-68
BLE,1704598267151964168,DF:DF:EE:00:00:04,-54
BLE,1704598267261943140,D3:F4:55:AB:96:20,-67
BLE,1704598267846270469,D3:F4:55:AB:96:20,-68
BLE,1704598268033239551,D3:F4:55:AB:96:20,-66
BLE,1704598268149966344,DF:DF:EE:00:00:04,-50
BLE,1704598268417785106,D3:F4:55:AB:96:20,-66
BLE,1704598268612490244,D3:F4:55:AB:96:20,-68
BLE,1704598268688327162,DF:DF:EE:00:00:04,-50
BLE,1704598268800239315,D3:F4:55:AB:96:20,-68
BLE,1704598269155190001,DF:DF:EE:00:00:04,-54
BLE,1704598269189525386,D3:F4:55:AB:96:20,-71
BLE,1704598269384827016,D3:F4:55:AB:96:20,-62
BLE,1704598269582675443,D3:F4:55:AB:96:20,-68
BLE,1704598269767748635,D3:F4:55:AB:96:20,-68
BLE,1704598269964131041,D3:F4:55:AB:96:20,-67
BLE,1704598270148920988,DF:DF:EE:00:00:04,-51
BLE,1704598270350223240,DF:A6:DC:DC:2E:81,-72
BLE,1704598270350257907,DF:DF:EE:00:00:01,-72
BLE,1704598270538835451,D3:F4:55:AB:96:20,-55
BLE,1704598271497974323,D3:F4:55:AB:96:20,-53
BLE,1704598271692726649,D3:F4:55:AB:96:20,-52
BLE,1704598271882593833,D3:F4:55:AB:96:20,-66
BLE,1704598271959097783,DF:DF:EE:00:00:04,-53
BLE,1704598272075172647,D3:F4:55:AB:96:20,-52
BLE,1704598272270111596,D3:F4:55:AB:96:20,-55
BLE,1704598272894576771,DF:A6:DC:DC:2E:81,-72
BLE,1704598272894617187,DF:DF:EE:00:00:01,-72
BLE,1704598273427117959,DF:DF:EE:00:00:04,-55
BLE,1704598273613842395,D3:F4:55:AB:96:20,-66
BLE,1704598273807438153,D3:F4:55:AB:96:20,-67
BLE,1704598273955055959,DF:DF:EE:00:00:04,-50
BLE,1704598274000290880,D3:F4:55:AB:96:20,-68
BLE,1704598274194479005,D3:F4:55:AB:96:20,-67
BLE,1704598274388658714,D3:F4:55:AB:96:20,-71
BLE,1704598274418335306,DF:DF:EE:00:00:04,-55
BLE,1704598274764511845,D3:F4:55:AB:96:20,-68
BLE,1704598274959033924,DF:DF:EE:00:00:04,-54
BLE,1704598275154464657,D3:F4:55:AB:96:20,-71
BLE,1704598275348726698,D3:F4:55:AB:96:20,-68
BLE,1704598275439135706,DF:A6:DC:DC:2E:81,-74
BLE,1704598275439175039,DF:DF:EE:00:00:01,-74
BLE,1704598275732003185,D3:F4:55:AB:96:20,-69
BLE,1704598276501058500,D3:F4:55:AB:96:20,-55
BLE,1704598276696190404,D3:F4:55:AB:96:20,-67
BLE,1704598276895835746,D3:F4:55:AB:96:20,-52
BLE,1704598277088863512,D3:F4:55:AB:96:20,-71
BLE,1704598277464123359,D3:F4:55:AB:96:20,-52
BLE,1704598277704559433,DF:DF:EE:00:00:04,-39
BLE,1704598278050459683,D3:F4:55:AB:96:20,-62
BLE,1704598278244006859,D3:F4:55:AB:96:20,-63
BLE,1704598278435930099,D3:F4:55:AB:96:20,-70
BLE,1704598278630196806,D3:F4:55:AB:96:20,-67
BLE,1704598278822116796,D3:F4:55:AB:96:20,-55
BLE,1704598278976411594,DF:DF:EE:00:00:04,-37
BLE,1704598279015213019,D3:F4:55:AB:96:20,-66
BLE,1704598279402620575,D3:F4:55:AB:96:20,-55
BLE,1704598279512141113,DF:DF:EE:00:00:04,-51
BLE,1704598279796175004,D3:F4:55:AB:96:20,-68
BLE,1704598279974701595,DF:DF:EE:00:00:04,-63
BLE,1704598279990257339,D3:F4:55:AB:96:20,-55
BLE,1704598280183727766,D3:F4:55:AB:96:20,-52
BLE,1704598281143912248,D3:F4:55:AB:96:20,-66
BLE,1704598281334575797,D3:F4:55:AB:96:20,-52
BLE,1704598281532089168,D3:F4:55:AB:96:20,-63
BLE,1704598282114743584,D3:F4:55:AB:96:20,-68
BLE,1704598282302396674,D3:F4:55:AB:96:20,-67
BLE,1704598282499680590,D3:F4:55:AB:96:20,-68
BLE,1704598282515148170,DF:DF:EE:00:00:04,-55
BLE,1704598282887199103,D3:F4:55:AB:96:20,-68
BLE,1704598283077619738,D3:F4:55:AB:96:20,-68
BLE,1704598283268719322,D3:F4:55:AB:96:20,-68
BLE,1704598283457713519,D3:F4:55:AB:96:20,-71
BLE,1704598283787506074,DF:DF:EE:00:00:04,-50
BLE,1704598283842214156,D3:F4:55:AB:96:20,-65
BLE,1704598284345166625,DF:A6:DC:DC:2E:81,-73
BLE,1704598284345198874,DF:DF:EE:00:00:01,-73
BLE,1704598284416052235,D3:F4:55:AB:96:20,-68
BLE,1704598284605158930,D3:F4:55:AB:96:20,-71
BLE,1704598284795162238,D3:F4:55:AB:96:20,-68
BLE,1704598285062200071,DF:DF:EE:00:00:04,-55
BLE,1704598285180011953,D3:F4:55:AB:96:20,-67
BLE,1704598285375132441,D3:F4:55:AB:96:20,-67
BLE,1704598285594660593,DF:DF:EE:00:00:04,-52
BLE,1704598286062617709,DF:DF:EE:00:00:04,-53
BLE,1704598286595258604,DF:DF:EE:00:00:04,-50
BLE,1704598286720573216,D3:F4:55:AB:96:20,-71
BLE,1704598286891111583,DF:A6:DC:DC:2E:81,-73
BLE,1704598286891140999,DF:DF:EE:00:00:01,-73
BLE,1704598286909851409,D3:F4:55:AB:96:20,-69
BLE,1704598287056461938,DF:DF:EE:00:00:04,-53
BLE,1704598287871272333,D3:F4:55:AB:96:20,-68
BLE,1704598288057844271,D3:F4:55:AB:96:20,-66
BLE,1704598288255599847,D3:F4:55:AB:96:20,-68
BLE,1704598288328648719,DF:DF:EE:00:00:04,-51
BLE,1704598288450275716,D3:F4:55:AB:96:20,-71
BLE,1704598288641036513,D3:F4:55:AB:96:20,-68
BLE,1704598288837643813,D3:F4:55:AB:96:20,-68
BLE,1704598289028573192,D3:F4:55:AB:96:20,-68
BLE,1704598289222703734,D3:F4:55:AB:96:20,-67
BLE,1704598289409004301,D3:F4:55:AB:96:20,-66
BLE,1704598289605189899,D3:F4:55:AB:96:20,-68
BLE,1704598289612835127,DF:DF:EE:00:00:04,-50
BLE,1704598290190758275,D3:F4:55:AB:96:20,-68
BLE,1704598290716343725,DF:A6:DC:DC:2E:81,-72
BLE,1704598290716391058,DF:DF:EE:00:00:01,-72
BLE,1704598290959838048,D3:F4:55:AB:96:20,-68
BLE,1704598291156179894,D3:F4:55:AB:96:20,-69
BLE,1704598291352677237,D3:F4:55:AB:96:20,-69
BLE,1704598291435235354,DF:DF:EE:00:00:04,-51
BLE,1704598291736764047,D3:F4:55:AB:96:20,-70
BLE,1704598291899218149,DF:DF:EE:00:00:04,-55
BLE,1704598292700213776,D3:F4:55:AB:96:20,-71
BLE,1704598293086627762,D3:F4:55:AB:96:20,-69
BLE,1704598293168984047,DF:DF:EE:00:00:04,-50
BLE,1704598293658266496,D3:F4:55:AB:96:20,-52
BLE,1704598294232836231,D3:F4:55:AB:96:20,-71
BLE,1704598294422204381,D3:F4:55:AB:96:20,-68
BLE,1704598294444169871,DF:DF:EE:00:00:04,-55
BLE,1704598294803629560,D3:F4:55:AB:96:20,-69
BLE,1704598295386994342,D3:F4:55:AB:96:20,-68
BLE,1704598295583568934,D3:F4:55:AB:96:20,-71
BLE,1704598295723576345,DF:DF:EE:00:00:04,-55
BLE,1704598296727690932,D3:F4:55:AB:96:20,-70
BLE,1704598296991747432,DF:DF:EE:00:00:04,-50
BLE,1704598297081015623,DF:A6:DC:DC:2E:81,-73
BLE,1704598297081041872,DF:DF:EE:00:00:01,-73
BLE,1704598297104960377,D3:F4:55:AB:96:20,-68
BLE,1704598297489506972,D3:F4:55:AB:96:20,-68
BLE,1704598297533967903,DF:DF:EE:00:00:04,-51
BLE,1704598297884138678,D3:F4:55:AB:96:20,-68
BLE,1704598298268254362,D3:F4:55:AB:96:20,-67
BLE,1704598298455676664,D3:F4:55:AB:96:20,-68
BLE,1704598298839036900,D3:F4:55:AB:96:20,-68
BLE,1704598298994057896,DF:DF:EE:00:00:04,-50
BLE,1704598299223029919,D3:F4:55:AB:96:20,-68
BLE,1704598299416442013,D3:F4:55:AB:96:20,-68
BLE,1704598299530675986,DF:DF:EE:00:00:04,-55
BLE,1704598299607654679,D3:F4:55:AB:96:20,-55
BLE,1704598299999129054,DF:DF:EE:00:00:04,-55
BLE,1704598300185886198,D3:F4:55:AB:96:20,-68
BLE,1704598300381083434,D3:F4:55:AB:96:20,-67
BLE,1704598300527905751,DF:DF:EE:00:00:04,-50
BLE,1704598300570359918,D3:F4:55:AB:96:20,-68
BLE,1704598300765522905,D3:F4:55:AB:96:20,-68
BLE,1704598300906894881,DF:A6:DC:DC:2E:81,-73
BLE,1704598300906927297,DF:DF:EE:00:00:01,-73
BLE,1704598300951540559,D3:F4:55:AB:96:20,-69
BLE,1704598301330634437,D3:F4:55:AB:96:20,-67
BLE,1704598301716193518,D3:F4:55:AB:96:20,-67
BLE,1704598301913154564,D3:F4:55:AB:96:20,-69
BLE,1704598302108218010,D3:F4:55:AB:96:20,-69
BLE,1704598302303078543,D3:F4:55:AB:96:20,-69
BLE,1704598302530950956,DF:DF:EE:00:00:04,-50
BLE,1704598302597039965,DF:DF:EE:00:00:04,-51
BLE,1704598302891245258,D3:F4:55:AB:96:20,-66
BLE,1704598303029236780,DF:DF:EE:00:00:04,-52
BLE,1704598303272982267,D3:F4:55:AB:96:20,-69
BLE,1704598303451683396,DF:A6:DC:DC:2E:81,-72
BLE,1704598303451710896,DF:DF:EE:00:00:01,-72
BLE,1704598303470249016,D3:F4:55:AB:96:20,-68
BLE,1704598303492420545,DF:DF:EE:00:00:04,-51
BLE,1704598303666759360,D3:F4:55:AB:96:20,-67
BLE,1704598303855345103,D3:F4:55:AB:96:20,-68
BLE,1704598304035313716,DF:DF:EE:00:00:04,-54
BLE,1704598304049203525,D3:F4:55:AB:96:20,-67
BLE,1704598304235818129,D3:F4:55:AB:96:20,-68
BLE,1704598304491374787,DF:DF:EE:00:00:04,-52
BLE,1704598304619440070,D3:F4:55:AB:96:20,-63
BLE,1704598304814495392,D3:F4:55:AB:96:20,-67
BLE,1704598305007613782,D3:F4:55:AB:96:20,-71
BLE,1704598305196741101,D3:F4:55:AB:96:20,-67
BLE,1704598305391253514,D3:F4:55:AB:96:20,-71
BLE,1704598306166326371,D3:F4:55:AB:96:20,-68
BLE,1704598306301246394,DF:DF:EE:00:00:04,-55
BLE,1704598306935633016,D3:F4:55:AB:96:20,-68
BLE,1704598307272442350,DF:A6:DC:DC:2E:81,-72
BLE,1704598307272475349,DF:DF:EE:00:00:01,-72
BLE,1704598307696965062,D3:F4:55:AB:96:20,-68
BLE,1704598307882974216,D3:F4:55:AB:96:20,-66
BLE,1704598308042500776,DF:DF:EE:00:00:04,-51
BLE,1704598308077878623,D3:F4:55:AB:96:20,-68
BLE,1704598308264260189,D3:F4:55:AB:96:20,-68
BLE,1704598308454404078,D3:F4:55:AB:96:20,-71
BLE,1704598308645461955,D3:F4:55:AB:96:20,-68
BLE,1704598308843089616,D3:F4:55:AB:96:20,-68
BLE,1704598309038093814,D3:F4:55:AB:96:20,-69
BLE,1704598309317961637,DF:DF:EE:00:00:04,-54
BLE,1704598309426670145,D3:F4:55:AB:96:20,-67
BLE,1704598309812831634,D3:F4:55:AB:96:20,-68
BLE,1704598309852600504,DF:DF:EE:00:00:04,-54
BLE,1704598310003069647,D3:F4:55:AB:96:20,-71
BLE,1704598310312722103,DF:DF:EE:00:00:04,-50
BLE,1704598310383071512,D3:F4:55:AB:96:20,-68
BLE,1704598310573014529,D3:F4:55:AB:96:20,-67
BLE,1704598310765056975,D3:F4:55:AB:96:20,-67
BLE,1704598311100484495,DF:A6:DC:DC:2E:81,-72
BLE,1704598311100517036,DF:DF:EE:00:00:01,-72
BLE,1704598311346912319,D3:F4:55:AB:96:20,-52
BLE,1704598311724761964,D3:F4:55:AB:96:20,-68
BLE,1704598311912579427,D3:F4:55:AB:96:20,-67
BLE,1704598312103007271,D3:F4:55:AB:96:20,-68
BLE,1704598312293957232,D3:F4:55:AB:96:20,-66
BLE,1704598312317499867,DF:DF:EE:00:00:04,-50
BLE,1704598312688124570,D3:F4:55:AB:96:20,-69
BLE,1704598312875121002,D3:F4:55:AB:96:20,-68
BLE,1704598313070113241,D3:F4:55:AB:96:20,-68
BLE,1704598313265196812,D3:F4:55:AB:96:20,-71
BLE,1704598313583207321,DF:DF:EE:00:00:04,-52
BLE,1704598313644016861,DF:A6:DC:DC:2E:81,-73
BLE,1704598313644044694,DF:DF:EE:00:00:01,-73
BLE,1704598314420101163,D3:F4:55:AB:96:20,-63
BLE,1704598314616122346,D3:F4:55:AB:96:20,-71
BLE,1704598314807146015,D3:F4:55:AB:96:20,-68
BLE,1704598314868399590,DF:DF:EE:00:00:04,-52
BLE,1704598315383201605,D3:F4:55:AB:96:20,-71
BLE,1704598315768209818,D3:F4:55:AB:96:20,-71
BLE,1704598315965173989,D3:F4:55:AB:96:20,-71
BLE,1704598316141780189,DF:DF:EE:00:00:04,-50
BLE,1704598316354947012,D3:F4:55:AB:96:20,-69
BLE,1704598316548605019,D3:F4:55:AB:96:20,-67
BLE,1704598317122669178,D3:F4:55:AB:96:20,-68
BLE,1704598317144268382,DF:DF:EE:00:00:04,-55
BLE,1704598317698363065,D3:F4:55:AB:96:20,-71
BLE,1704598317888540245,D3:F4:55:AB:96:20,-68
BLE,1704598318076389166,D3:F4:55:AB:96:20,-68
BLE,1704598318268532986,D3:F4:55:AB:96:20,-67
BLE,1704598318833549353,D3:F4:55:AB:96:20,-68
BLE,1704598319411177005,D3:F4:55:AB:96:20,-71
BLE,1704598319415615860,DF:DF:EE:00:00:04,-55
BLE,1704598319607551517,D3:F4:55:AB:96:20,-68
BLE,1704598319955977732,DF:DF:EE:00:00:04,-55
BLE,1704598320001129154,D3:F4:55:AB:96:20,-67
BLE,1704598320188607580,D3:F4:55:AB:96:20,-68
BLE,1704598320573563002,D3:F4:55:AB:96:20,-66
BLE,1704598320958213429,DF:DF:EE:00:00:04,-51
BLE,1704598321273223020,DF:A6:DC:DC:2E:81,-72
BLE,1704598321273259061,DF:DF:EE:00:00:01,-72
BLE,1704598321352034771,D3:F4:55:AB:96:20,-67
BLE,1704598321417858201,DF:DF:EE:00:00:04,-54
BLE,1704598321545698987,D3:F4:55:AB:96:20,-71
BLE,1704598321736539783,D3:F4:55:AB:96:20,-67
BLE,1704598321925741435,D3:F4:55:AB:96:20,-68
BLE,1704598322119249570,D3:F4:55:AB:96:20,-68
BLE,1704598322510148911,D3:F4:55:AB:96:20,-67
BLE,1704598322689967983,DF:DF:EE:00:00:04,-35
BLE,1704598322705312648,D3:F4:55:AB:96:20,-52
BLE,1704598322895804490,D3:F4:55:AB:96:20,-71
BLE,1704598323476194687,D3:F4:55:AB:96:20,-68
BLE,1704598323673032026,D3:F4:55:AB:96:20,-69
BLE,1704598323859710255,D3:F4:55:AB:96:20,-68
BLE,1704598323962167223,DF:DF:EE:00:00:04,-54
BLE,1704598324505967589,DF:DF:EE:00:00:04,-54
BLE,1704598324631777653,D3:F4:55:AB:96:20,-71
BLE,1704598324961182547,DF:DF:EE:00:00:04,-50
BLE,1704598325018535718,D3:F4:55:AB:96:20,-69
BLE,1704598325097779755,DF:A6:DC:DC:2E:81,-72
BLE,1704598325097807463,DF:DF:EE:00:00:01,-72
BLE,1704598325209172600,D3:F4:55:AB:96:20,-68
BLE,1704598325397824426,D3:F4:55:AB:96:20,-71
BLE,1704598325777067136,D3:F4:55:AB:96:20,-71
BLE,1704598325970274774,D3:F4:55:AB:96:20,-67
BLE,1704598326166660494,D3:F4:55:AB:96:20,-67
BLE,1704598326241213179,DF:DF:EE:00:00:04,-50
BLE,1704598326736579835,D3:F4:55:AB:96:20,-68
BLE,1704598326931012707,D3:F4:55:AB:96:20,-67
BLE,1704598327118311177,D3:F4:55:AB:96:20,-68
BLE,1704598327501690663,D3:F4:55:AB:96:20,-68
BLE,1704598327700601973,D3:F4:55:AB:96:20,-52
BLE,1704598327895861542,D3:F4:55:AB:96:20,-71
BLE,1704598328060893901,DF:DF:EE:00:00:04,-55
BLE,1704598328093379455,D3:F4:55:AB:96:20,-73
BLE,1704598328285263612,D3:F4:55:AB:96:20,-68
BLE,1704598328514237301,DF:DF:EE:00:00:04,-50
BLE,1704598328863758669,D3:F4:55:AB:96:20,-71
BLE,1704598328920511139,DF:A6:DC:DC:2E:81,-72
BLE,1704598328920564347,DF:DF:EE:00:00:01,-72
BLE,1704598329056093944,D3:F4:55:AB:96:20,-66
BLE,1704598329441068783,D3:F4:55:AB:96:20,-68
BLE,1704598329638187285,D3:F4:55:AB:96:20,-68
BLE,1704598329827860389,D3:F4:55:AB:96:20,-71
BLE,1704598330210819922,D3:F4:55:AB:96:20,-69
BLE,1704598331557934550,D3:F4:55:AB:96:20,-71
BLE,1704598331753374741,D3:F4:55:AB:96:20,-67
BLE,1704598331951138275,D3:F4:55:AB:96:20,-67
BLE,1704598332140735547,D3:F4:55:AB:96:20,-68
BLE,1704598332746110568,DF:A6:DC:DC:2E:81,-72
BLE,1704598332746145067,DF:DF:EE:00:00:01,-72
BLE,1704598332916681642,D3:F4:55:AB:96:20,-69
BLE,1704598333068693013,DF:DF:EE:00:00:04,-37
BLE,1704598333309198711,D3:F4:55:AB:96:20,-68
BLE,1704598333498220699,D3:F4:55:AB:96:20,-55
BLE,1704598333688462253,D3:F4:55:AB:96:20,-66
BLE,1704598334265386623,D3:F4:55:AB:96:20,-83
BLE,1704598334454647983,D3:F4:55:AB:96:20,-66
BLE,1704598334646063521,D3:F4:55:AB:96:20,-55
BLE,1704598335030893487,D3:F4:55:AB:96:20,-63
BLE,1704598335217898752,D3:F4:55:AB:96:20,-66
BLE,1704598335287050136,DF:A6:DC:DC:2E:81,-73
BLE,1704598335287084177,DF:DF:EE:00:00:01,-73
BLE,1704598335334813397,DF:DF:EE:00:00:04,-50
BLE,1704598335791037758,D3:F4:55:AB:96:20,-71
BLE,1704598335984714890,D3:F4:55:AB:96:20,-66
BLE,1704598336175820599,D3:F4:55:AB:96:20,-71
BLE,1704598336373472760,D3:F4:55:AB:96:20,-71
BLE,1704598336613049762,DF:DF:EE:00:00:04,-50
BLE,1704598336764965426,D3:F4:55:AB:96:20,-68
BLE,1704598336960228537,D3:F4:55:AB:96:20,-71
BLE,1704598337344719716,D3:F4:55:AB:96:20,-71
BLE,1704598337538451722,D3:F4:55:AB:96:20,-67
BLE,1704598337727315420,D3:F4:55:AB:96:20,-71
BLE,1704598337833520670,DF:A6:DC:DC:2E:81,-72
BLE,1704598337833548920,DF:DF:EE:00:00:01,-72
BLE,1704598337894182837,DF:DF:EE:00:00:04,-54
BLE,1704598337922006580,D3:F4:55:AB:96:20,-67
BLE,1704598338113827780,D3:F4:55:AB:96:20,-66
BLE,1704598338302370441,D3:F4:55:AB:96:20,-52
BLE,1704598338500930714,D3:F4:55:AB:96:20,-52
BLE,1704598338886010385,D3:F4:55:AB:96:20,-52
BLE,1704598339457671744,D3:F4:55:AB:96:20,-55
BLE,1704598339651769870,D3:F4:55:AB:96:20,-66
BLE,1704598340220922514,D3:F4:55:AB:96:20,-71
BLE,1704598340410187248,D3:F4:55:AB:96:20,-68
BLE,1704598340598314748,D3:F4:55:AB:96:20,-66
BLE,1704598341443698599,DF:DF:EE:00:00:04,-62
BLE,1704598341758111198,D3:F4:55:AB:96:20,-82
BLE,1704598341953507515,D3:F4:55:AB:96:20,-55
BLE,1704598342338780433,D3:F4:55:AB:96:20,-60
BLE,1704598342528045376,D3:F4:55:AB:96:20,-68
BLE,1704598342722181544,D3:F4:55:AB:96:20,-71
BLE,1704598342728648705,DF:DF:EE:00:00:04,-55
BLE,1704598343265972493,DF:DF:EE:00:00:04,-54
BLE,1704598343293784070,D3:F4:55:AB:96:20,-67
BLE,1704598343674041099,D3:F4:55:AB:96:20,-68
BLE,1704598343866903909,D3:F4:55:AB:96:20,-71
BLE,1704598344061909273,D3:F4:55:AB:96:20,-66
BLE,1704598344638815976,D3:F4:55:AB:96:20,-68
BLE,1704598345022386251,D3:F4:55:AB:96:20,-63
BLE,1704598345216967579,D3:F4:55:AB:96:20,-55
BLE,1704598345482479100,DF:A6:DC:DC:2E:81,-68
BLE,1704598345482521433,DF:DF:EE:00:00:01,-68
BLE,1704598345791452857,D3:F4:55:AB:96:20,-69
BLE,1704598346177546514,D3:F4:55:AB:96:20,-52
BLE,1704598347147440780,D3:F4:55:AB:96:20,-67
BLE,1704598347281111861,DF:DF:EE:00:00:04,-50
BLE,1704598347338152203,D3:F4:55:AB:96:20,-68
BLE,1704598347714888780,D3:F4:55:AB:96:20,-71
BLE,1704598347911023253,D3:F4:55:AB:96:20,-68
BLE,1704598348024928481,DF:A6:DC:DC:2E:81,-72
BLE,1704598348024959314,DF:DF:EE:00:00:01,-72
BLE,1704598348307113773,D3:F4:55:AB:96:20,-68
BLE,1704598348495030109,D3:F4:55:AB:96:20,-67
BLE,1704598348560710291,DF:DF:EE:00:00:04,-51
BLE,1704598348693493468,D3:F4:55:AB:96:20,-69
BLE,1704598348881924713,D3:F4:55:AB:96:20,-68
BLE,1704598348883245487,D3:F4:55:AB:96:20,-71
BLE,1704598349270361005,D3:F4:55:AB:96:20,-71
BLE,1704598349463472478,D3:F4:55:AB:96:20,-66
BLE,1704598349835893989,DF:DF:EE:00:00:04,-54
BLE,1704598349859051588,D3:F4:55:AB:96:20,-68
BLE,1704598350046936342,D3:F4:55:AB:96:20,-68
BLE,1704598350242366741,D3:F4:55:AB:96:20,-67
BLE,1704598350369664952,DF:DF:EE:00:00:04,-52
BLE,1704598350428440728,D3:F4:55:AB:96:20,-67
BLE,1704598350567168365,DF:A6:DC:DC:2E:81,-72
BLE,1704598350567205406,DF:DF:EE:00:00:01,-72
BLE,1704598350811219931,D3:F4:55:AB:96:20,-68
BLE,1704598350831923063,DF:DF:EE:00:00:04,-55
BLE,1704598351006619289,D3:F4:55:AB:96:20,-67
BLE,1704598351200968829,D3:F4:55:AB:96:20,-55
BLE,1704598351394352715,D3:F4:55:AB:96:20,-68
BLE,1704598351773191638,D3:F4:55:AB:96:20,-69
BLE,1704598351827438768,DF:DF:EE:00:00:04,-50
BLE,1704598352161648846,D3:F4:55:AB:96:20,-68
BLE,1704598352358664391,D3:F4:55:AB:96:20,-52
BLE,1704598352547286509,D3:F4:55:AB:96:20,-67
BLE,1704598352930152293,D3:F4:55:AB:96:20,-68
BLE,1704598353521043597,D3:F4:55:AB:96:20,-71
BLE,1704598353903745508,D3:F4:55:AB:96:20,-71
BLE,1704598354100029605,D3:F4:55:AB:96:20,-68
BLE,1704598354115864096,DF:DF:EE:00:00:04,-54
BLE,1704598354292094343,D3:F4:55:AB:96:20,-67
BLE,1704598354487344578,D3:F4:55:AB:96:20,-71
BLE,1704598355063261170,D3:F4:55:AB:96:20,-67
BLE,1704598355253830845,D3:F4:55:AB:96:20,-71
BLE,1704598355449937861,D3:F4:55:AB:96:20,-67
BLE,1704598356025772912,D3:F4:55:AB:96:20,-67
BLE,1704598356219541252,D3:F4:55:AB:96:20,-71
BLE,1704598356596134330,D3:F4:55:AB:96:20,-66
BLE,1704598356652030313,DF:DF:EE:00:00:04,-52
BLE,1704598356785238567,D3:F4:55:AB:96:20,-71
BLE,1704598357172873245,D3:F4:55:AB:96:20,-67
BLE,1704598357198239313,DF:DF:EE:00:00:04,-55
BLE,1704598357360845539,D3:F4:55:AB:96:20,-68
BLE,1704598357551693960,D3:F4:55:AB:96:20,-71
BLE,1704598357746159289,D3:F4:55:AB:96:20,-67
BLE,1704598357939771964,D3:F4:55:AB:96:20,-67
BLE,1704598358128493831,D3:F4:55:AB:96:20,-68
BLE,1704598358319176546,D3:F4:55:AB:96:20,-68
BLE,1704598358508359824,D3:F4:55:AB:96:20,-65
BLE,1704598358650104169,DF:DF:EE:00:00:04,-52
BLE,1704598358705858487,D3:F4:55:AB:96:20,-68
BLE,1704598359191234739,DF:DF:EE:00:00:04,-52
BLE,1704598359272526206,D3:F4:55:AB:96:20,-67
BLE,1704598359463246504,D3:F4:55:AB:96:20,-69
BLE,1704598359653861428,DF:DF:EE:00:00:04,-52
BLE,1704598360036383259,D3:F4:55:AB:96:20,-68
BLE,1704598360428243128,D3:F4:55:AB:96:20,-71
BLE,1704598360622586835,D3:F4:55:AB:96:20,-67
BLE,1704598360653384662,DF:DF:EE:00:00:04,-52
BLE,1704598360815535060,D3:F4:55:AB:96:20,-69
BLE,1704598361194005238,DF:DF:EE:00:00:04,-52
BLE,1704598361198429594,D3:F4:55:AB:96:20,-69
BLE,1704598361393222420,D3:F4:55:AB:96:20,-68
BLE,1704598361652090823,DF:DF:EE:00:00:04,-54
BLE,1704598361780761348,D3:F4:55:AB:96:20,-71
BLE,1704598361974526813,D3:F4:55:AB:96:20,-66
BLE,1704598362549611249,D3:F4:55:AB:96:20,-67
BLE,1704598362736349185,D3:F4:55:AB:96:20,-68
BLE,1704598363120142124,D3:F4:55:AB:96:20,-68
BLE,1704598363317223834,D3:F4:55:AB:96:20,-67
BLE,1704598363700130285,D3:F4:55:AB:96:20,-68
BLE,1704598363895463978,D3:F4:55:AB:96:20,-71
BLE,1704598364088485036,D3:F4:55:AB:96:20,-66
BLE,1704598364199029309,DF:DF:EE:00:00:04,-46
BLE,1704598364479371043,D3:F4:55:AB:96:20,-69
BLE,1704598364673823998,D3:F4:55:AB:96:20,-68
BLE,1704598365056426036,D3:F4:55:AB:96:20,-68
BLE,1704598365252231806,D3:F4:55:AB:96:20,-68
BLE,1704598365478477366,DF:DF:EE:00:00:04,-67
BLE,1704598365827603281,D3:F4:55:AB:96:20,-71
BLE,1704598366018937778,D3:F4:55:AB:96:20,-68
BLE,1704598366209604952,D3:F4:55:AB:96:20,-71
BLE,1704598366404690106,D3:F4:55:AB:96:20,-68
BLE,1704598366476616369,DF:DF:EE:00:00:04,-51
BLE,1704598366478319179,DF:DF:EE:00:00:04,-52
BLE,1704598366791372130,D3:F4:55:AB:96:20,-68
BLE,1704598366984331731,D3:F4:55:AB:96:20,-68
BLE,1704598367125102173,DF:A6:DC:DC:2E:81,-72
BLE,1704598367125128964,DF:DF:EE:00:00:01,-72
BLE,1704598367555240433,D3:F4:55:AB:96:20,-68
BLE,1704598368136829406,D3:F4:55:AB:96:20,-68
BLE,1704598368721655709,D3:F4:55:AB:96:20,-68
BLE,1704598368751462674,DF:DF:EE:00:00:04,-52
BLE,1704598368911022400,D3:F4:55:AB:96:20,-71
BLE,1704598369104204664,D3:F4:55:AB:96:20,-68
BLE,1704598369303837715,D3:F4:55:AB:96:20,-67
BLE,1704598369491675969,D3:F4:55:AB:96:20,-68
BLE,1704598369683657749,D3:F4:55:AB:96:20,-68
BLE,1704598369878945568,D3:F4:55:AB:96:20,-71
BLE,1704598370019095518,DF:DF:EE:00:00:04,-54
BLE,1704598370268468553,D3:F4:55:AB:96:20,-67
BLE,1704598371227821838,D3:F4:55:AB:96:20,-70
BLE,1704598371298499159,DF:DF:EE:00:00:04,-52
BLE,1704598371805272575,D3:F4:55:AB:96:20,-67
BLE,1704598371833767018,DF:DF:EE:00:00:04,-52
BLE,1704598371999042248,D3:F4:55:AB:96:20,-68
BLE,1704598372189248886,D3:F4:55:AB:96:20,-66
BLE,1704598372214379333,DF:A6:DC:DC:2E:81,-73
BLE,1704598372214405833,DF:DF:EE:00:00:01,-73
BLE,1704598372381734243,D3:F4:55:AB:96:20,-68
BLE,1704598372569773536,D3:F4:55:AB:96:20,-68
BLE,1704598372764409572,D3:F4:55:AB:96:20,-68
BLE,1704598372834716690,DF:DF:EE:00:00:04,-54
BLE,1704598372955307909,D3:F4:55:AB:96:20,-68
BLE,1704598373300990288,DF:DF:EE:00:00:04,-53
BLE,1704598373731146839,D3:F4:55:AB:96:20,-68
BLE,1704598373834429463,DF:DF:EE:00:00:04,-50
BLE,1704598373836020608,DF:DF:EE:00:00:04,-52
BLE,1704598373920239826,D3:F4:55:AB:96:20,-66
BLE,1704598374297680935,DF:DF:EE:00:00:04,-54
BLE,1704598374301627465,D3:F4:55:AB:96:20,-68
BLE,1704598374493191084,D3:F4:55:AB:96:20,-70
BLE,1704598375067831319,D3:F4:55:AB:96:20,-66
BLE,1704598375266155012,D3:F4:55:AB:96:20,-67
BLE,1704598375846680707,D3:F4:55:AB:96:20,-67
BLE,1704598376034482004,DF:A6:DC:DC:2E:81,-72
BLE,1704598376034516003,DF:DF:EE:00:00:01,-72
BLE,1704598376230369981,D3:F4:55:AB:96:20,-67
BLE,1704598376420337789,D3:F4:55:AB:96:20,-68
BLE,1704598376609093614,D3:F4:55:AB:96:20,-70
BLE,1704598376802786954,D3:F4:55:AB:96:20,-66
BLE,1704598377187233717,D3:F4:55:AB:96:20,-66
BLE,1704598377568247110,DF:DF:EE:00:00:04,-51
BLE,1704598377581647634,D3:F4:55:AB:96:20,-68
BLE,1704598377770360252,D3:F4:55:AB:96:20,-68
BLE,1704598377959085077,D3:F4:55:AB:96:20,-71
BLE,1704598378151632058,D3:F4:55:AB:96:20,-66
BLE,1704598378577839956,DF:A6:DC:DC:2E:81,-73
BLE,1704598378577874955,DF:DF:EE:00:00:01,-73
BLE,1704598378724178321,D3:F4:55:AB:96:20,-71
BLE,1704598378919734594,D3:F4:55:AB:96:20,-68
BLE,1704598379116608683,D3:F4:55:AB:96:20,-67
BLE,1704598379315564076,D3:F4:55:AB:96:20,-68
BLE,1704598379380135231,DF:DF:EE:00:00:04,-55
BLE,1704598379507834186,D3:F4:55:AB:96:20,-71
BLE,1704598379846400537,DF:DF:EE:00:00:04,-52
BLE,1704598380085735501,D3:F4:55:AB:96:20,-68
BLE,1704598380279808877,D3:F4:55:AB:96:20,-67
BLE,1704598380384854143,DF:DF:EE:00:00:04,-52
BLE,1704598380468657951,D3:F4:55:AB:96:20,-68
BLE,1704598380842976686,DF:DF:EE:00:00:04,-55
BLE,1704598381234066191,D3:F4:55:AB:96:20,-67
BLE,1704598381379571360,DF:DF:EE:00:00:04,-53
BLE,1704598381431212734,D3:F4:55:AB:96:20,-69
BLE,1704598381619254777,D3:F4:55:AB:96:20,-68
BLE,1704598381843072995,DF:DF:EE:00:00:04,-51
BLE,1704598382013614904,D3:F4:55:AB:96:20,-67
BLE,1704598382207074289,D3:F4:55:AB:96:20,-70
BLE,1704598382379188259,DF:DF:EE:00:00:04,-50
BLE,1704598382786051506,D3:F4:55:AB:96:20,-68
BLE,1704598382846169180,DF:DF:EE:00:00:04,-55
BLE,1704598382980592209,D3:F4:55:AB:96:20,-68
BLE,1704598383175412617,D3:F4:55:AB:96:20,-70
BLE,1704598383560727160,D3:F4:55:AB:96:20,-71
BLE,1704598383844388515,DF:DF:EE:00:00:04,-50
BLE,1704598384133708501,D3:F4:55:AB:96:20,-68
BLE,1704598384332721810,D3:F4:55:AB:96:20,-68
BLE,1704598384382638333,DF:DF:EE:00:00:04,-60
BLE,1704598384448614385,DF:DF:EE:00:00:04,-51
BLE,1704598384520415607,D3:F4:55:AB:96:20,-66
BLE,1704598384943746711,DF:A6:DC:DC:2E:81,-72
BLE,1704598384943783669,DF:DF:EE:00:00:01,-72
BLE,1704598385101721459,D3:F4:55:AB:96:20,-67
BLE,1704598385296435535,D3:F4:55:AB:96:20,-68
BLE,1704598385484198707,D3:F4:55:AB:96:20,-67
BLE,1704598385616666555,DF:DF:EE:00:00:04,-54
BLE,1704598386057115507,D3:F4:55:AB:96:20,-71
BLE,1704598386158823819,DF:DF:EE:00:00:04,-51
BLE,1704598386248596961,D3:F4:55:AB:96:20,-68
BLE,1704598386445513965,D3:F4:55:AB:96:20,-67
BLE,1704598386617585603,DF:DF:EE:00:00:04,-52
BLE,1704598386637387581,D3:F4:55:AB:96:20,-52
BLE,1704598386831876994,D3:F4:55:AB:96:20,-68
BLE,1704598387019655415,D3:F4:55:AB:96:20,-68
BLE,1704598387209936761,D3:F4:55:AB:96:20,-68
BLE,1704598387491160066,DF:A6:DC:DC:2E:81,-71
BLE,1704598387491194982,DF:DF:EE:00:00:01,-71
BLE,1704598387597512689,D3:F4:55:AB:96:20,-68
BLE,1704598387791509442,D3:F4:55:AB:96:20,-71
BLE,1704598387982627317,D3:F4:55:AB:96:20,-68
BLE,1704598388180545183,D3:F4:55:AB:96:20,-68
BLE,1704598388369436381,D3:F4:55:AB:96:20,-68
BLE,1704598388560291635,D3:F4:55:AB:96:20,-67
BLE,1704598388755553163,D3:F4:55:AB:96:20,-71
BLE,1704598388949227712,D3:F4:55:AB:96:20,-67
BLE,1704598389138135743,D3:F4:55:AB:96:20,-71
BLE,1704598389334487755,D3:F4:55:AB:96:20,-66
BLE,1704598389432827238,DF:DF:EE:00:00:04,-52
BLE,1704598389532462036,D3:F4:55:AB:96:20,-68
BLE,1704598389729108961,D3:F4:55:AB:96:20,-67
BLE,1704598390114155633,D3:F4:55:AB:96:20,-68
BLE,1704598390300592989,D3:F4:55:AB:96:20,-68
BLE,1704598390435575511,DF:DF:EE:00:00:04,-35
BLE,1704598390690060016,D3:F4:55:AB:96:20,-71
BLE,1704598390880381736,D3:F4:55:AB:96:20,-68
BLE,1704598391066907092,D3:F4:55:AB:96:20,-67
BLE,1704598391256109994,D3:F4:55:AB:96:20,-71
BLE,1704598391642194609,D3:F4:55:AB:96:20,-68
BLE,1704598392029498124,D3:F4:55:AB:96:20,-68
BLE,1704598392168408092,DF:DF:EE:00:00:04,-51
BLE,1704598392224207076,D3:F4:55:AB:96:20,-71
BLE,1704598392417832250,D3:F4:55:AB:96:20,-68
BLE,1704598392612167332,D3:F4:55:AB:96:20,-67
BLE,1704598392801287777,D3:F4:55:AB:96:20,-68
BLE,1704598392947040901,DF:DF:EE:00:00:04,-55
BLE,1704598393573026222,D3:F4:55:AB:96:20,-71
BLE,1704598393766026697,D3:F4:55:AB:96:20,-68
BLE,1704598393946765965,DF:DF:EE:00:00:04,-50
BLE,1704598394155437225,D3:F4:55:AB:96:20,-71
BLE,1704598394349347229,D3:F4:55:AB:96:20,-68
BLE,1704598394544562465,D3:F4:55:AB:96:20,-67
BLE,1704598394735038641,D3:F4:55:AB:96:20,-66
BLE,1704598394928247196,D3:F4:55:AB:96:20,-52
BLE,1704598395121686332,D3:F4:55:AB:96:20,-71
BLE,1704598395215560751,DF:DF:EE:00:00:04,-52
BLE,1704598395314709723,D3:F4:55:AB:96:20,-67
BLE,1704598395505233649,D3:F4:55:AB:96:20,-71
BLE,1704598395696462148,D3:F4:55:AB:96:20,-68
BLE,1704598395884071697,D3:F4:55:AB:96:20,-67
BLE,1704598396075655191,D3:F4:55:AB:96:20,-67
BLE,1704598396266197700,D3:F4:55:AB:96:20,-67
BLE,1704598396655543145,D3:F4:55:AB:96:20,-71
BLE,1704598397042000339,D3:F4:55:AB:96:20,-67
BLE,1704598397232110937,D3:F4:55:AB:96:20,-68
BLE,1704598397493338475,DF:DF:EE:00:00:04,-54
BLE,1704598397617044318,D3:F4:55:AB:96:20,-68
BLE,1704598398000067850,D3:F4:55:AB:96:20,-68
BLE,1704598398025403961,DF:DF:EE:00:00:04,-53
BLE,1704598398193278822,D3:F4:55:AB:96:20,-68
BLE,1704598398380633583,D3:F4:55:AB:96:20,-68
BLE,1704598398487568073,DF:DF:EE:00:00:04,-54
BLE,1704598398574318632,D3:F4:55:AB:96:20,-67
BLE,1704598398940089609,DF:A6:DC:DC:2E:81,-75
BLE,1704598398940123026,DF:DF:EE:00:00:01,-75
BLE,1704598398961791395,D3:F4:55:AB:96:20,-68
BLE,1704598399152177697,D3:F4:55:AB:96:20,-55
BLE,1704598399768997784,DF:DF:EE:00:00:04,-50
BLE,1704598400106809780,D3:F4:55:AB:96:20,-68
BLE,1704598400496354149,D3:F4:55:AB:96:20,-53
BLE,1704598401273926451,D3:F4:55:AB:96:20,-67
BLE,1704598401466731600,D3:F4:55:AB:96:20,-71
BLE,1704598401661329642,D3:F4:55:AB:96:20,-68
BLE,1704598401851902988,D3:F4:55:AB:96:20,-71
BLE,1704598402040168575,DF:DF:EE:00:00:04,-64
BLE,1704598402241500440,D3:F4:55:AB:96:20,-68
BLE,1704598402434490087,D3:F4:55:AB:96:20,-69
BLE,1704598402578162576,DF:DF:EE:00:00:04,-55
BLE,1704598402816491810,D3:F4:55:AB:96:20,-71
BLE,1704598403038058524,DF:DF:EE:00:00:04,-51
BLE,1704598403195765612,D3:F4:55:AB:96:20,-67
BLE,1704598403576405021,D3:F4:55:AB:96:20,-66
BLE,1704598403578428826,DF:DF:EE:00:00:04,-50
BLE,1704598403961702532,D3:F4:55:AB:96:20,-68
BLE,1704598404027744502,DF:A6:DC:DC:2E:81,-72
BLE,1704598404027770710,DF:DF:EE:00:00:01,-72
BLE,1704598404038665185,DF:DF:EE:00:00:04,-54
BLE,1704598404350701451,D3:F4:55:AB:96:20,-55
BLE,1704598404539547529,D3:F4:55:AB:96:20,-68
BLE,1704598404736437956,D3:F4:55:AB:96:20,-83
BLE,1704598404929911721,D3:F4:55:AB:96:20,-68
BLE,1704598405127217517,D3:F4:55:AB:96:20,-67
BLE,1704598405510249184,D3:F4:55:AB:96:20,-52
BLE,1704598405579418611,DF:DF:EE:00:00:04,-65
BLE,1704598405892083409,D3:F4:55:AB:96:20,-66
BLE,1704598406038917189,DF:DF:EE:00:00:04,-53
BLE,1704598406090369483,D3:F4:55:AB:96:20,-69
BLE,1704598406474037100,D3:F4:55:AB:96:20,-68
BLE,1704598406571408433,DF:A6:DC:DC:2E:81,-58
BLE,1704598406571451807,DF:DF:EE:00:00:01,-58
BLE,1704598407228910005,D3:F4:55:AB:96:20,-55
BLE,1704598407424039247,D3:F4:55:AB:96:20,-66
BLE,1704598407539559206,DF:DF:EE:00:00:04,-35
BLE,1704598407613252737,D3:F4:55:AB:96:20,-55
BLE,1704598407849290669,DF:A6:DC:DC:2E:81,-72
BLE,1704598407849319961,DF:DF:EE:00:00:01,-72
BLE,1704598407994536512,D3:F4:55:AB:96:20,-55
BLE,1704598408184005915,D3:F4:55:AB:96:20,-58
BLE,1704598408370290196,D3:F4:55:AB:96:20,-52
BLE,1704598408766477183,D3:F4:55:AB:96:20,-67
BLE,1704598408811461399,DF:DF:EE:00:00:04,-65
BLE,1704598408956005377,D3:F4:55:AB:96:20,-67
BLE,1704598409147102716,D3:F4:55:AB:96:20,-68
BLE,1704598409343352527,D3:F4:55:AB:96:20,-71
BLE,1704598409534589989,D3:F4:55:AB:96:20,-68
BLE,1704598409917323785,D3:F4:55:AB:96:20,-52
BLE,1704598410109636608,D3:F4:55:AB:96:20,-55
BLE,1704598410299195843,D3:F4:55:AB:96:20,-68
BLE,1704598410624593092,DF:DF:EE:00:00:04,-65
BLE,1704598410679958625,D3:F4:55:AB:96:20,-68
BLE,1704598410867172726,D3:F4:55:AB:96:20,-62
BLE,1704598411061261733,D3:F4:55:AB:96:20,-52
BLE,1704598411090679246,DF:DF:EE:00:00:04,-51
BLE,1704598411251942619,D3:F4:55:AB:96:20,-68
BLE,1704598411640907747,D3:F4:55:AB:96:20,-55
BLE,1704598411832984240,D3:F4:55:AB:96:20,-52
BLE,1704598412627178189,DF:DF:EE:00:00:04,-52
BLE,1704598412785721557,D3:F4:55:AB:96:20,-71
BLE,1704598412939151413,DF:A6:DC:DC:2E:81,-72
BLE,1704598412939188037,DF:DF:EE:00:00:01,-72
BLE,1704598412975710245,D3:F4:55:AB:96:20,-68
BLE,1704598413086304688,DF:DF:EE:00:00:04,-54
BLE,1704598413167796529,D3:F4:55:AB:96:20,-71
BLE,1704598413558670464,D3:F4:55:AB:96:20,-68
BLE,1704598413627169442,DF:DF:EE:00:00:04,-55
BLE,1704598413753244839,D3:F4:55:AB:96:20,-71
BLE,1704598413949121280,D3:F4:55:AB:96:20,-67
BLE,1704598414085614826,DF:DF:EE:00:00:04,-50
BLE,1704598414143497699,D3:F4:55:AB:96:20,-67
BLE,1704598414332451985,D3:F4:55:AB:96:20,-69
BLE,1704598414717177629,D3:F4:55:AB:96:20,-68
BLE,1704598414909521409,D3:F4:55:AB:96:20,-68
BLE,1704598415083844145,DF:DF:EE:00:00:04,-53
BLE,1704598415291758129,D3:F4:55:AB:96:20,-68
BLE,1704598415482632221,D3:F4:55:AB:96:20,-68
BLE,1704598415627801774,DF:DF:EE:00:00:04,-55
BLE,1704598415696071171,DF:DF:EE:00:00:04,-55
BLE,1704598416064898033,D3:F4:55:AB:96:20,-72
BLE,1704598416124479675,DF:DF:EE:00:00:04,-54
BLE,1704598416447612496,D3:F4:55:AB:96:20,-69
BLE,1704598416645411077,D3:F4:55:AB:96:20,-67
BLE,1704598416830801786,D3:F4:55:AB:96:20,-68
BLE,1704598417216722831,D3:F4:55:AB:96:20,-71
BLE,1704598417407941793,D3:F4:55:AB:96:20,-68
BLE,1704598417858230456,DF:DF:EE:00:00:04,-55
BLE,1704598417990461018,D3:F4:55:AB:96:20,-67
BLE,1704598418372373159,D3:F4:55:AB:96:20,-52
BLE,1704598418402430331,DF:DF:EE:00:00:04,-50
BLE,1704598418756660226,D3:F4:55:AB:96:20,-52
BLE,1704598418856777146,DF:DF:EE:00:00:04,-50
BLE,1704598418952129006,D3:F4:55:AB:96:20,-71
BLE,1704598419303584397,DF:A6:DC:DC:2E:81,-73
BLE,1704598419303617438,DF:DF:EE:00:00:01,-73
BLE,1704598419329094131,D3:F4:55:AB:96:20,-68
BLE,1704598419397236405,DF:DF:EE:00:00:04,-50
BLE,1704598419714441100,D3:F4:55:AB:96:20,-71
BLE,1704598419904137708,D3:F4:55:AB:96:20,-69
BLE,1704598420093637319,D3:F4:55:AB:96:20,-67
BLE,1704598420286400553,D3:F4:55:AB:96:20,-68
BLE,1704598420482477365,D3:F4:55:AB:96:20,-69
BLE,1704598420676716245,D3:F4:55:AB:96:20,-67
BLE,1704598420854961927,DF:DF:EE:00:00:04,-51
BLE,1704598420869711267,D3:F4:55:AB:96:20,-67
BLE,1704598421060375529,D3:F4:55:AB:96:20,-68
BLE,1704598421402695296,DF:DF:EE:00:00:04,-53
BLE,1704598421647409525,D3:F4:55:AB:96:20,-67
BLE,1704598421859702074,DF:DF:EE:00:00:04,-54
BLE,1704598422043090477,D3:F4:55:AB:96:20,-68
BLE,1704598422230769572,D3:F4:55:AB:96:20,-66
BLE,1704598422400488954,DF:DF:EE:00:00:04,-54
BLE,1704598422613575159,D3:F4:55:AB:96:20,-68
BLE,1704598422805627402,D3:F4:55:AB:96:20,-68
BLE,1704598422861791049,DF:DF:EE:00:00:04,-50
BLE,1704598422993439120,D3:F4:55:AB:96:20,-66
BLE,1704598423182356864,D3:F4:55:AB:96:20,-71
BLE,1704598423376996863,D3:F4:55:AB:96:20,-68
BLE,1704598423569572390,D3:F4:55:AB:96:20,-68
BLE,1704598423762016586,D3:F4:55:AB:96:20,-68
BLE,1704598423954357742,D3:F4:55:AB:96:20,-67
BLE,1704598424134369275,DF:DF:EE:00:00:04,-54
BLE,1704598424335253563,D3:F4:55:AB:96:20,-68
BLE,1704598424524387055,D3:F4:55:AB:96:20,-66
BLE,1704598424676851674,DF:DF:EE:00:00:04,-54
BLE,1704598424722560464,D3:F4:55:AB:96:20,-68
BLE,1704598424912380321,D3:F4:55:AB:96:20,-71
BLE,1704598425105545548,D3:F4:55:AB:96:20,-67
BLE,1704598425134329237,DF:DF:EE:00:00:04,-50
BLE,1704598425490956183,D3:F4:55:AB:96:20,-68
BLE,1704598425669680817,DF:A6:DC:DC:2E:81,-75
BLE,1704598425669711191,DF:DF:EE:00:00:01,-75
BLE,1704598425689649002,D3:F4:55:AB:96:20,-68
BLE,1704598425882388527,D3:F4:55:AB:96:20,-71
BLE,1704598426077223940,D3:F4:55:AB:96:20,-52
BLE,1704598426462548242,D3:F4:55:AB:96:20,-66
BLE,1704598426855720187,D3:F4:55:AB:96:20,-67
BLE,1704598427434704836,D3:F4:55:AB:96:20,-71
BLE,1704598427624763689,D3:F4:55:AB:96:20,-67
BLE,1704598427680968127,DF:DF:EE:00:00:04,-52
BLE,1704598427819141442,D3:F4:55:AB:96:20,-71
BLE,1704598428014576430,D3:F4:55:AB:96:20,-78
BLE,1704598428207122250,D3:F4:55:AB:96:20,-67
BLE,1704598428213049710,DF:A6:DC:DC:2E:81,-72
BLE,1704598428213075376,DF:DF:EE:00:00:01,-72
BLE,1704598428394991300,D3:F4:55:AB:96:20,-68
BLE,1704598428587700076,D3:F4:55:AB:96:20,-67
BLE,1704598428776864108,D3:F4:55:AB:96:20,-68
BLE,1704598428952228080,DF:DF:EE:00:00:04,-55
BLE,1704598428972535551,D3:F4:55:AB:96:20,-68
BLE,1704598429159618904,D3:F4:55:AB:96:20,-68
BLE,1704598429355975838,D3:F4:55:AB:96:20,-67
BLE,1704598430128436043,D3:F4:55:AB:96:20,-66
BLE,1704598430230215440,DF:DF:EE:00:00:04,-54
BLE,1704598430710001740,D3:F4:55:AB:96:20,-66
BLE,1704598431095634871,D3:F4:55:AB:96:20,-66
BLE,1704598431479643025,D3:F4:55:AB:96:20,-68
BLE,1704598431497615529,DF:DF:EE:00:00:04,-50
BLE,1704598431673206664,D3:F4:55:AB:96:20,-68
BLE,1704598431861360127,D3:F4:55:AB:96:20,-67
BLE,1704598432037150843,DF:DF:EE:00:00:04,-50
BLE,1704598432054728560,D3:F4:55:AB:96:20,-68
BLE,1704598432239760191,D3:F4:55:AB:96:20,-67
BLE,1704598432434917225,D3:F4:55:AB:96:20,-69
BLE,1704598432819041835,D3:F4:55:AB:96:20,-63
BLE,1704598433043373636,DF:DF:EE:00:00:04,-55
BLE,1704598433197488607,D3:F4:55:AB:96:20,-71
BLE,1704598433496595966,DF:DF:EE:00:00:04,-55
BLE,1704598433959938783,D3:F4:55:AB:96:20,-71
BLE,1704598434043214766,DF:DF:EE:00:00:04,-50
BLE,1704598434347539846,D3:F4:55:AB:96:20,-67
BLE,1704598434504950230,DF:DF:EE:00:00:04,-55
BLE,1704598434538807099,D3:F4:55:AB:96:20,-68
BLE,1704598434921328565,D3:F4:55:AB:96:20,-68
BLE,1704598435115599153,D3:F4:55:AB:96:20,-68
BLE,1704598435301553354,D3:F4:55:AB:96:20,-68
BLE,1704598435491681415,D3:F4:55:AB:96:20,-71
BLE,1704598435777000463,DF:DF:EE:00:00:04,-51
BLE,1704598436061950850,D3:F4:55:AB:96:20,-68
BLE,1704598436314400223,DF:DF:EE:00:00:04,-56
BLE,1704598436449988948,D3:F4:55:AB:96:20,-67
BLE,1704598436837548929,D3:F4:55:AB:96:20,-71
BLE,1704598437033601200,D3:F4:55:AB:96:20,-68
BLE,1704598437125108654,DF:A6:DC:DC:2E:81,-74
BLE,1704598437125135612,DF:DF:EE:00:00:01,-74
BLE,1704598437231470697,D3:F4:55:AB:96:20,-68
BLE,1704598437309494794,DF:DF:EE:00:00:04,-52
BLE,1704598437422977905,D3:F4:55:AB:96:20,-71
BLE,1704598437814983700,D3:F4:55:AB:96:20,-68
BLE,1704598438311907139,DF:DF:EE:00:00:04,-54
BLE,1704598438383476242,D3:F4:55:AB:96:20,-66
BLE,1704598438580457459,D3:F4:55:AB:96:20,-68
BLE,1704598438769425994,DF:DF:EE:00:00:04,-50
BLE,1704598438960412210,D3:F4:55:AB:96:20,-68
BLE,1704598439152574743,D3:F4:55:AB:96:20,-66
BLE,1704598439343776873,D3:F4:55:AB:96:20,-67
BLE,1704598439533952391,D3:F4:55:AB:96:20,-66
BLE,1704598439924874159,D3:F4:55:AB:96:20,-71
BLE,1704598440051945542,DF:DF:EE:00:00:04,-50
BLE,1704598440118262842,D3:F4:55:AB:96:20,-68
BLE,1704598440702153131,D3:F4:55:AB:96:20,-68
BLE,1704598440898643355,D3:F4:55:AB:96:20,-68
BLE,1704598440946970193,DF:A6:DC:DC:2E:81,-72
BLE,1704598440947001400,DF:DF:EE:00:00:01,-72
BLE,1704598441057575093,DF:DF:EE:00:00:04,-54
BLE,1704598441473774514,D3:F4:55:AB:96:20,-69
BLE,1704598442050276905,D3:F4:55:AB:96:20,-52
BLE,1704598442325162304,DF:DF:EE:00:00:04,-50
BLE,1704598442432551041,D3:F4:55:AB:96:20,-53
BLE,1704598443201952163,D3:F4:55:AB:96:20,-53
BLE,1704598443489791718,DF:A6:DC:DC:2E:81,-58
BLE,1704598443489817010,DF:DF:EE:00:00:01,-58
BLE,1704598443605023556,DF:DF:EE:00:00:04,-51
BLE,1704598444146416594,DF:DF:EE:00:00:04,-51
BLE,1704598444356998042,D3:F4:55:AB:96:20,-69
BLE,1704598445517741634,D3:F4:55:AB:96:20,-68
BLE,1704598445712109720,D3:F4:55:AB:96:20,-85
BLE,1704598445880299748,DF:DF:EE:00:00:04,-51
BLE,1704598445900108102,D3:F4:55:AB:96:20,-66
BLE,1704598447062294674,D3:F4:55:AB:96:20,-68
BLE,1704598447248923366,D3:F4:55:AB:96:20,-74
BLE,1704598447318397081,DF:A6:DC:DC:2E:81,-81
BLE,1704598447318433497,DF:DF:EE:00:00:01,-81
BLE,1704598447424020342,DF:DF:EE:00:00:04,-40
BLE,1704598447446395410,D3:F4:55:AB:96:20,-68
BLE,1704598447835355704,D3:F4:55:AB:96:20,-68
BLE,1704598448222898851,D3:F4:55:AB:96:20,-66
BLE,1704598448413884151,D3:F4:55:AB:96:20,-68
BLE,1704598448604902533,D3:F4:55:AB:96:20,-56
BLE,1704598448991526067,D3:F4:55:AB:96:20,-60
BLE,1704598449186340897,D3:F4:55:AB:96:20,-52
BLE,1704598449568198456,D3:F4:55:AB:96:20,-52
BLE,1704598450154013761,DF:DF:EE:00:00:04,-51
BLE,1704598450345057184,D3:F4:55:AB:96:20,-79
BLE,1704598450730264655,D3:F4:55:AB:96:20,-78
BLE,1704598450918667739,D3:F4:55:AB:96:20,-68
BLE,1704598451110002117,D3:F4:55:AB:96:20,-75
BLE,1704598451882156910,D3:F4:55:AB:96:20,-75
BLE,1704598452080386235,D3:F4:55:AB:96:20,-52
BLE,1704598452434012013,DF:DF:EE:00:00:04,-53
BLE,1704598453047185610,D3:F4:55:AB:96:20,-68
BLE,1704598454196754105,D3:F4:55:AB:96:20,-53
BLE,1704598454584068755,D3:F4:55:AB:96:20,-67
BLE,1704598455550503760,D3:F4:55:AB:96:20,-66
BLE,1704598455746746696,D3:F4:55:AB:96:20,-52
BLE,1704598455936704259,D3:F4:55:AB:96:20,-66
BLE,1704598456902605813,D3:F4:55:AB:96:20,-68
BLE,1704598457678619845,D3:F4:55:AB:96:20,-58
BLE,1704598458437975271,D3:F4:55:AB:96:20,-60
BLE,1704598459774816491,D3:F4:55:AB:96:20,-69
BLE,1704598460359145066,D3:F4:55:AB:96:20,-68
BLE,1704598460744841697,D3:F4:55:AB:96:20,-53
BLE,1704598461130321831,D3:F4:55:AB:96:20,-67
BLE,1704598461333970665,DF:A6:DC:DC:2E:81,-72
BLE,1704598461333998706,DF:DF:EE:00:00:01,-72
BLE,1704598461697881761,D3:F4:55:AB:96:20,-52
BLE,1704598461890474955,D3:F4:55:AB:96:20,-52
BLE,1704598462270347415,D3:F4:55:AB:96:20,-86
BLE,1704598462843703141,D3:F4:55:AB:96:20,-68
BLE,1704598463040239822,D3:F4:55:AB:96:20,-75
BLE,1704598463231501284,D3:F4:55:AB:96:20,-61
BLE,1704598463423413112,D3:F4:55:AB:96:20,-68
BLE,1704598463797879522,DF:DF:EE:00:00:04,-52
BLE,1704598464194278090,D3:F4:55:AB:96:20,-68
BLE,1704598464577495588,D3:F4:55:AB:96:20,-67
BLE,1704598465545621028,D3:F4:55:AB:96:20,-68
BLE,1704598466127867423,D3:F4:55:AB:96:20,-52
BLE,1704598466421941976,DF:A6:DC:DC:2E:81,-58
BLE,1704598466422010309,DF:DF:EE:00:00:01,-58
BLE,1704598466522991841,D3:F4:55:AB:96:20,-68
BLE,1704598467067060968,DF:DF:EE:00:00:04,-62
BLE,1704598467096676729,D3:F4:55:AB:96:20,-75
BLE,1704598467666681084,D3:F4:55:AB:96:20,-71
BLE,1704598468052830542,D3:F4:55:AB:96:20,-69
BLE,1704598468241586955,D3:F4:55:AB:96:20,-53
BLE,1704598468605672382,DF:DF:EE:00:00:04,-58
BLE,1704598468625262821,D3:F4:55:AB:96:20,-79
BLE,1704598469005021242,D3:F4:55:AB:96:20,-66
BLE,1704598469067156057,DF:DF:EE:00:00:04,-40
BLE,1704598469398049439,D3:F4:55:AB:96:20,-71
BLE,1704598469590102432,D3:F4:55:AB:96:20,-68
BLE,1704598469607813481,DF:DF:EE:00:00:04,-56
BLE,1704598469975093155,D3:F4:55:AB:96:20,-67
BLE,1704598470242182912,DF:A6:DC:DC:2E:81,-58
BLE,1704598470242224286,DF:DF:EE:00:00:01,-58
BLE,1704598470363770037,D3:F4:55:AB:96:20,-70
BLE,1704598470605687971,DF:DF:EE:00:00:04,-51
BLE,1704598470752493168,D3:F4:55:AB:96:20,-68
BLE,1704598471612164428,DF:DF:EE:00:00:04,-55
BLE,1704598471709703133,D3:F4:55:AB:96:20,-53
BLE,1704598471902693363,D3:F4:55:AB:96:20,-68
BLE,1704598472071180137,DF:DF:EE:00:00:04,-51
BLE,1704598473239519000,D3:F4:55:AB:96:20,-66
BLE,1704598473621971217,D3:F4:55:AB:96:20,-66
BLE,1704598473816287012,D3:F4:55:AB:96:20,-68
BLE,1704598474011925706,D3:F4:55:AB:96:20,-71
BLE,1704598474375389350,DF:DF:EE:00:00:04,-55
BLE,1704598474398123080,D3:F4:55:AB:96:20,-75
BLE,1704598474589595664,D3:F4:55:AB:96:20,-53
BLE,1704598474841415796,DF:DF:EE:00:00:04,-52
BLE,1704598474981439794,D3:F4:55:AB:96:20,-70
BLE,1704598475366656139,D3:F4:55:AB:96:20,-68
BLE,1704598475752005233,D3:F4:55:AB:96:20,-68
BLE,1704598475839359328,DF:DF:EE:00:00:04,-40
BLE,1704598476143505368,D3:F4:55:AB:96:20,-68
BLE,1704598476334755247,D3:F4:55:AB:96:20,-76
BLE,1704598477301952366,D3:F4:55:AB:96:20,-52
BLE,1704598477649599185,DF:DF:EE:00:00:04,-50
BLE,1704598478654319999,D3:F4:55:AB:96:20,-52
BLE,1704598479995427952,D3:F4:55:AB:96:20,-60
BLE,1704598480185457931,D3:F4:55:AB:96:20,-53
BLE,1704598480563104922,D3:F4:55:AB:96:20,-68
BLE,1704598480934169754,DF:DF:EE:00:00:04,-52
BLE,1704598480939281725,D3:F4:55:AB:96:20,-61
BLE,1704598481130228942,D3:F4:55:AB:96:20,-69
BLE,1704598481326015592,D3:F4:55:AB:96:20,-71
BLE,1704598481704292949,D3:F4:55:AB:96:20,-69
BLE,1704598481717588350,DF:A6:DC:DC:2E:81,-58
BLE,1704598481717605475,DF:DF:EE:00:00:01,-58
BLE,1704598482278747285,D3:F4:55:AB:96:20,-69
BLE,1704598482395323479,DF:DF:EE:00:00:04,-66
BLE,1704598482858155594,D3:F4:55:AB:96:20,-75
BLE,1704598483045453152,D3:F4:55:AB:96:20,-67
BLE,1704598483429796010,D3:F4:55:AB:96:20,-68
BLE,1704598484197131535,D3:F4:55:AB:96:20,-68
BLE,1704598484262743802,DF:A6:DC:DC:2E:81,-73
BLE,1704598484262788802,DF:DF:EE:00:00:01,-73
BLE,1704598484929653204,DF:DF:EE:00:00:04,-50
BLE,1704598485171509723,D3:F4:55:AB:96:20,-71
BLE,1704598485366172055,D3:F4:55:AB:96:20,-52
BLE,1704598485434797656,DF:DF:EE:00:00:04,-51
BLE,1704598485891923725,DF:DF:EE:00:00:04,-52
BLE,1704598485951450367,D3:F4:55:AB:96:20,-66
BLE,1704598486145554790,D3:F4:55:AB:96:20,-63
BLE,1704598486332118567,D3:F4:55:AB:96:20,-66
BLE,1704598486525841787,D3:F4:55:AB:96:20,-63
BLE,1704598486717065166,D3:F4:55:AB:96:20,-67
BLE,1704598486805476246,DF:A6:DC:DC:2E:81,-68
BLE,1704598486805519662,DF:DF:EE:00:00:01,-68
BLE,1704598486912078160,D3:F4:55:AB:96:20,-68
BLE,1704598487303221800,D3:F4:55:AB:96:20,-68
BLE,1704598487712080654,DF:DF:EE:00:00:04,-52
BLE,1704598488068515103,D3:F4:55:AB:96:20,-66
BLE,1704598488651919899,D3:F4:55:AB:96:20,-67
BLE,1704598489348317272,DF:A6:DC:DC:2E:81,-59
BLE,1704598489348373687,DF:DF:EE:00:00:01,-59
BLE,1704598489417731112,D3:F4:55:AB:96:20,-52
BLE,1704598489799961749,D3:F4:55:AB:96:20,-66
BLE,1704598490183077248,D3:F4:55:AB:96:20,-52
BLE,1704598490374219212,D3:F4:55:AB:96:20,-70
BLE,1704598490452704719,DF:DF:EE:00:00:04,-50
BLE,1704598490562073471,D3:F4:55:AB:96:20,-62
BLE,1704598490751526666,D3:F4:55:AB:96:20,-71
BLE,1704598490941078735,D3:F4:55:AB:96:20,-69
BLE,1704598491130931883,D3:F4:55:AB:96:20,-56
BLE,1704598491906975122,D3:F4:55:AB:96:20,-68
BLE,1704598492452843766,DF:DF:EE:00:00:04,-34
BLE,1704598492680010194,D3:F4:55:AB:96:20,-66
BLE,1704598492870689498,D3:F4:55:AB:96:20,-69
BLE,1704598493441415551,D3:F4:55:AB:96:20,-53
BLE,1704598493730553588,DF:DF:EE:00:00:04,-55
BLE,1704598494018412268,D3:F4:55:AB:96:20,-52
BLE,1704598494604443070,D3:F4:55:AB:96:20,-68
BLE,1704598494793574520,D3:F4:55:AB:96:20,-53
BLE,1704598494988780594,D3:F4:55:AB:96:20,-68
BLE,1704598495175908988,D3:F4:55:AB:96:20,-52
BLE,1704598495938279665,D3:F4:55:AB:96:20,-66
BLE,1704598496131115772,D3:F4:55:AB:96:20,-55
BLE,1704598496284437087,DF:DF:EE:00:00:04,-52
BLE,1704598496323962337,D3:F4:55:AB:96:20,-65
BLE,1704598496517377270,D3:F4:55:AB:96:20,-68
BLE,1704598496704001587,D3:F4:55:AB:96:20,-66
BLE,1704598496817084413,DF:DF:EE:00:00:04,-35
BLE,1704598496901740044,D3:F4:55:AB:96:20,-68
BLE,1704598497090603497,D3:F4:55:AB:96:20,-83
BLE,1704598497280485270,D3:F4:55:AB:96:20,-52
BLE,1704598497472623345,D3:F4:55:AB:96:20,-53
BLE,1704598498261077373,DF:A6:DC:DC:2E:81,-74
BLE,1704598498261139080,DF:DF:EE:00:00:01,-74
BLE,1704598498548250520,DF:DF:EE:00:00:04,-51
BLE,1704598498619904872,D3:F4:55:AB:96:20,-66
BLE,1704598499198956519,D3:F4:55:AB:96:20,-69
BLE,1704598499954733578,D3:F4:55:AB:96:20,-56
BLE,1704598500716924966,D3:F4:55:AB:96:20,-71
BLE,1704598501106801997,DF:DF:EE:00:00:04,-65
BLE,1704598501107626278,D3:F4:55:AB:96:20,-69
BLE,1704598501295399829,D3:F4:55:AB:96:20,-52
BLE,1704598501676147153,D3:F4:55:AB:96:20,-68
BLE,1704598502101433449,DF:DF:EE:00:00:04,-62
BLE,1704598502253290326,D3:F4:55:AB:96:20,-69
BLE,1704598502637421020,DF:DF:EE:00:00:04,-55
BLE,1704598503029134277,D3:F4:55:AB:96:20,-63
BLE,1704598503222781998,D3:F4:55:AB:96:20,-52
BLE,1704598503408292039,D3:F4:55:AB:96:20,-63
BLE,1704598503606567447,D3:F4:55:AB:96:20,-52
BLE,1704598503638918378,DF:DF:EE:00:00:04,-51
BLE,1704598504560746828,D3:F4:55:AB:96:20,-62
BLE,1704598504624587286,DF:A6:DC:DC:2E:81,-69
BLE,1704598504624610744,DF:DF:EE:00:00:01,-69
BLE,1704598504637869813,DF:DF:EE:00:00:04,-51
BLE,1704598505101299545,DF:DF:EE:00:00:04,-52
BLE,1704598505539398040,D3:F4:55:AB:96:20,-68
BLE,1704598505921585969,D3:F4:55:AB:96:20,-52
BLE,1704598506307254225,D3:F4:55:AB:96:20,-66
BLE,1704598506882462092,D3:F4:55:AB:96:20,-55
BLE,1704598507653423151,D3:F4:55:AB:96:20,-66
BLE,1704598508233160039,D3:F4:55:AB:96:20,-55
BLE,1704598508428625235,D3:F4:55:AB:96:20,-52
BLE,1704598508621190346,D3:F4:55:AB:96:20,-68
BLE,1704598508812363143,D3:F4:55:AB:96:20,-62
BLE,1704598509000926475,D3:F4:55:AB:96:20,-71
BLE,1704598509155040863,DF:DF:EE:00:00:04,-37
BLE,1704598509388870867,D3:F4:55:AB:96:20,-85
BLE,1704598509576431297,D3:F4:55:AB:96:20,-53
BLE,1704598509712309893,DF:A6:DC:DC:2E:81,-72
BLE,1704598509712348642,DF:DF:EE:00:00:01,-72
BLE,1704598510154968326,D3:F4:55:AB:96:20,-68
BLE,1704598510721887556,D3:F4:55:AB:96:20,-66
BLE,1704598511298966898,D3:F4:55:AB:96:20,-68
BLE,1704598511488292261,D3:F4:55:AB:96:20,-52
BLE,1704598511678580987,D3:F4:55:AB:96:20,-55
BLE,1704598511872743909,D3:F4:55:AB:96:20,-52
BLE,1704598511970536319,DF:DF:EE:00:00:04,-53
BLE,1704598512066723126,D3:F4:55:AB:96:20,-52
BLE,1704598512644078296,D3:F4:55:AB:96:20,-55
BLE,1704598512836660032,D3:F4:55:AB:96:20,-57
BLE,1704598512972398130,DF:DF:EE:00:00:04,-50
BLE,1704598513026827759,D3:F4:55:AB:96:20,-55
BLE,1704598513219431828,D3:F4:55:AB:96:20,-65
BLE,1704598513425535961,DF:DF:EE:00:00:04,-51
BLE,1704598513604792671,D3:F4:55:AB:96:20,-62
BLE,1704598513798392143,D3:F4:55:AB:96:20,-52
BLE,1704598513966295259,DF:DF:EE:00:00:04,-45
BLE,1704598513988761367,D3:F4:55:AB:96:20,-66
BLE,1704598514178686973,D3:F4:55:AB:96:20,-52
BLE,1704598514561336854,D3:F4:55:AB:96:20,-52
BLE,1704598515145398557,D3:F4:55:AB:96:20,-63
BLE,1704598515433358903,DF:DF:EE:00:00:04,-53
BLE,1704598515913700778,D3:F4:55:AB:96:20,-66
BLE,1704598516035200571,DF:DF:EE:00:00:04,-51
BLE,1704598516105548440,D3:F4:55:AB:96:20,-70
BLE,1704598516296304284,D3:F4:55:AB:96:20,-89
BLE,1704598516871036991,D3:F4:55:AB:96:20,-55
BLE,1704598517063199316,D3:F4:55:AB:96:20,-52
BLE,1704598517254781315,D3:F4:55:AB:96:20,-71
BLE,1704598517645407462,D3:F4:55:AB:96:20,-52
BLE,1704598517839863630,D3:F4:55:AB:96:20,-55
BLE,1704598518029391116,D3:F4:55:AB:96:20,-69
BLE,1704598518219532802,D3:F4:55:AB:96:20,-65
BLE,1704598518416206606,D3:F4:55:AB:96:20,-67
BLE,1704598518466626790,DF:DF:EE:00:00:04,-34
BLE,1704598518605243890,D3:F4:55:AB:96:20,-55
BLE,1704598518987347320,D3:F4:55:AB:96:20,-55
BLE,1704598519182378981,D3:F4:55:AB:96:20,-52
BLE,1704598519567324164,D3:F4:55:AB:96:20,-66
BLE,1704598519762169077,D3:F4:55:AB:96:20,-63
BLE,1704598520144596919,D3:F4:55:AB:96:20,-63
BLE,1704598520534909028,D3:F4:55:AB:96:20,-66
BLE,1704598520923678200,D3:F4:55:AB:96:20,-70
BLE,1704598521501246201,D3:F4:55:AB:96:20,-52
BLE,1704598521693610690,D3:F4:55:AB:96:20,-63
BLE,1704598521883684668,D3:F4:55:AB:96:20,-66
BLE,1704598522267515033,D3:F4:55:AB:96:20,-66
BLE,1704598522482106758,DF:DF:EE:00:00:04,-55
BLE,1704598522848943189,D3:F4:55:AB:96:20,-66
BLE,1704598523422960072,D3:F4:55:AB:96:20,-71
BLE,1704598523804545634,D3:F4:55:AB:96:20,-72
BLE,1704598524015232539,DF:DF:EE:00:00:04,-39
BLE,1704598524379553587,D3:F4:55:AB:96:20,-66
BLE,1704598524965151562,D3:F4:55:AB:96:20,-62
BLE,1704598525348263936,D3:F4:55:AB:96:20,-66
BLE,1704598525739052622,D3:F4:55:AB:96:20,-71
BLE,1704598526123415896,D3:F4:55:AB:96:20,-71
BLE,1704598526480344588,DF:DF:EE:00:00:04,-52
BLE,1704598526498825043,D3:F4:55:AB:96:20,-66
BLE,1704598527012383046,DF:DF:EE:00:00:04,-52
BLE,1704598527082344421,DF:DF:EE:00:00:04,-51
BLE,1704598527277566578,D3:F4:55:AB:96:20,-67
BLE,1704598527848968539,D3:F4:55:AB:96:20,-68
BLE,1704598528242078818,D3:F4:55:AB:96:20,-68
BLE,1704598528249806962,DF:DF:EE:00:00:04,-51
BLE,1704598528431215309,D3:F4:55:AB:96:20,-52
BLE,1704598528813694318,D3:F4:55:AB:96:20,-52
BLE,1704598529581256492,D3:F4:55:AB:96:20,-62
BLE,1704598529968734573,D3:F4:55:AB:96:20,-55
BLE,1704598530345602501,D3:F4:55:AB:96:20,-52
BLE,1704598530538771716,D3:F4:55:AB:96:20,-66
BLE,1704598530728321645,D3:F4:55:AB:96:20,-61
BLE,1704598531312233356,D3:F4:55:AB:96:20,-53
BLE,1704598531501295166,D3:F4:55:AB:96:20,-71
BLE,1704598532068438431,DF:DF:EE:00:00:04,-62
BLE,1704598532081227180,D3:F4:55:AB:96:20,-70
BLE,1704598533242061444,D3:F4:55:AB:96:20,-68
BLE,1704598533633643305,D3:F4:55:AB:96:20,-70
BLE,1704598534009676786,D3:F4:55:AB:96:20,-67
BLE,1704598534977334086,D3:F4:55:AB:96:20,-63
BLE,1704598535367688588,D3:F4:55:AB:96:20,-70
BLE,1704598535625924365,DF:DF:EE:00:00:04,-50
BLE,1704598535749366995,D3:F4:55:AB:96:20,-70
BLE,1704598535944031732,D3:F4:55:AB:96:20,-78
BLE,1704598536521137282,D3:F4:55:AB:96:20,-68
BLE,1704598536710073386,D3:F4:55:AB:96:20,-66
BLE,1704598537086017327,DF:DF:EE:00:00:04,-39
BLE,1704598537102564484,D3:F4:55:AB:96:20,-55
BLE,1704598537484196684,D3:F4:55:AB:96:20,-69
BLE,1704598537673377826,D3:F4:55:AB:96:20,-52
BLE,1704598537867569402,D3:F4:55:AB:96:20,-55
BLE,1704598538061173569,D3:F4:55:AB:96:20,-67
BLE,1704598538449159644,D3:F4:55:AB:96:20,-55
BLE,1704598538840211386,D3:F4:55:AB:96:20,-63
BLE,1704598539029027617,D3:F4:55:AB:96:20,-53
BLE,1704598539596443544,D3:F4:55:AB:96:20,-70
BLE,1704598539787689409,D3:F4:55:AB:96:20,-52
BLE,1704598540269324046,DF:A6:DC:DC:2E:81,-59
BLE,1704598540269365379,DF:DF:EE:00:00:01,-59
BLE,1704598540367559840,D3:F4:55:AB:96:20,-55
BLE,1704598540744595267,D3:F4:55:AB:96:20,-55
BLE,1704598540938347016,D3:F4:55:AB:96:20,-52
BLE,1704598541134125196,D3:F4:55:AB:96:20,-63
BLE,1704598541322018730,D3:F4:55:AB:96:20,-66
BLE,1704598541437253176,DF:DF:EE:00:00:04,-34
BLE,1704598541516232223,D3:F4:55:AB:96:20,-66
BLE,1704598542090253105,D3:F4:55:AB:96:20,-69
BLE,1704598542667430905,D3:F4:55:AB:96:20,-69
BLE,1704598542908948652,DF:DF:EE:00:00:04,-53
BLE,1704598543050790915,D3:F4:55:AB:96:20,-69
BLE,1704598544007951311,D3:F4:55:AB:96:20,-70
BLE,1704598544584315455,D3:F4:55:AB:96:20,-52
BLE,1704598545748228470,D3:F4:55:AB:96:20,-69
BLE,1704598545991008284,DF:DF:EE:00:00:04,-53
BLE,1704598546328408439,D3:F4:55:AB:96:20,-70
BLE,1704598546451291534,DF:DF:EE:00:00:04,-36
BLE,1704598546904514294,D3:F4:55:AB:96:20,-67
BLE,1704598547291149011,D3:F4:55:AB:96:20,-70
BLE,1704598547684042688,D3:F4:55:AB:96:20,-52
BLE,1704598547723706334,DF:DF:EE:00:00:04,-53
BLE,1704598547878708800,D3:F4:55:AB:96:20,-55
BLE,1704598548067375615,D3:F4:55:AB:96:20,-63
BLE,1704598548258809478,D3:F4:55:AB:96:20,-55
BLE,1704598548268526850,DF:DF:EE:00:00:04,-56
BLE,1704598548644842411,D3:F4:55:AB:96:20,-55
BLE,1704598548726324842,DF:DF:EE:00:00:04,-35
BLE,1704598549035261829,D3:F4:55:AB:96:20,-69
BLE,1704598549226594567,D3:F4:55:AB:96:20,-61
BLE,1704598549999329134,D3:F4:55:AB:96:20,-52
BLE,1704598550385439608,D3:F4:55:AB:96:20,-69
BLE,1704598550572025492,D3:F4:55:AB:96:20,-53
BLE,1704598550761426215,D3:F4:55:AB:96:20,-70
BLE,1704598551274376274,DF:DF:EE:00:00:04,-53
BLE,1704598551525482062,D3:F4:55:AB:96:20,-55
BLE,1704598551720029133,D3:F4:55:AB:96:20,-66
BLE,1704598551912224777,D3:F4:55:AB:96:20,-52
BLE,1704598552103446518,D3:F4:55:AB:96:20,-66
BLE,1704598552297857341,D3:F4:55:AB:96:20,-52
BLE,1704598552487076691,D3:F4:55:AB:96:20,-53
BLE,1704598552545692338,DF:DF:EE:00:00:04,-55
BLE,1704598552680345613,D3:F4:55:AB:96:20,-68
BLE,1704598552871687643,D3:F4:55:AB:96:20,-55
BLE,1704598553067086120,D3:F4:55:AB:96:20,-52
BLE,1704598553263849954,D3:F4:55:AB:96:20,-52
BLE,1704598553451424826,D3:F4:55:AB:96:20,-52
BLE,1704598553541498602,DF:DF:EE:00:00:04,-50
BLE,1704598553835192289,D3:F4:55:AB:96:20,-67
BLE,1704598554029101827,D3:F4:55:AB:96:20,-52
BLE,1704598554222792327,D3:F4:55:AB:96:20,-55
BLE,1704598554262440640,DF:A6:DC:DC:2E:81,-72
BLE,1704598554262472889,DF:DF:EE:00:00:01,-72
BLE,1704598554412901207,D3:F4:55:AB:96:20,-69
BLE,1704598554599436592,D3:F4:55:AB:96:20,-52
BLE,1704598554795408895,D3:F4:55:AB:96:20,-53
BLE,1704598554818258303,DF:DF:EE:00:00:04,-39
BLE,1704598554983967670,D3:F4:55:AB:96:20,-66
BLE,1704598555174383587,D3:F4:55:AB:96:20,-53
BLE,1704598555362020583,D3:F4:55:AB:96:20,-52
BLE,1704598555558030260,D3:F4:55:AB:96:20,-52
BLE,1704598555942002554,D3:F4:55:AB:96:20,-52
BLE,1704598556096798356,DF:DF:EE:00:00:04,-39
BLE,1704598556138099814,D3:F4:55:AB:96:20,-70
BLE,1704598556331253404,D3:F4:55:AB:96:20,-52
BLE,1704598556526796587,D3:F4:55:AB:96:20,-52
BLE,1704598556633040234,DF:DF:EE:00:00:04,-53
BLE,1704598556716745927,D3:F4:55:AB:96:20,-52
BLE,1704598557493816479,D3:F4:55:AB:96:20,-52
BLE,1704598557627963093,DF:DF:EE:00:00:04,-55
BLE,1704598557687465687,D3:F4:55:AB:96:20,-70
BLE,1704598558069237426,D3:F4:55:AB:96:20,-55
BLE,1704598558259171017,D3:F4:55:AB:96:20,-68
BLE,1704598558628016509,DF:DF:EE:00:00:04,-50
BLE,1704598558643973008,D3:F4:55:AB:96:20,-52
BLE,1704598558833800725,D3:F4:55:AB:96:20,-70
BLE,1704598559224022270,D3:F4:55:AB:96:20,-52
BLE,1704598559607171200,D3:F4:55:AB:96:20,-52
BLE,1704598559631030511,DF:DF:EE:00:00:04,-55
BLE,1704598559796722545,D3:F4:55:AB:96:20,-53
BLE,1704598559991629404,D3:F4:55:AB:96:20,-69
BLE,1704598560092365331,DF:DF:EE:00:00:04,-36
BLE,1704598560178430743,D3:F4:55:AB:96:20,-52
BLE,1704598560367543136,D3:F4:55:AB:96:20,-55
BLE,1704598560561995209,D3:F4:55:AB:96:20,-52
BLE,1704598560628190007,DF:DF:EE:00:00:04,-51
BLE,1704598560751294183,D3:F4:55:AB:96:20,-55
BLE,1704598560946446288,D3:F4:55:AB:96:20,-52
BLE,1704598561093137863,DF:DF:EE:00:00:04,-40
BLE,1704598561142080429,D3:F4:55:AB:96:20,-52
BLE,1704598561337575738,D3:F4:55:AB:96:20,-70
BLE,1704598561625464293,DF:DF:EE:00:00:04,-52
BLE,1704598561696342113,DF:DF:EE:00:00:04,-53
BLE,1704598561721581490,D3:F4:55:AB:96:20,-52
BLE,1704598561916278060,D3:F4:55:AB:96:20,-55
BLE,1704598562109998434,D3:F4:55:AB:96:20,-69
BLE,1704598562301823124,D3:F4:55:AB:96:20,-54
BLE,1704598562494772342,D3:F4:55:AB:96:20,-66
BLE,1704598562692924116,D3:F4:55:AB:96:20,-53
BLE,1704598562857152836,DF:DF:EE:00:00:04,-35
BLE,1704598562878004396,D3:F4:55:AB:96:20,-66
BLE,1704598563067180204,D3:F4:55:AB:96:20,-55
BLE,1704598563396590422,DF:DF:EE:00:00:04,-35
BLE,1704598563449744142,D3:F4:55:AB:96:20,-70
BLE,1704598563831767128,D3:F4:55:AB:96:20,-69
BLE,1704598564021932632,D3:F4:55:AB:96:20,-68
BLE,1704598564402994214,DF:DF:EE:00:00:04,-56
BLE,1704598564410522490,D3:F4:55:AB:96:20,-67
BLE,1704598564601600732,D3:F4:55:AB:96:20,-52
BLE,1704598564790475253,D3:F4:55:AB:96:20,-53
BLE,1704598564858296030,DF:DF:EE:00:00:04,-50
BLE,1704598564980867963,D3:F4:55:AB:96:20,-69
BLE,1704598565175616073,D3:F4:55:AB:96:20,-66
BLE,1704598565366352820,D3:F4:55:AB:96:20,-52
BLE,1704598565555028010,D3:F4:55:AB:96:20,-52
BLE,1704598565712096699,DF:A6:DC:DC:2E:81,-58
BLE,1704598565712155448,DF:DF:EE:00:00:01,-58
BLE,1704598565753493364,D3:F4:55:AB:96:20,-69
BLE,1704598566136382255,D3:F4:55:AB:96:20,-68
BLE,1704598566321379952,D3:F4:55:AB:96:20,-66
BLE,1704598566514794247,D3:F4:55:AB:96:20,-52
BLE,1704598566889851158,D3:F4:55:AB:96:20,-70
BLE,1704598567138233439,DF:DF:EE:00:00:04,-54
BLE,1704598567279645333,D3:F4:55:AB:96:20,-52
BLE,1704598567468110235,D3:F4:55:AB:96:20,-67
BLE,1704598567658209573,D3:F4:55:AB:96:20,-55
BLE,1704598567850075180,D3:F4:55:AB:96:20,-52
BLE,1704598568048511617,D3:F4:55:AB:96:20,-52
BLE,1704598568411994055,DF:DF:EE:00:00:04,-35
BLE,1704598568435776451,D3:F4:55:AB:96:20,-68
BLE,1704598568632314080,D3:F4:55:AB:96:20,-69
BLE,1704598568820143240,D3:F4:55:AB:96:20,-52
BLE,1704598569015692298,D3:F4:55:AB:96:20,-53
BLE,1704598569209344173,D3:F4:55:AB:96:20,-72
BLE,1704598569405304643,D3:F4:55:AB:96:20,-53
BLE,1704598569600371791,D3:F4:55:AB:96:20,-52
BLE,1704598569682392964,DF:DF:EE:00:00:04,-53
BLE,1704598569786785969,D3:F4:55:AB:96:20,-67
BLE,1704598570167989674,D3:F4:55:AB:96:20,-66
BLE,1704598570361365095,D3:F4:55:AB:96:20,-52
BLE,1704598570551965676,D3:F4:55:AB:96:20,-52
BLE,1704598570682292549,DF:DF:EE:00:00:04,-56
BLE,1704598570802696844,DF:A6:DC:DC:2E:81,-58
BLE,1704598570802735385,DF:DF:EE:00:00:01,-58
BLE,1704598570942574841,D3:F4:55:AB:96:20,-55
BLE,1704598571896715360,D3:F4:55:AB:96:20,-52
BLE,1704598571947789981,DF:DF:EE:00:00:04,-36
BLE,1704598572279174132,D3:F4:55:AB:96:20,-67
BLE,1704598572469607549,D3:F4:55:AB:96:20,-55
BLE,1704598573236508901,D3:F4:55:AB:96:20,-60
BLE,1704598573343704119,DF:A6:DC:DC:2E:81,-73
BLE,1704598573343758910,DF:DF:EE:00:00:01,-73
BLE,1704598573618116475,D3:F4:55:AB:96:20,-55
BLE,1704598573814532689,D3:F4:55:AB:96:20,-52
BLE,1704598574198979810,D3:F4:55:AB:96:20,-52
BLE,1704598574393109637,D3:F4:55:AB:96:20,-68
BLE,1704598574582658816,D3:F4:55:AB:96:20,-52
BLE,1704598574779233361,D3:F4:55:AB:96:20,-66
BLE,1704598574970587766,D3:F4:55:AB:96:20,-70
BLE,1704598575045542032,DF:DF:EE:00:00:04,-62
BLE,1704598575164092643,D3:F4:55:AB:96:20,-52
BLE,1704598575361571510,D3:F4:55:AB:96:20,-69
BLE,1704598575503386815,DF:DF:EE:00:00:04,-36
BLE,1704598575751415935,D3:F4:55:AB:96:20,-53
BLE,1704598575947012409,D3:F4:55:AB:96:20,-52
BLE,1704598576136735544,D3:F4:55:AB:96:20,-55
BLE,1704598576524053877,D3:F4:55:AB:96:20,-55
BLE,1704598576713976385,D3:F4:55:AB:96:20,-67
BLE,1704598576903390982,D3:F4:55:AB:96:20,-56
BLE,1704598577097013441,D3:F4:55:AB:96:20,-53
BLE,1704598577165802496,DF:A6:DC:DC:2E:81,-58
BLE,1704598577165861704,DF:DF:EE:00:00:01,-58
BLE,1704598577294384100,D3:F4:55:AB:96:20,-68
BLE,1704598577677920150,D3:F4:55:AB:96:20,-64
BLE,1704598577867226248,D3:F4:55:AB:96:20,-52
BLE,1704598578045903403,DF:DF:EE:00:00:04,-34
BLE,1704598578061923943,D3:F4:55:AB:96:20,-69
BLE,1704598578638336294,D3:F4:55:AB:96:20,-55
BLE,1704598579607887903,D3:F4:55:AB:96:20,-55
BLE,1704598579609166053,D3:F4:55:AB:96:20,-52
BLE,1704598579985444447,D3:F4:55:AB:96:20,-55
BLE,1704598580176926892,D3:F4:55:AB:96:20,-52
BLE,1704598580368315172,D3:F4:55:AB:96:20,-70
BLE,1704598581144926854,D3:F4:55:AB:96:20,-63
BLE,1704598581524034920,D3:F4:55:AB:96:20,-68
BLE,1704598581884213068,DF:DF:EE:00:00:04,-40
BLE,1704598582105013503,D3:F4:55:AB:96:20,-70
BLE,1704598582427070401,DF:DF:EE:00:00:04,-39
BLE,1704598582483485869,D3:F4:55:AB:96:20,-55
BLE,1704598582890503402,DF:DF:EE:00:00:04,-53
BLE,1704598583061570949,D3:F4:55:AB:96:20,-67
BLE,1704598583254993952,D3:F4:55:AB:96:20,-52
BLE,1704598583449739188,D3:F4:55:AB:96:20,-55
BLE,1704598583534159288,DF:A6:DC:DC:2E:81,-58
BLE,1704598583534214745,DF:DF:EE:00:00:01,-58
BLE,1704598583834896382,D3:F4:55:AB:96:20,-69
BLE,1704598584030030571,D3:F4:55:AB:96:20,-53
BLE,1704598584225949500,D3:F4:55:AB:96:20,-52
BLE,1704598584413723285,D3:F4:55:AB:96:20,-67
BLE,1704598584606144010,D3:F4:55:AB:96:20,-52
BLE,1704598584692723540,DF:DF:EE:00:00:04,-67
BLE,1704598584694206354,DF:DF:EE:00:00:04,-39
BLE,1704598584796326764,D3:F4:55:AB:96:20,-52
BLE,1704598585152888376,DF:DF:EE:00:00:04,-39
BLE,1704598585186726057,D3:F4:55:AB:96:20,-55
BLE,1704598585378261584,D3:F4:55:AB:96:20,-53
BLE,1704598585572934363,D3:F4:55:AB:96:20,-52
BLE,1704598585764783928,D3:F4:55:AB:96:20,-67
BLE,1704598586078428937,DF:A6:DC:DC:2E:81,-58
BLE,1704598586078488227,DF:DF:EE:00:00:01,-58
BLE,1704598586159228918,D3:F4:55:AB:96:20,-52
BLE,1704598586355129930,D3:F4:55:AB:96:20,-70
BLE,1704598586429674618,DF:DF:EE:00:00:04,-55
BLE,1704598586932028317,D3:F4:55:AB:96:20,-66
BLE,1704598587122421734,D3:F4:55:AB:96:20,-55
BLE,1704598587313437602,D3:F4:55:AB:96:20,-54
BLE,1704598587503450192,D3:F4:55:AB:96:20,-70
BLE,1704598587694576642,D3:F4:55:AB:96:20,-53
BLE,1704598587883695243,D3:F4:55:AB:96:20,-70
BLE,1704598588619551376,DF:A6:DC:DC:2E:81,-58
BLE,1704598588619611834,DF:DF:EE:00:00:01,-58
BLE,1704598588988349953,DF:DF:EE:00:00:04,-65
BLE,1704598589227319108,D3:F4:55:AB:96:20,-52
BLE,1704598589527109798,DF:DF:EE:00:00:04,-53
BLE,1704598589797432167,D3:F4:55:AB:96:20,-55
BLE,1704598589993542593,D3:F4:55:AB:96:20,-52
BLE,1704598590185909860,D3:F4:55:AB:96:20,-52
BLE,1704598590373249943,D3:F4:55:AB:96:20,-52
BLE,1704598590571197845,D3:F4:55:AB:96:20,-52
BLE,1704598590758607177,D3:F4:55:AB:96:20,-67
BLE,1704598590998117075,DF:DF:EE:00:00:04,-39
BLE,1704598591163501696,DF:A6:DC:DC:2E:81,-58
BLE,1704598591163552945,DF:DF:EE:00:00:01,-58
BLE,1704598591534636283,D3:F4:55:AB:96:20,-63
BLE,1704598591726693221,D3:F4:55:AB:96:20,-53
BLE,1704598591918449412,D3:F4:55:AB:96:20,-52
BLE,1704598592301898546,D3:F4:55:AB:96:20,-69
BLE,1704598592487468778,D3:F4:55:AB:96:20,-52
BLE,1704598592683394123,D3:F4:55:AB:96:20,-68
BLE,1704598592986784474,DF:DF:EE:00:00:04,-50
BLE,1704598593066022767,D3:F4:55:AB:96:20,-53
BLE,1704598593261857156,D3:F4:55:AB:96:20,-55
BLE,1704598593455673820,D3:F4:55:AB:96:20,-53
BLE,1704598593530575462,DF:DF:EE:00:00:04,-47
BLE,1704598593839719738,D3:F4:55:AB:96:20,-66
BLE,1704598593990608757,DF:DF:EE:00:00:04,-55
BLE,1704598594222395799,D3:F4:55:AB:96:20,-52
BLE,1704598594419987830,D3:F4:55:AB:96:20,-69
BLE,1704598594809323137,D3:F4:55:AB:96:20,-63
BLE,1704598595004336494,D3:F4:55:AB:96:20,-68
BLE,1704598595031866800,DF:DF:EE:00:00:04,-36
BLE,1704598595192815062,D3:F4:55:AB:96:20,-52
BLE,1704598595194330792,D3:F4:55:AB:96:20,-55
BLE,1704598595491842096,DF:DF:EE:00:00:04,-54
BLE,1704598595778021715,D3:F4:55:AB:96:20,-53
BLE,1704598596029919867,DF:DF:EE:00:00:04,-53
BLE,1704598596166835278,D3:F4:55:AB:96:20,-70
BLE,1704598596494704475,DF:DF:EE:00:00:04,-34
BLE,1704598596743590750,D3:F4:55:AB:96:20,-67
BLE,1704598596934743950,D3:F4:55:AB:96:20,-52
BLE,1704598597124959411,D3:F4:55:AB:96:20,-53
BLE,1704598597508608085,D3:F4:55:AB:96:20,-52
BLE,1704598597528807194,DF:A6:DC:DC:2E:81,-58
BLE,1704598597528852194,DF:DF:EE:00:00:01,-58
BLE,1704598597703516943,D3:F4:55:AB:96:20,-53
BLE,1704598597894335480,D3:F4:55:AB:96:20,-69
BLE,1704598598278642936,D3:F4:55:AB:96:20,-69
BLE,1704598598470185214,D3:F4:55:AB:96:20,-52
BLE,1704598598661316705,D3:F4:55:AB:96:20,-55
BLE,1704598599042895739,D3:F4:55:AB:96:20,-55
BLE,1704598599055111579,DF:DF:EE:00:00:04,-40
BLE,1704598599234292894,D3:F4:55:AB:96:20,-69
BLE,1704598599420655031,D3:F4:55:AB:96:20,-52
BLE,1704598599612826259,D3:F4:55:AB:96:20,-52
BLE,1704598599799860554,D3:F4:55:AB:96:20,-52
BLE,1704598599999234646,D3:F4:55:AB:96:20,-52
BLE,1704598600195028826,D3:F4:55:AB:96:20,-70
BLE,1704598600324976495,DF:DF:EE:00:00:04,-36
BLE,1704598600389213652,D3:F4:55:AB:96:20,-57
BLE,1704598600585305787,D3:F4:55:AB:96:20,-68
BLE,1704598600775069088,D3:F4:55:AB:96:20,-55
BLE,1704598600970686729,D3:F4:55:AB:96:20,-52
BLE,1704598601353935699,D3:F4:55:AB:96:20,-52
BLE,1704598601547323994,D3:F4:55:AB:96:20,-63
BLE,1704598601738831355,D3:F4:55:AB:96:20,-52
BLE,1704598602122423821,D3:F4:55:AB:96:20,-67
BLE,1704598602316384775,D3:F4:55:AB:96:20,-52
BLE,1704598602507503808,D3:F4:55:AB:96:20,-70
BLE,1704598602700698773,D3:F4:55:AB:96:20,-69
BLE,1704598602872868846,DF:DF:EE:00:00:04,-54
BLE,1704598602893716031,D3:F4:55:AB:96:20,-55
BLE,1704598603279608966,D3:F4:55:AB:96:20,-52
BLE,1704598603471596072,D3:F4:55:AB:96:20,-53
BLE,1704598603664863577,D3:F4:55:AB:96:20,-69
BLE,1704598603853200855,D3:F4:55:AB:96:20,-53
BLE,1704598603875456021,DF:DF:EE:00:00:04,-34
BLE,1704598603899772618,DF:A6:DC:DC:2E:81,-72
BLE,1704598603899823909,DF:DF:EE:00:00:01,-72
BLE,1704598604047337557,D3:F4:55:AB:96:20,-69
BLE,1704598604237254106,D3:F4:55:AB:96:20,-52
BLE,1704598604427952561,D3:F4:55:AB:96:20,-52
BLE,1704598604623579577,D3:F4:55:AB:96:20,-70
BLE,1704598605146963666,DF:DF:EE:00:00:04,-40
BLE,1704598605203371551,D3:F4:55:AB:96:20,-52
BLE,1704598605394636790,D3:F4:55:AB:96:20,-52
BLE,1704598605969384747,D3:F4:55:AB:96:20,-66
BLE,1704598606353231501,D3:F4:55:AB:96:20,-66
BLE,1704598606414454905,DF:DF:EE:00:00:04,-51
BLE,1704598606543665876,D3:F4:55:AB:96:20,-52
BLE,1704598606731178124,D3:F4:55:AB:96:20,-52
BLE,1704598606957602110,DF:DF:EE:00:00:04,-35
BLE,1704598607117136016,D3:F4:55:AB:96:20,-57
BLE,1704598607314725381,D3:F4:55:AB:96:20,-52
BLE,1704598607418147482,DF:DF:EE:00:00:04,-53
BLE,1704598607509830487,D3:F4:55:AB:96:20,-69
BLE,1704598607884846274,D3:F4:55:AB:96:20,-55
BLE,1704598607956881036,DF:DF:EE:00:00:04,-53
BLE,1704598608270794333,D3:F4:55:AB:96:20,-55
BLE,1704598608422019807,DF:DF:EE:00:00:04,-35
BLE,1704598608465089158,D3:F4:55:AB:96:20,-66
BLE,1704598608860430386,D3:F4:55:AB:96:20,-53
BLE,1704598609004508412,DF:A6:DC:DC:2E:81,-59
BLE,1704598609004563286,DF:DF:EE:00:00:01,-59
BLE,1704598609052731237,D3:F4:55:AB:96:20,-52
BLE,1704598609244076934,D3:F4:55:AB:96:20,-52
BLE,1704598609440691353,D3:F4:55:AB:96:20,-55
BLE,1704598610018344939,D3:F4:55:AB:96:20,-52
BLE,1704598610213612376,D3:F4:55:AB:96:20,-53
BLE,1704598610232012176,DF:DF:EE:00:00:04,-40
BLE,1704598610401065540,D3:F4:55:AB:96:20,-52
BLE,1704598610589895645,D3:F4:55:AB:96:20,-70
BLE,1704598610698394680,DF:DF:EE:00:00:04,-54
BLE,1704598610782505326,D3:F4:55:AB:96:20,-66
BLE,1704598611163694531,D3:F4:55:AB:96:20,-52
BLE,1704598611353269376,D3:F4:55:AB:96:20,-55
BLE,1704598611543200883,D3:F4:55:AB:96:20,-52
BLE,1704598611546236885,DF:A6:DC:DC:2E:81,-59
BLE,1704598611546266260,DF:DF:EE:00:00:01,-59
BLE,1704598611698369930,DF:DF:EE:00:00:04,-56
BLE,1704598611729645561,D3:F4:55:AB:96:20,-52
BLE,1704598612123197813,D3:F4:55:AB:96:20,-69
BLE,1704598612315530247,D3:F4:55:AB:96:20,-66
BLE,1704598612317054102,D3:F4:55:AB:96:20,-69
BLE,1704598612510306690,D3:F4:55:AB:96:20,-68
BLE,1704598612694989600,DF:DF:EE:00:00:04,-35
BLE,1704598612707309563,D3:F4:55:AB:96:20,-69
BLE,1704598612903248533,D3:F4:55:AB:96:20,-56
BLE,1704598613285824554,D3:F4:55:AB:96:20,-56
BLE,1704598613476129056,D3:F4:55:AB:96:20,-53
BLE,1704598613668971108,D3:F4:55:AB:96:20,-70
BLE,1704598613963504284,DF:DF:EE:00:00:04,-53
BLE,1704598614047242810,D3:F4:55:AB:96:20,-52
BLE,1704598614092114055,DF:A6:DC:DC:2E:81,-72
BLE,1704598614092144762,DF:DF:EE:00:00:01,-72
BLE,1704598614238421009,D3:F4:55:AB:96:20,-53
BLE,1704598614429275838,D3:F4:55:AB:96:20,-52
BLE,1704598614621412858,D3:F4:55:AB:96:20,-70
BLE,1704598614810933995,D3:F4:55:AB:96:20,-52
BLE,1704598615006537386,D3:F4:55:AB:96:20,-52
BLE,1704598615195752278,D3:F4:55:AB:96:20,-52
BLE,1704598615239104251,DF:DF:EE:00:00:04,-50
BLE,1704598615386561523,D3:F4:55:AB:96:20,-69
BLE,1704598615580993763,D3:F4:55:AB:96:20,-55
BLE,1704598616161172732,D3:F4:55:AB:96:20,-57
BLE,1704598616350669828,D3:F4:55:AB:96:20,-70
BLE,1704598616513430817,DF:DF:EE:00:00:04,-39
BLE,1704598616540063134,D3:F4:55:AB:96:20,-52
BLE,1704598616729496856,D3:F4:55:AB:96:20,-55
BLE,1704598617118208588,D3:F4:55:AB:96:20,-52
BLE,1704598617305134759,D3:F4:55:AB:96:20,-53
BLE,1704598617504902387,D3:F4:55:AB:96:20,-69
BLE,1704598617783266026,DF:DF:EE:00:00:04,-51
BLE,1704598617784691674,DF:DF:EE:00:00:04,-52
BLE,1704598617892118639,D3:F4:55:AB:96:20,-52
BLE,1704598618082562139,D3:F4:55:AB:96:20,-70
BLE,1704598618467469879,D3:F4:55:AB:96:20,-74
BLE,1704598618845261170,D3:F4:55:AB:96:20,-55
BLE,1704598619035154011,D3:F4:55:AB:96:20,-69
BLE,1704598619223110336,D3:F4:55:AB:96:20,-65
BLE,1704598619414068122,D3:F4:55:AB:96:20,-53
BLE,1704598619600303802,D3:F4:55:AB:96:20,-66
BLE,1704598619799931807,D3:F4:55:AB:96:20,-66
BLE,1704598619986053656,D3:F4:55:AB:96:20,-52
BLE,1704598620183437316,D3:F4:55:AB:96:20,-69
BLE,1704598620337159715,DF:DF:EE:00:00:04,-39
BLE,1704598620375122341,D3:F4:55:AB:96:20,-70
BLE,1704598620459385319,DF:A6:DC:DC:2E:81,-58
BLE,1704598620459438818,DF:DF:EE:00:00:01,-58
BLE,1704598620564297067,D3:F4:55:AB:96:20,-58
BLE,1704598620759056052,D3:F4:55:AB:96:20,-55
BLE,1704598621142005693,D3:F4:55:AB:96:20,-55
BLE,1704598621527591674,D3:F4:55:AB:96:20,-52
BLE,1704598621611677445,DF:DF:EE:00:00:04,-54
BLE,1704598621715930743,D3:F4:55:AB:96:20,-52
BLE,1704598621909726033,D3:F4:55:AB:96:20,-52
BLE,1704598622102105633,D3:F4:55:AB:96:20,-67
BLE,1704598622292970170,D3:F4:55:AB:96:20,-52
BLE,1704598622482644722,D3:F4:55:AB:96:20,-67
BLE,1704598622671262955,D3:F4:55:AB:96:20,-55
BLE,1704598622863830678,D3:F4:55:AB:96:20,-52
BLE,1704598622881489404,DF:DF:EE:00:00:04,-40
BLE,1704598623057961755,D3:F4:55:AB:96:20,-52
BLE,1704598623248221174,D3:F4:55:AB:96:20,-52
BLE,1704598623440761897,D3:F4:55:AB:96:20,-53
BLE,1704598623631319771,D3:F4:55:AB:96:20,-52
BLE,1704598623826647624,D3:F4:55:AB:96:20,-69
BLE,1704598624021877145,D3:F4:55:AB:96:20,-55
BLE,1704598624149065809,DF:DF:EE:00:00:04,-35
BLE,1704598624217103624,D3:F4:55:AB:96:20,-52
BLE,1704598624405875480,D3:F4:55:AB:96:20,-69
BLE,1704598624407199463,D3:F4:55:AB:96:20,-68
BLE,1704598624695957006,DF:DF:EE:00:00:04,-53
BLE,1704598624784811257,D3:F4:55:AB:96:20,-56
BLE,1704598624978764961,D3:F4:55:AB:96:20,-66
BLE,1704598625151593901,DF:DF:EE:00:00:04,-39
BLE,1704598625169434917,D3:F4:55:AB:96:20,-55
BLE,1704598625556115509,D3:F4:55:AB:96:20,-52
BLE,1704598625751933814,D3:F4:55:AB:96:20,-55
BLE,1704598625941373661,D3:F4:55:AB:96:20,-52
BLE,1704598626129051906,D3:F4:55:AB:96:20,-66
BLE,1704598626321539963,D3:F4:55:AB:96:20,-52
BLE,1704598626432302384,DF:DF:EE:00:00:04,-39
BLE,1704598626507818101,D3:F4:55:AB:96:20,-53
BLE,1704598626707626354,D3:F4:55:AB:96:20,-69
BLE,1704598626892905922,D3:F4:55:AB:96:20,-53
BLE,1704598627089120430,D3:F4:55:AB:96:20,-53
BLE,1704598627281385281,D3:F4:55:AB:96:20,-70
BLE,1704598627667944083,D3:F4:55:AB:96:20,-55
BLE,1704598627700527530,DF:DF:EE:00:00:04,-51
BLE,1704598627857820049,D3:F4:55:AB:96:20,-53
BLE,1704598628244439183,D3:F4:55:AB:96:20,-53
BLE,1704598628978323093,DF:DF:EE:00:00:04,-55
BLE,1704598629013003429,D3:F4:55:AB:96:20,-55
BLE,1704598629399242443,D3:F4:55:AB:96:20,-70
BLE,1704598629592353700,D3:F4:55:AB:96:20,-52
BLE,1704598629785424791,D3:F4:55:AB:96:20,-52
BLE,1704598629976690031,DF:DF:EE:00:00:04,-50
BLE,1704598630164043031,D3:F4:55:AB:96:20,-70
BLE,1704598630359044180,D3:F4:55:AB:96:20,-52
BLE,1704598630554104328,D3:F4:55:AB:96:20,-53
BLE,1704598630746419345,D3:F4:55:AB:96:20,-55
BLE,1704598631125355414,D3:F4:55:AB:96:20,-52
BLE,1704598631317891387,D3:F4:55:AB:96:20,-68
BLE,1704598631707683937,D3:F4:55:AB:96:20,-52
BLE,1704598631902982707,D3:F4:55:AB:96:20,-69
BLE,1704598631975501922,DF:DF:EE:00:00:04,-51
BLE,1704598632089942045,D3:F4:55:AB:96:20,-65
BLE,1704598632280807957,D3:F4:55:AB:96:20,-55
BLE,1704598632282345812,D3:F4:55:AB:96:20,-53
BLE,1704598632516522530,DF:DF:EE:00:00:04,-35
BLE,1704598632659864107,D3:F4:55:AB:96:20,-56
BLE,1704598632855334708,D3:F4:55:AB:96:20,-52
BLE,1704598632975357674,DF:DF:EE:00:00:04,-53
BLE,1704598633045026843,D3:F4:55:AB:96:20,-70
BLE,1704598633237251987,D3:F4:55:AB:96:20,-52
BLE,1704598633435522218,D3:F4:55:AB:96:20,-52
BLE,1704598633516135743,DF:DF:EE:00:00:04,-52
BLE,1704598633820631205,D3:F4:55:AB:96:20,-66
BLE,1704598634204281628,D3:F4:55:AB:96:20,-52
BLE,1704598634399293027,D3:F4:55:AB:96:20,-52
BLE,1704598634585903036,D3:F4:55:AB:96:20,-52
BLE,1704598634784368015,D3:F4:55:AB:96:20,-68
BLE,1704598634971317478,D3:F4:55:AB:96:20,-53
BLE,1704598635167423529,D3:F4:55:AB:96:20,-52
BLE,1704598635252852033,DF:DF:EE:00:00:04,-39
BLE,1704598635362099974,D3:F4:55:AB:96:20,-71
BLE,1704598635557370994,D3:F4:55:AB:96:20,-66
BLE,1704598635714473807,DF:A6:DC:DC:2E:81,-59
BLE,1704598635714527390,DF:DF:EE:00:00:01,-59
BLE,1704598635748018867,D3:F4:55:AB:96:20,-52
BLE,1704598636133267894,D3:F4:55:AB:96:20,-69
BLE,1704598636319171662,D3:F4:55:AB:96:20,-52
BLE,1704598636513711234,D3:F4:55:AB:96:20,-52
BLE,1704598636709007838,D3:F4:55:AB:96:20,-55
BLE,1704598636905131263,D3:F4:55:AB:96:20,-52
BLE,1704598637100470616,D3:F4:55:AB:96:20,-68
BLE,1704598637286770880,D3:F4:55:AB:96:20,-67
BLE,1704598637486071514,D3:F4:55:AB:96:20,-52
BLE,1704598637523082570,DF:DF:EE:00:00:04,-66
BLE,1704598637672422110,D3:F4:55:AB:96:20,-52
BLE,1704598638059241658,D3:F4:55:AB:96:20,-55
BLE,1704598638065920320,DF:DF:EE:00:00:04,-55
BLE,1704598638253752438,D3:F4:55:AB:96:20,-52
BLE,1704598638256760690,DF:A6:DC:DC:2E:81,-58
BLE,1704598638256789232,DF:DF:EE:00:00:01,-58
BLE,1704598638443963692,D3:F4:55:AB:96:20,-69
BLE,1704598638526651773,DF:DF:EE:00:00:04,-51
BLE,1704598638640370614,D3:F4:55:AB:96:20,-67
BLE,1704598638832615591,D3:F4:55:AB:96:20,-69
BLE,1704598639027550574,D3:F4:55:AB:96:20,-70
BLE,1704598639062787361,DF:DF:EE:00:00:04,-34
BLE,1704598639221378197,D3:F4:55:AB:96:20,-52
BLE,1704598639411791156,D3:F4:55:AB:96:20,-69
BLE,1704598639529191990,DF:DF:EE:00:00:04,-40
BLE,1704598639603601805,D3:F4:55:AB:96:20,-52
BLE,1704598639797881797,D3:F4:55:AB:96:20,-52
BLE,1704598639989749487,D3:F4:55:AB:96:20,-52
BLE,1704598640178463635,D3:F4:55:AB:96:20,-71
BLE,1704598640368332226,D3:F4:55:AB:96:20,-52
BLE,1704598640567463571,D3:F4:55:AB:96:20,-69
BLE,1704598640758243151,D3:F4:55:AB:96:20,-70
BLE,1704598640796233069,DF:A6:DC:DC:2E:81,-59
BLE,1704598640796271943,DF:DF:EE:00:00:01,-59
BLE,1704598640803098229,DF:DF:EE:00:00:04,-53
BLE,1704598640949332184,D3:F4:55:AB:96:20,-52
BLE,1704598641140820963,D3:F4:55:AB:96:20,-70
BLE,1704598641336958222,D3:F4:55:AB:96:20,-52
BLE,1704598641531459377,D3:F4:55:AB:96:20,-52
BLE,1704598641727738051,D3:F4:55:AB:96:20,-56
BLE,1704598641920519688,D3:F4:55:AB:96:20,-66
BLE,1704598642118791252,D3:F4:55:AB:96:20,-69
BLE,1704598642310368863,D3:F4:55:AB:96:20,-55
BLE,1704598642696321839,D3:F4:55:AB:96:20,-70
BLE,1704598642891595526,D3:F4:55:AB:96:20,-66
BLE,1704598643083057805,D3:F4:55:AB:96:20,-53
BLE,1704598643274272962,D3:F4:55:AB:96:20,-52
BLE,1704598643348919315,DF:DF:EE:00:00:04,-48
BLE,1704598643466728936,D3:F4:55:AB:96:20,-52
BLE,1704598643656798316,D3:F4:55:AB:96:20,-52
BLE,1704598643851029142,D3:F4:55:AB:96:20,-52
BLE,1704598644037234448,D3:F4:55:AB:96:20,-52
BLE,1704598644232310513,D3:F4:55:AB:96:20,-52
BLE,1704598644426956958,D3:F4:55:AB:96:20,-55
BLE,1704598644623845624,DF:DF:EE:00:00:04,-50
BLE,1704598644810168887,D3:F4:55:AB:96:20,-55
BLE,1704598645006175981,D3:F4:55:AB:96:20,-66
BLE,1704598645203973676,D3:F4:55:AB:96:20,-52
BLE,1704598645390783891,D3:F4:55:AB:96:20,-52
BLE,1704598645583296406,D3:F4:55:AB:96:20,-52
BLE,1704598645768867221,D3:F4:55:AB:96:20,-66
BLE,1704598645900331495,DF:DF:EE:00:00:04,-55
BLE,1704598645959239805,D3:F4:55:AB:96:20,-55
BLE,1704598646339019446,D3:F4:55:AB:96:20,-70
BLE,1704598646440477156,DF:DF:EE:00:00:04,-40
BLE,1704598646534533380,D3:F4:55:AB:96:20,-53
BLE,1704598646731096091,D3:F4:55:AB:96:20,-52
BLE,1704598646895497642,DF:DF:EE:00:00:04,-34
BLE,1704598646921286804,D3:F4:55:AB:96:20,-66
BLE,1704598647114496934,D3:F4:55:AB:96:20,-52
BLE,1704598647167572113,DF:A6:DC:DC:2E:81,-58
BLE,1704598647167626654,DF:DF:EE:00:00:01,-58
BLE,1704598647308490555,D3:F4:55:AB:96:20,-70
BLE,1704598647500472660,D3:F4:55:AB:96:20,-53
BLE,1704598647693493335,D3:F4:55:AB:96:20,-55
BLE,1704598647695069273,D3:F4:55:AB:96:20,-52
BLE,1704598647883146429,D3:F4:55:AB:96:20,-67
BLE,1704598648072499069,D3:F4:55:AB:96:20,-70
BLE,1704598648268267375,D3:F4:55:AB:96:20,-52
BLE,1704598648444992805,DF:A6:DC:DC:2E:81,-74
BLE,1704598648445028471,DF:DF:EE:00:00:01,-74
BLE,1704598648458772749,D3:F4:55:AB:96:20,-70
BLE,1704598648711620306,DF:DF:EE:00:00:04,-41
BLE,1704598648846033542,D3:F4:55:AB:96:20,-52
BLE,1704598649031970143,D3:F4:55:AB:96:20,-66
BLE,1704598649170817862,DF:DF:EE:00:00:04,-50
BLE,1704598649225860307,D3:F4:55:AB:96:20,-53
BLE,1704598649600462015,D3:F4:55:AB:96:20,-70
BLE,1704598649792898906,D3:F4:55:AB:96:20,-66
BLE,1704598649980660983,D3:F4:55:AB:96:20,-53
BLE,1704598650171715726,DF:DF:EE:00:00:04,-55
BLE,1704598650172988667,D3:F4:55:AB:96:20,-69
BLE,1704598650558238861,D3:F4:55:AB:96:20,-52
BLE,1704598650713190036,DF:DF:EE:00:00:04,-39
BLE,1704598650748214451,D3:F4:55:AB:96:20,-69
BLE,1704598651170964694,DF:DF:EE:00:00:04,-35
BLE,1704598651322335624,D3:F4:55:AB:96:20,-53
BLE,1704598651516735531,D3:F4:55:AB:96:20,-70
BLE,1704598651709080382,D3:F4:55:AB:96:20,-53
BLE,1704598651908662720,D3:F4:55:AB:96:20,-52
BLE,1704598652490955078,D3:F4:55:AB:96:20,-52
BLE,1704598652684464330,D3:F4:55:AB:96:20,-55
BLE,1704598653066527399,D3:F4:55:AB:96:20,-55
BLE,1704598653451282807,D3:F4:55:AB:96:20,-70
BLE,1704598653726688609,DF:DF:EE:00:00:04,-40
BLE,1704598653830201501,D3:F4:55:AB:96:20,-69
BLE,1704598654020772249,D3:F4:55:AB:96:20,-53
BLE,1704598654214524248,D3:F4:55:AB:96:20,-54
BLE,1704598654259965860,DF:DF:EE:00:00:04,-47
BLE,1704598654596916354,D3:F4:55:AB:96:20,-55
BLE,1704598654722576413,DF:DF:EE:00:00:04,-22
BLE,1704598654786493741,D3:F4:55:AB:96:20,-52
BLE,1704598654981760428,D3:F4:55:AB:96:20,-55
BLE,1704598655170969903,D3:F4:55:AB:96:20,-68
BLE,1704598655358554733,D3:F4:55:AB:96:20,-52
BLE,1704598655750821626,D3:F4:55:AB:96:20,-69
BLE,1704598655995250585,DF:DF:EE:00:00:04,-54
BLE,1704598656126150158,D3:F4:55:AB:96:20,-56
BLE,1704598656516579117,D3:F4:55:AB:96:20,-52
BLE,1704598656533133150,DF:DF:EE:00:00:04,-53
BLE,1704598656709153882,D3:F4:55:AB:96:20,-67
BLE,1704598656905326015,D3:F4:55:AB:96:20,-52
BLE,1704598657096994250,D3:F4:55:AB:96:20,-55
BLE,1704598657292739805,D3:F4:55:AB:96:20,-52
BLE,1704598657485310153,D3:F4:55:AB:96:20,-69
BLE,1704598657536935892,DF:DF:EE:00:00:04,-35
BLE,1704598657675199661,D3:F4:55:AB:96:20,-52
BLE,1704598657871381128,D3:F4:55:AB:96:20,-52
BLE,1704598657993619648,DF:DF:EE:00:00:04,-48
BLE,1704598658065871117,D3:F4:55:AB:96:20,-55
BLE,1704598658441092400,D3:F4:55:AB:96:20,-52
BLE,1704598658535507286,DF:DF:EE:00:00:04,-54
BLE,1704598658825659895,D3:F4:55:AB:96:20,-55
BLE,1704598658994894798,DF:DF:EE:00:00:04,-56
BLE,1704598659016892843,D3:F4:55:AB:96:20,-52
BLE,1704598659593105822,D3:F4:55:AB:96:20,-55
BLE,1704598659782957955,D3:F4:55:AB:96:20,-69
BLE,1704598659898289317,DF:A6:DC:DC:2E:81,-69
BLE,1704598659898344649,DF:DF:EE:00:00:01,-69
BLE,1704598659975190932,D3:F4:55:AB:96:20,-55
BLE,1704598659998317295,DF:DF:EE:00:00:04,-53
BLE,1704598660170581868,D3:F4:55:AB:96:20,-53
BLE,1704598660368474020,D3:F4:55:AB:96:20,-52
BLE,1704598660537416345,DF:DF:EE:00:00:04,-54
BLE,1704598660555655439,D3:F4:55:AB:96:20,-52
BLE,1704598660749754058,D3:F4:55:AB:96:20,-52
BLE,1704598660936571398,D3:F4:55:AB:96:20,-52
BLE,1704598661000821596,DF:DF:EE:00:00:04,-36
BLE,1704598661129814820,D3:F4:55:AB:96:20,-52
BLE,1704598661325765998,D3:F4:55:AB:96:20,-55
BLE,1704598661712776960,D3:F4:55:AB:96:20,-52
BLE,1704598661908702014,D3:F4:55:AB:96:20,-55
BLE,1704598662265288750,DF:DF:EE:00:00:04,-35
BLE,1704598662293187884,D3:F4:55:AB:96:20,-55
BLE,1704598662671539543,D3:F4:55:AB:96:20,-66
BLE,1704598662810010184,DF:DF:EE:00:00:04,-53
BLE,1704598663064963838,D3:F4:55:AB:96:20,-52
BLE,1704598663258508131,D3:F4:55:AB:96:20,-70
BLE,1704598663268756997,DF:DF:EE:00:00:04,-40
BLE,1704598663449736621,D3:F4:55:AB:96:20,-69
BLE,1704598663644067779,D3:F4:55:AB:96:20,-55
BLE,1704598663724725762,DF:A6:DC:DC:2E:81,-59
BLE,1704598663724758303,DF:DF:EE:00:00:01,-59
BLE,1704598663839241342,D3:F4:55:AB:96:20,-66
BLE,1704598664036197841,D3:F4:55:AB:96:20,-52
BLE,1704598664222214733,D3:F4:55:AB:96:20,-67
BLE,1704598664416222645,D3:F4:55:AB:96:20,-52
BLE,1704598664543867094,DF:DF:EE:00:00:04,-52
BLE,1704598664604634088,D3:F4:55:AB:96:20,-67
BLE,1704598664799388616,D3:F4:55:AB:96:20,-52
BLE,1704598664984805224,D3:F4:55:AB:96:20,-53
BLE,1704598665182493046,D3:F4:55:AB:96:20,-69
BLE,1704598665373363957,D3:F4:55:AB:96:20,-55
BLE,1704598665543472433,DF:DF:EE:00:00:04,-55
BLE,1704598665753593717,D3:F4:55:AB:96:20,-66
BLE,1704598666142979356,D3:F4:55:AB:96:20,-55
BLE,1704598666266700691,DF:A6:DC:DC:2E:81,-58
BLE,1704598666266755148,DF:DF:EE:00:00:01,-58
BLE,1704598666523295365,D3:F4:55:AB:96:20,-70
BLE,1704598666907037495,D3:F4:55:AB:96:20,-56
BLE,1704598667100847826,D3:F4:55:AB:96:20,-52
BLE,1704598667496563757,D3:F4:55:AB:96:20,-69
BLE,1704598667683228141,D3:F4:55:AB:96:20,-53
BLE,1704598667880020016,D3:F4:55:AB:96:20,-52
BLE,1704598668075125789,D3:F4:55:AB:96:20,-69
BLE,1704598668268062257,D3:F4:55:AB:96:20,-52
BLE,1704598668464493387,D3:F4:55:AB:96:20,-52
BLE,1704598668655755585,D3:F4:55:AB:96:20,-67
BLE,1704598668808049253,DF:A6:DC:DC:2E:81,-58
BLE,1704598668808103835,DF:DF:EE:00:00:01,-58
BLE,1704598669037944985,D3:F4:55:AB:96:20,-53
BLE,1704598669088787860,DF:DF:EE:00:00:04,-53
BLE,1704598669228581650,D3:F4:55:AB:96:20,-69
BLE,1704598669418489283,D3:F4:55:AB:96:20,-52
BLE,1704598669608038128,D3:F4:55:AB:96:20,-55
BLE,1704598669799146787,D3:F4:55:AB:96:20,-66
BLE,1704598669992969201,D3:F4:55:AB:96:20,-69
BLE,1704598670094732157,DF:DF:EE:00:00:04,-36
BLE,1704598670371010614,D3:F4:55:AB:96:20,-70
BLE,1704598670628191114,DF:DF:EE:00:00:04,-40
BLE,1704598670760401420,D3:F4:55:AB:96:20,-69
BLE,1704598670953610843,D3:F4:55:AB:96:20,-55
BLE,1704598671144595628,D3:F4:55:AB:96:20,-69
BLE,1704598671331066264,D3:F4:55:AB:96:20,-52
BLE,1704598671632144646,DF:DF:EE:00:00:04,-54
BLE,1704598671718054518,D3:F4:55:AB:96:20,-61
BLE,1704598671908077357,D3:F4:55:AB:96:20,-52
BLE,1704598672095773727,DF:DF:EE:00:00:04,-34
BLE,1704598672288765569,D3:F4:55:AB:96:20,-52
BLE,1704598672477311803,D3:F4:55:AB:96:20,-67
BLE,1704598672673382938,D3:F4:55:AB:96:20,-52
BLE,1704598672864173475,D3:F4:55:AB:96:20,-53
BLE,1704598673056774073,D3:F4:55:AB:96:20,-69
BLE,1704598673088099120,DF:DF:EE:00:00:04,-35
BLE,1704598673251257770,D3:F4:55:AB:96:20,-55
BLE,1704598673439958168,D3:F4:55:AB:96:20,-52
BLE,1704598673631090618,D3:F4:55:AB:96:20,-55
BLE,1704598674021800490,D3:F4:55:AB:96:20,-89
BLE,1704598674215629071,D3:F4:55:AB:96:20,-70
BLE,1704598674362799765,DF:DF:EE:00:00:04,-55
BLE,1704598674593654693,D3:F4:55:AB:96:20,-52
BLE,1704598674989575913,D3:F4:55:AB:96:20,-63
BLE,1704598675361034871,DF:DF:EE:00:00:04,-35
BLE,1704598675364242371,D3:F4:55:AB:96:20,-55
BLE,1704598675559750263,D3:F4:55:AB:96:20,-53
BLE,1704598676334387388,D3:F4:55:AB:96:20,-55
BLE,1704598676526145246,D3:F4:55:AB:96:20,-66
BLE,1704598676641234611,DF:DF:EE:00:00:04,-35
BLE,1704598676718498513,D3:F4:55:AB:96:20,-55
BLE,1704598676908782016,D3:F4:55:AB:96:20,-67
BLE,1704598677101767858,D3:F4:55:AB:96:20,-55
BLE,1704598677103223672,D3:F4:55:AB:96:20,-52
BLE,1704598677294153041,D3:F4:55:AB:96:20,-52
BLE,1704598677485549696,D3:F4:55:AB:96:20,-52
BLE,1704598677633474296,DF:DF:EE:00:00:04,-35
BLE,1704598677677280721,D3:F4:55:AB:96:20,-52
BLE,1704598677872469243,D3:F4:55:AB:96:20,-52
BLE,1704598678456546410,D3:F4:55:AB:96:20,-52
BLE,1704598678646228504,D3:F4:55:AB:96:20,-67
BLE,1704598678839966128,D3:F4:55:AB:96:20,-52
BLE,1704598679030825456,D3:F4:55:AB:96:20,-69
BLE,1704598679453562824,DF:DF:EE:00:00:04,-51
BLE,1704598679801013806,D3:F4:55:AB:96:20,-55
BLE,1704598679912000641,DF:DF:EE:00:00:04,-53
BLE,1704598680179005553,D3:F4:55:AB:96:20,-55
BLE,1704598680564343204,D3:F4:55:AB:96:20,-70
BLE,1704598680753161601,D3:F4:55:AB:96:20,-52
BLE,1704598680948548703,D3:F4:55:AB:96:20,-69
BLE,1704598681190823315,DF:DF:EE:00:00:04,-53
BLE,1704598681329582202,D3:F4:55:AB:96:20,-55
BLE,1704598681522197716,DF:A6:DC:DC:2E:81,-59
BLE,1704598681522252590,DF:DF:EE:00:00:01,-59
BLE,1704598681525556547,D3:F4:55:AB:96:20,-66
BLE,1704598681716226336,D3:F4:55:AB:96:20,-53
BLE,1704598681906557588,D3:F4:55:AB:96:20,-52
BLE,1704598682301497488,D3:F4:55:AB:96:20,-69
BLE,1704598682493084931,D3:F4:55:AB:96:20,-52
BLE,1704598682885342950,D3:F4:55:AB:96:20,-63
BLE,1704598683011161382,DF:DF:EE:00:00:04,-35
BLE,1704598683074407052,D3:F4:55:AB:96:20,-53
BLE,1704598683265702082,D3:F4:55:AB:96:20,-55
BLE,1704598683460462276,D3:F4:55:AB:96:20,-66
BLE,1704598683465633000,DF:DF:EE:00:00:04,-53
BLE,1704598683848238895,D3:F4:55:AB:96:20,-70
BLE,1704598684042822383,D3:F4:55:AB:96:20,-53
BLE,1704598684231510823,D3:F4:55:AB:96:20,-55
BLE,1704598684995088385,D3:F4:55:AB:96:20,-69
BLE,1704598685189884661,D3:F4:55:AB:96:20,-52
BLE,1704598685346921600,DF:A6:DC:DC:2E:81,-58
BLE,1704598685346973266,DF:DF:EE:00:00:01,-58
BLE,1704598685580479952,D3:F4:55:AB:96:20,-69
BLE,1704598685963730380,D3:F4:55:AB:96:20,-55
BLE,1704598686157451879,D3:F4:55:AB:96:20,-67
BLE,1704598686347509093,D3:F4:55:AB:96:20,-55
BLE,1704598686564570202,DF:DF:EE:00:00:04,-34
BLE,1704598686728551758,D3:F4:55:AB:96:20,-55
BLE,1704598687020344179,DF:DF:EE:00:00:04,-52
BLE,1704598687118808511,D3:F4:55:AB:96:20,-52
BLE,1704598687307198497,D3:F4:55:AB:96:20,-66
BLE,1704598687501949691,D3:F4:55:AB:96:20,-53
BLE,1704598687691029751,D3:F4:55:AB:96:20,-52
BLE,1704598687886268939,D3:F4:55:AB:96:20,-69
BLE,1704598687888620033,DF:A6:DC:DC:2E:81,-72
BLE,1704598687888649741,DF:DF:EE:00:00:01,-72
BLE,1704598688025939855,DF:DF:EE:00:00:04,-51
BLE,1704598688082135618,D3:F4:55:AB:96:20,-70
BLE,1704598688083318936,D3:F4:55:AB:96:20,-68
BLE,1704598688458684884,D3:F4:55:AB:96:20,-55
BLE,1704598688650215787,D3:F4:55:AB:96:20,-52
BLE,1704598689029877304,D3:F4:55:AB:96:20,-69
BLE,1704598689298732692,DF:DF:EE:00:00:04,-40
BLE,1704598689606096616,D3:F4:55:AB:96:20,-55
BLE,1704598689831706447,DF:DF:EE:00:00:04,-53
BLE,1704598689993228243,D3:F4:55:AB:96:20,-60
BLE,1704598690380693825,D3:F4:55:AB:96:20,-68
BLE,1704598690832270606,DF:DF:EE:00:00:04,-40
BLE,1704598690961688366,D3:F4:55:AB:96:20,-70
BLE,1704598691157092135,D3:F4:55:AB:96:20,-52
BLE,1704598691298742151,DF:DF:EE:00:00:04,-54
BLE,1704598691739309660,D3:F4:55:AB:96:20,-52
BLE,1704598691836314178,DF:DF:EE:00:00:04,-53
BLE,1704598692292789271,DF:DF:EE:00:00:04,-40
BLE,1704598692319420504,D3:F4:55:AB:96:20,-53
BLE,1704598692511742522,D3:F4:55:AB:96:20,-55
BLE,1704598692704741572,D3:F4:55:AB:96:20,-66
BLE,1704598692894542873,D3:F4:55:AB:96:20,-56
BLE,1704598693293163099,DF:DF:EE:00:00:04,-36
BLE,1704598693470285400,D3:F4:55:AB:96:20,-52
BLE,1704598693838435318,DF:DF:EE:00:00:04,-52
BLE,1704598694235272276,D3:F4:55:AB:96:20,-52
BLE,1704598694297004299,DF:DF:EE:00:00:04,-40
BLE,1704598694432611728,D3:F4:55:AB:96:20,-52
BLE,1704598694830036678,DF:DF:EE:00:00:04,-53
BLE,1704598695198925503,D3:F4:55:AB:96:20,-69
BLE,1704598695330908813,DF:DF:EE:00:00:04,-55
BLE,1704598695587193407,D3:F4:55:AB:96:20,-52
BLE,1704598695783540205,D3:F4:55:AB:96:20,-69
BLE,1704598695790696278,DF:DF:EE:00:00:04,-21
BLE,1704598695976328258,D3:F4:55:AB:96:20,-70
BLE,1704598696357029345,D3:F4:55:AB:96:20,-70
BLE,1704598696548429666,D3:F4:55:AB:96:20,-52
BLE,1704598696743433857,D3:F4:55:AB:96:20,-70
BLE,1704598696799698202,DF:A6:DC:DC:2E:81,-72
BLE,1704598696799748993,DF:DF:EE:00:00:01,-72
BLE,1704598697076135490,DF:DF:EE:00:00:04,-53
BLE,1704598697128708175,D3:F4:55:AB:96:20,-52
BLE,1704598697707570328,D3:F4:55:AB:96:20,-55
BLE,1704598697899264520,D3:F4:55:AB:96:20,-52
BLE,1704598698088682201,D3:F4:55:AB:96:20,-55
BLE,1704598698660953440,D3:F4:55:AB:96:20,-52
BLE,1704598698850014083,D3:F4:55:AB:96:20,-53
BLE,1704598698888724034,DF:DF:EE:00:00:04,-66
BLE,1704598699353908720,DF:DF:EE:00:00:04,-53
BLE,1704598699425581988,D3:F4:55:AB:96:20,-52
BLE,1704598699619693232,D3:F4:55:AB:96:20,-60
BLE,1704598699814016264,D3:F4:55:AB:96:20,-53
BLE,1704598700005153256,D3:F4:55:AB:96:20,-69
BLE,1704598700196599868,D3:F4:55:AB:96:20,-53
BLE,1704598700388958302,D3:F4:55:AB:96:20,-55
BLE,1704598700580853325,D3:F4:55:AB:96:20,-67
BLE,1704598700624960371,DF:DF:EE:00:00:04,-35
BLE,1704598700775168858,D3:F4:55:AB:96:20,-51
BLE,1704598701157560297,D3:F4:55:AB:96:20,-69
BLE,1704598701166641220,DF:DF:EE:00:00:04,-35
BLE,1704598701540914183,D3:F4:55:AB:96:20,-69
BLE,1704598701726607537,D3:F4:55:AB:96:20,-53
BLE,1704598701923097750,D3:F4:55:AB:96:20,-69
BLE,1704598702111270572,D3:F4:55:AB:96:20,-66
BLE,1704598702631107832,DF:DF:EE:00:00:04,-34
BLE,1704598703168436530,DF:A6:DC:DC:2E:81,-72
BLE,1704598703168477946,DF:DF:EE:00:00:01,-72
BLE,1704598703278883205,D3:F4:55:AB:96:20,-53
BLE,1704598703476440071,D3:F4:55:AB:96:20,-52
BLE,1704598703665170177,D3:F4:55:AB:96:20,-68
BLE,1704598704169459100,DF:DF:EE:00:00:04,-38
BLE,1704598704241448655,D3:F4:55:AB:96:20,-52
BLE,1704598704816472900,D3:F4:55:AB:96:20,-54
BLE,1704598705008848167,D3:F4:55:AB:96:20,-52
BLE,1704598705201542679,D3:F4:55:AB:96:20,-61
BLE,1704598705588957428,D3:F4:55:AB:96:20,-68
BLE,1704598705624441129,DF:DF:EE:00:00:04,-35
BLE,1704598705963904048,D3:F4:55:AB:96:20,-70
BLE,1704598706152627238,D3:F4:55:AB:96:20,-52
BLE,1704598706338526882,D3:F4:55:AB:96:20,-52
BLE,1704598706725917464,D3:F4:55:AB:96:20,-52
BLE,1704598706906030475,DF:DF:EE:00:00:04,-51
BLE,1704598706919098512,D3:F4:55:AB:96:20,-52
BLE,1704598706992848710,DF:A6:DC:DC:2E:81,-59
BLE,1704598706992905251,DF:DF:EE:00:00:01,-59
BLE,1704598707106533010,D3:F4:55:AB:96:20,-67
BLE,1704598707300671337,D3:F4:55:AB:96:20,-69
BLE,1704598707486003363,D3:F4:55:AB:96:20,-52
BLE,1704598707682518784,D3:F4:55:AB:96:20,-69
BLE,1704598707872530290,D3:F4:55:AB:96:20,-52
BLE,1704598708065307510,D3:F4:55:AB:96:20,-69
BLE,1704598708178162362,DF:DF:EE:00:00:04,-39
BLE,1704598708253292459,D3:F4:55:AB:96:20,-52
BLE,1704598708446740087,D3:F4:55:AB:96:20,-53
BLE,1704598708635455443,D3:F4:55:AB:96:20,-52
BLE,1704598708832902893,D3:F4:55:AB:96:20,-58
BLE,1704598709018910369,D3:F4:55:AB:96:20,-66
BLE,1704598709212467453,D3:F4:55:AB:96:20,-69
BLE,1704598709399408666,D3:F4:55:AB:96:20,-52
BLE,1704598709536511492,DF:A6:DC:DC:2E:81,-58
BLE,1704598709536565658,DF:DF:EE:00:00:01,-58
BLE,1704598709788640183,D3:F4:55:AB:96:20,-71
BLE,1704598710172301897,D3:F4:55:AB:96:20,-70
BLE,1704598710555509785,D3:F4:55:AB:96:20,-70
BLE,1704598710742791993,DF:DF:EE:00:00:04,-39
BLE,1704598710946086742,D3:F4:55:AB:96:20,-63
BLE,1704598711132871332,D3:F4:55:AB:96:20,-67
BLE,1704598711327446111,D3:F4:55:AB:96:20,-52
BLE,1704598711521727978,D3:F4:55:AB:96:20,-56
BLE,1704598711914984275,D3:F4:55:AB:96:20,-53
BLE,1704598712080485270,DF:A6:DC:DC:2E:81,-72
BLE,1704598712080546144,DF:DF:EE:00:00:01,-72
BLE,1704598712108943438,D3:F4:55:AB:96:20,-55
BLE,1704598712492435363,D3:F4:55:AB:96:20,-70
BLE,1704598712556963766,DF:DF:EE:00:00:04,-66
BLE,1704598712880544936,D3:F4:55:AB:96:20,-69
BLE,1704598713015799327,DF:DF:EE:00:00:04,-55
BLE,1704598713075408711,D3:F4:55:AB:96:20,-55
BLE,1704598713460092954,D3:F4:55:AB:96:20,-70
BLE,1704598713843135469,D3:F4:55:AB:96:20,-70
BLE,1704598714039153771,D3:F4:55:AB:96:20,-62
BLE,1704598714232884853,D3:F4:55:AB:96:20,-52
BLE,1704598714292944190,DF:DF:EE:00:00:04,-54
BLE,1704598714427675588,D3:F4:55:AB:96:20,-55
BLE,1704598714619119367,D3:F4:55:AB:96:20,-67
BLE,1704598714622428407,DF:A6:DC:DC:2E:81,-71
BLE,1704598714622456365,DF:DF:EE:00:00:01,-71
BLE,1704598714809029708,D3:F4:55:AB:96:20,-55
BLE,1704598715198934466,D3:F4:55:AB:96:20,-52
BLE,1704598715394984351,D3:F4:55:AB:96:20,-55
BLE,1704598715587116996,D3:F4:55:AB:96:20,-52
BLE,1704598715786269090,D3:F4:55:AB:96:20,-68
BLE,1704598715973508300,D3:F4:55:AB:96:20,-53
BLE,1704598716168684238,D3:F4:55:AB:96:20,-52
BLE,1704598716356040279,D3:F4:55:AB:96:20,-53
BLE,1704598716552019540,D3:F4:55:AB:96:20,-86
BLE,1704598716566000732,DF:DF:EE:00:00:04,-66
BLE,1704598716744197226,D3:F4:55:AB:96:20,-70
BLE,1704598716934802933,D3:F4:55:AB:96:20,-52
BLE,1704598717125778218,D3:F4:55:AB:96:20,-55
BLE,1704598717161139212,DF:A6:DC:DC:2E:81,-72
BLE,1704598717161169837,DF:DF:EE:00:00:01,-72
BLE,1704598717510460252,D3:F4:55:AB:96:20,-55
BLE,1704598717834543416,DF:DF:EE:00:00:04,-55
BLE,1704598717889232406,D3:F4:55:AB:96:20,-55
BLE,1704598718079268745,D3:F4:55:AB:96:20,-52
BLE,1704598718267826395,D3:F4:55:AB:96:20,-66
BLE,1704598718465117931,D3:F4:55:AB:96:20,-52
BLE,1704598718652401973,D3:F4:55:AB:96:20,-52
BLE,1704598719045025612,D3:F4:55:AB:96:20,-53
BLE,1704598719114091038,DF:DF:EE:00:00:04,-40
BLE,1704598719232358653,D3:F4:55:AB:96:20,-66
BLE,1704598719421497920,D3:F4:55:AB:96:20,-55
BLE,1704598719610236193,D3:F4:55:AB:96:20,-69
BLE,1704598719652757968,DF:DF:EE:00:00:04,-40
BLE,1704598719705074240,DF:A6:DC:DC:2E:81,-58
BLE,1704598719705128239,DF:DF:EE:00:00:01,-58
BLE,1704598719801501683,D3:F4:55:AB:96:20,-55
BLE,1704598719993121918,D3:F4:55:AB:96:20,-69
BLE,1704598720117869364,DF:DF:EE:00:00:04,-54
BLE,1704598720180548875,D3:F4:55:AB:96:20,-67
BLE,1704598720369356897,D3:F4:55:AB:96:20,-55
BLE,1704598720751522589,D3:F4:55:AB:96:20,-71
BLE,1704598720945300587,D3:F4:55:AB:96:20,-66
BLE,1704598721138734924,D3:F4:55:AB:96:20,-52
BLE,1704598721333031915,D3:F4:55:AB:96:20,-55
BLE,1704598721527947440,D3:F4:55:AB:96:20,-67
BLE,1704598721717475661,D3:F4:55:AB:96:20,-55
BLE,1704598721911771778,D3:F4:55:AB:96:20,-52
BLE,1704598722250055880,DF:A6:DC:DC:2E:81,-67
BLE,1704598722250106212,DF:DF:EE:00:00:01,-67
BLE,1704598722488041423,D3:F4:55:AB:96:20,-69
BLE,1704598722661748601,DF:DF:EE:00:00:04,-67
BLE,1704598722683164362,D3:F4:55:AB:96:20,-55
BLE,1704598722873169701,D3:F4:55:AB:96:20,-52
BLE,1704598723059437423,D3:F4:55:AB:96:20,-65
BLE,1704598723450543915,D3:F4:55:AB:96:20,-55
BLE,1704598723645734770,D3:F4:55:AB:96:20,-67
BLE,1704598723665547551,DF:DF:EE:00:00:04,-34
BLE,1704598724032881814,D3:F4:55:AB:96:20,-55
BLE,1704598724229154529,D3:F4:55:AB:96:20,-52
BLE,1704598724418458711,D3:F4:55:AB:96:20,-70
BLE,1704598724613593609,D3:F4:55:AB:96:20,-63
BLE,1704598724790763575,DF:A6:DC:DC:2E:81,-72
BLE,1704598724790827741,DF:DF:EE:00:00:01,-72
BLE,1704598724804517894,D3:F4:55:AB:96:20,-52
BLE,1704598724940663733,DF:DF:EE:00:00:04,-56
BLE,1704598724993224251,D3:F4:55:AB:96:20,-53
BLE,1704598725390369455,D3:F4:55:AB:96:20,-52
BLE,1704598725476709905,DF:DF:EE:00:00:04,-54
BLE,1704598725939366791,DF:DF:EE:00:00:04,-34
BLE,1704598726353957725,D3:F4:55:AB:96:20,-56
BLE,1704598726736386081,D3:F4:55:AB:96:20,-55
BLE,1704598726931573186,D3:F4:55:AB:96:20,-52
BLE,1704598727216280157,DF:DF:EE:00:00:04,-55
BLE,1704598727313208385,D3:F4:55:AB:96:20,-52
BLE,1704598727509475434,D3:F4:55:AB:96:20,-68
BLE,1704598727700808465,D3:F4:55:AB:96:20,-70
BLE,1704598727754722799,DF:DF:EE:00:00:04,-39
BLE,1704598728085742537,D3:F4:55:AB:96:20,-55
BLE,1704598728212035546,DF:DF:EE:00:00:04,-50
BLE,1704598728463929282,D3:F4:55:AB:96:20,-55
BLE,1704598729039428229,D3:F4:55:AB:96:20,-52
BLE,1704598729218115009,DF:DF:EE:00:00:04,-72
BLE,1704598729234327671,D3:F4:55:AB:96:20,-55
BLE,1704598729428006295,D3:F4:55:AB:96:20,-67
BLE,1704598729619506532,D3:F4:55:AB:96:20,-57
BLE,1704598729812508541,D3:F4:55:AB:96:20,-53
BLE,1704598729874070399,DF:A6:DC:DC:2E:81,-73
BLE,1704598729874096649,DF:DF:EE:00:00:01,-73
BLE,1704598730005108388,D3:F4:55:AB:96:20,-68
BLE,1704598730198054522,D3:F4:55:AB:96:20,-54
BLE,1704598730390130251,D3:F4:55:AB:96:20,-66
BLE,1704598730493711058,DF:DF:EE:00:00:04,-53
BLE,1704598730583835250,D3:F4:55:AB:96:20,-70
BLE,1704598730777666748,D3:F4:55:AB:96:20,-53
BLE,1704598730969204359,D3:F4:55:AB:96:20,-68
BLE,1704598731345244674,D3:F4:55:AB:96:20,-71
BLE,1704598731536660245,D3:F4:55:AB:96:20,-69
BLE,1704598731726675876,D3:F4:55:AB:96:20,-71
BLE,1704598731918102738,D3:F4:55:AB:96:20,-68
BLE,1704598732110481630,D3:F4:55:AB:96:20,-71
BLE,1704598732493534019,D3:F4:55:AB:96:20,-71
BLE,1704598732878478425,D3:F4:55:AB:96:20,-71
BLE,1704598733040742879,DF:DF:EE:00:00:04,-56
BLE,1704598733069744957,D3:F4:55:AB:96:20,-68
BLE,1704598733455907888,D3:F4:55:AB:96:20,-68
BLE,1704598733649362808,D3:F4:55:AB:96:20,-68
BLE,1704598734035153203,D3:F4:55:AB:96:20,-68
BLE,1704598734230043936,D3:F4:55:AB:96:20,-71
BLE,1704598734319524429,DF:DF:EE:00:00:04,-53
BLE,1704598734423910934,D3:F4:55:AB:96:20,-68
BLE,1704598734819370577,D3:F4:55:AB:96:20,-68
BLE,1704598734855180232,DF:DF:EE:00:00:04,-52
BLE,1704598735006945406,D3:F4:55:AB:96:20,-68
BLE,1704598735316356720,DF:DF:EE:00:00:04,-55
BLE,1704598735394311656,D3:F4:55:AB:96:20,-71
BLE,1704598735586772130,D3:F4:55:AB:96:20,-68
BLE,1704598735779004690,D3:F4:55:AB:96:20,-71
BLE,1704598735849049479,DF:DF:EE:00:00:04,-52
BLE,1704598735968143916,D3:F4:55:AB:96:20,-68
BLE,1704598736154831507,D3:F4:55:AB:96:20,-69
BLE,1704598736316793923,DF:DF:EE:00:00:04,-52
BLE,1704598736351063932,D3:F4:55:AB:96:20,-69
BLE,1704598736537683107,D3:F4:55:AB:96:20,-68
BLE,1704598736731917433,D3:F4:55:AB:96:20,-68
BLE,1704598736918103698,D3:F4:55:AB:96:20,-68
BLE,1704598737114516495,D3:F4:55:AB:96:20,-69
BLE,1704598737301982160,D3:F4:55:AB:96:20,-67
BLE,1704598737497622883,D3:F4:55:AB:96:20,-69
BLE,1704598737525455185,DF:A6:DC:DC:2E:81,-73
BLE,1704598737525482851,DF:DF:EE:00:00:01,-73
BLE,1704598737690750599,D3:F4:55:AB:96:20,-71
BLE,1704598737881912048,D3:F4:55:AB:96:20,-68
BLE,1704598738077406274,D3:F4:55:AB:96:20,-71
BLE,1704598738462692342,D3:F4:55:AB:96:20,-69
BLE,1704598738649037646,D3:F4:55:AB:96:20,-67
BLE,1704598739035586990,D3:F4:55:AB:96:20,-68
BLE,1704598739226936187,D3:F4:55:AB:96:20,-68
BLE,1704598739415537420,D3:F4:55:AB:96:20,-52
BLE,1704598739613284949,D3:F4:55:AB:96:20,-52
BLE,1704598739808114600,D3:F4:55:AB:96:20,-71
BLE,1704598740142762958,DF:DF:EE:00:00:04,-52
BLE,1704598740195808387,D3:F4:55:AB:96:20,-68
BLE,1704598740391766190,D3:F4:55:AB:96:20,-71
BLE,1704598740685316296,DF:DF:EE:00:00:04,-52
BLE,1704598740781544491,D3:F4:55:AB:96:20,-68
BLE,1704598740976416975,D3:F4:55:AB:96:20,-71
BLE,1704598741141530016,DF:DF:EE:00:00:04,-55
BLE,1704598741353261279,D3:F4:55:AB:96:20,-68
BLE,1704598741544992346,D3:F4:55:AB:96:20,-68
BLE,1704598741731572439,D3:F4:55:AB:96:20,-68
BLE,1704598741924374700,D3:F4:55:AB:96:20,-71
BLE,1704598742115532524,D3:F4:55:AB:96:20,-68
BLE,1704598742146591950,DF:DF:EE:00:00:04,-52
BLE,1704598742313977545,D3:F4:55:AB:96:20,-69
BLE,1704598742509350856,D3:F4:55:AB:96:20,-71
BLE,1704598742895956323,D3:F4:55:AB:96:20,-68
BLE,1704598743092269913,D3:F4:55:AB:96:20,-71
BLE,1704598743287017899,D3:F4:55:AB:96:20,-66
BLE,1704598743482431792,D3:F4:55:AB:96:20,-68
BLE,1704598743670641697,D3:F4:55:AB:96:20,-68
BLE,1704598744059634425,D3:F4:55:AB:96:20,-71
BLE,1704598744439137111,D3:F4:55:AB:96:20,-71
BLE,1704598744629682693,D3:F4:55:AB:96:20,-68
BLE,1704598744690761017,DF:DF:EE:00:00:04,-53
BLE,1704598744815958748,D3:F4:55:AB:96:20,-68
BLE,1704598745012910580,D3:F4:55:AB:96:20,-52
BLE,1704598745154622345,DF:A6:DC:DC:2E:81,-72
BLE,1704598745154661345,DF:DF:EE:00:00:01,-72
BLE,1704598745586694258,D3:F4:55:AB:96:20,-71
BLE,1704598745969190154,D3:F4:55:AB:96:20,-71
BLE,1704598746159448324,D3:F4:55:AB:96:20,-68
BLE,1704598746352966492,D3:F4:55:AB:96:20,-72
BLE,1704598746548760173,D3:F4:55:AB:96:20,-68
BLE,1704598746738175978,D3:F4:55:AB:96:20,-72
BLE,1704598747122499642,D3:F4:55:AB:96:20,-55
BLE,1704598747238441912,DF:DF:EE:00:00:04,-54
BLE,1704598747697511304,D3:F4:55:AB:96:20,-68
BLE,1704598747780443299,DF:DF:EE:00:00:04,-55
BLE,1704598748089753739,D3:F4:55:AB:96:20,-71
BLE,1704598748238073709,DF:DF:EE:00:00:04,-50
BLE,1704598748281341224,D3:F4:55:AB:96:20,-68
BLE,1704598748479065963,D3:F4:55:AB:96:20,-69
BLE,1704598748665057563,D3:F4:55:AB:96:20,-68
BLE,1704598748858398109,D3:F4:55:AB:96:20,-68
BLE,1704598748977581795,DF:A6:DC:DC:2E:81,-72
BLE,1704598748977627961,DF:DF:EE:00:00:01,-72
BLE,1704598749045970856,D3:F4:55:AB:96:20,-66
BLE,1704598749242504901,D3:F4:55:AB:96:20,-68
BLE,1704598749509643020,DF:DF:EE:00:00:04,-55
BLE,1704598749624678218,D3:F4:55:AB:96:20,-68
BLE,1704598749821049183,D3:F4:55:AB:96:20,-71
BLE,1704598750012542461,D3:F4:55:AB:96:20,-67
BLE,1704598750202042849,D3:F4:55:AB:96:20,-71
BLE,1704598750586597010,D3:F4:55:AB:96:20,-72
BLE,1704598750777159967,D3:F4:55:AB:96:20,-68
BLE,1704598750784829367,DF:DF:EE:00:00:04,-52
BLE,1704598750976888804,D3:F4:55:AB:96:20,-69
BLE,1704598751169699065,D3:F4:55:AB:96:20,-71
BLE,1704598751359116621,D3:F4:55:AB:96:20,-68
BLE,1704598751524653865,DF:A6:DC:DC:2E:81,-72
BLE,1704598751524688781,DF:DF:EE:00:00:01,-72
BLE,1704598751554516098,D3:F4:55:AB:96:20,-71
BLE,1704598751749308208,D3:F4:55:AB:96:20,-68
BLE,1704598751941327021,D3:F4:55:AB:96:20,-68
BLE,1704598752053459591,DF:DF:EE:00:00:04,-55
BLE,1704598752132193308,D3:F4:55:AB:96:20,-68
BLE,1704598752516942425,D3:F4:55:AB:96:20,-70
BLE,1704598752594679738,DF:DF:EE:00:00:04,-54
BLE,1704598752706407813,D3:F4:55:AB:96:20,-69
BLE,1704598752901701292,D3:F4:55:AB:96:20,-71
BLE,1704598753054774824,DF:DF:EE:00:00:04,-50
BLE,1704598753091354761,D3:F4:55:AB:96:20,-68
BLE,1704598753284182313,D3:F4:55:AB:96:20,-70
BLE,1704598753667251786,D3:F4:55:AB:96:20,-71
BLE,1704598753862592555,D3:F4:55:AB:96:20,-68
BLE,1704598754055926393,D3:F4:55:AB:96:20,-68
BLE,1704598754246038731,D3:F4:55:AB:96:20,-68
BLE,1704598754632260078,D3:F4:55:AB:96:20,-71
BLE,1704598754821352847,D3:F4:55:AB:96:20,-68
BLE,1704598754869179052,DF:DF:EE:00:00:04,-54
BLE,1704598755010544613,D3:F4:55:AB:96:20,-68
BLE,1704598755199223429,D3:F4:55:AB:96:20,-70
BLE,1704598755327937906,DF:DF:EE:00:00:04,-50
BLE,1704598755329350762,DF:DF:EE:00:00:04,-53
BLE,1704598755388959313,D3:F4:55:AB:96:20,-52
BLE,1704598755587986160,D3:F4:55:AB:96:20,-69
BLE,1704598755775504198,D3:F4:55:AB:96:20,-67
BLE,1704598755972442405,D3:F4:55:AB:96:20,-69
BLE,1704598756158716252,D3:F4:55:AB:96:20,-67
BLE,1704598756548007185,D3:F4:55:AB:96:20,-70
BLE,1704598756601328568,DF:DF:EE:00:00:04,-55
BLE,1704598756609657375,DF:A6:DC:DC:2E:81,-72
BLE,1704598756609701083,DF:DF:EE:00:00:01,-72
BLE,1704598756929840006,D3:F4:55:AB:96:20,-71
BLE,1704598757118751152,D3:F4:55:AB:96:20,-69
BLE,1704598757307321219,D3:F4:55:AB:96:20,-68
BLE,1704598757501379130,D3:F4:55:AB:96:20,-68
BLE,1704598757688363051,D3:F4:55:AB:96:20,-68
BLE,1704598757865158689,DF:DF:EE:00:00:04,-50
BLE,1704598757881112105,D3:F4:55:AB:96:20,-68
BLE,1704598758263470711,D3:F4:55:AB:96:20,-52
BLE,1704598758452226609,D3:F4:55:AB:96:20,-67
BLE,1704598758647333048,D3:F4:55:AB:96:20,-68
BLE,1704598758833577187,D3:F4:55:AB:96:20,-53
BLE,1704598759141794267,DF:DF:EE:00:00:04,-39
BLE,1704598759216018001,D3:F4:55:AB:96:20,-58
BLE,1704598759406785164,D3:F4:55:AB:96:20,-55
BLE,1704598759787659540,D3:F4:55:AB:96:20,-55
BLE,1704598759982015864,D3:F4:55:AB:96:20,-52
BLE,1704598760178058041,D3:F4:55:AB:96:20,-69
BLE,1704598760373522101,D3:F4:55:AB:96:20,-71
BLE,1704598760415757255,DF:DF:EE:00:00:04,-52
BLE,1704598760754661931,D3:F4:55:AB:96:20,-71
BLE,1704598760946916491,D3:F4:55:AB:96:20,-68
BLE,1704598760958476881,DF:DF:EE:00:00:04,-53
BLE,1704598761332667387,D3:F4:55:AB:96:20,-68
BLE,1704598761414918057,DF:DF:EE:00:00:04,-54
BLE,1704598761526062474,D3:F4:55:AB:96:20,-68
BLE,1704598761720982499,D3:F4:55:AB:96:20,-71
BLE,1704598761956523616,DF:DF:EE:00:00:04,-54
BLE,1704598762107802088,D3:F4:55:AB:96:20,-71
BLE,1704598762109338193,D3:F4:55:AB:96:20,-68
BLE,1704598762300852180,D3:F4:55:AB:96:20,-67
BLE,1704598762418119724,DF:DF:EE:00:00:04,-53
BLE,1704598762497342518,D3:F4:55:AB:96:20,-68
BLE,1704598762691173140,D3:F4:55:AB:96:20,-71
BLE,1704598763072468802,D3:F4:55:AB:96:20,-55
BLE,1704598763266786835,D3:F4:55:AB:96:20,-66
BLE,1704598763459931175,D3:F4:55:AB:96:20,-69
BLE,1704598763687576146,DF:DF:EE:00:00:04,-39
BLE,1704598763844947664,D3:F4:55:AB:96:20,-52
BLE,1704598764037361972,D3:F4:55:AB:96:20,-70
BLE,1704598764228993040,D3:F4:55:AB:96:20,-69
BLE,1704598764415581174,D3:F4:55:AB:96:20,-52
BLE,1704598764686153415,DF:DF:EE:00:00:04,-36
BLE,1704598765000547455,D3:F4:55:AB:96:20,-71
BLE,1704598765231196011,DF:DF:EE:00:00:04,-52
BLE,1704598765567599638,D3:F4:55:AB:96:20,-71
BLE,1704598765684970097,DF:DF:EE:00:00:04,-53
BLE,1704598765759849739,D3:F4:55:AB:96:20,-68
BLE,1704598765953682487,D3:F4:55:AB:96:20,-71
BLE,1704598766145990421,D3:F4:55:AB:96:20,-52
BLE,1704598766224475183,DF:DF:EE:00:00:04,-54
BLE,1704598766336869958,D3:F4:55:AB:96:20,-71
BLE,1704598766684874474,DF:DF:EE:00:00:04,-51
BLE,1704598766722823059,D3:F4:55:AB:96:20,-69
BLE,1704598766918599531,D3:F4:55:AB:96:20,-70
BLE,1704598767111933327,D3:F4:55:AB:96:20,-68
BLE,1704598767224630390,DF:DF:EE:00:00:04,-50
BLE,1704598767301989291,D3:F4:55:AB:96:20,-71
BLE,1704598767683820613,D3:F4:55:AB:96:20,-55
BLE,1704598767686794949,DF:DF:EE:00:00:04,-47
BLE,1704598768061628029,D3:F4:55:AB:96:20,-68
BLE,1704598768229470118,DF:DF:EE:00:00:04,-54
BLE,1704598768253683925,D3:F4:55:AB:96:20,-68
BLE,1704598768635323541,D3:F4:55:AB:96:20,-68
BLE,1704598768684519520,DF:DF:EE:00:00:04,-56
BLE,1704598768822430294,D3:F4:55:AB:96:20,-52
BLE,1704598769012497174,D3:F4:55:AB:96:20,-71
BLE,1704598769394997487,D3:F4:55:AB:96:20,-71
BLE,1704598769584051714,D3:F4:55:AB:96:20,-69
BLE,1704598769772865486,D3:F4:55:AB:96:20,-52
BLE,1704598769967490307,D3:F4:55:AB:96:20,-69
BLE,1704598770348234726,D3:F4:55:AB:96:20,-68
BLE,1704598770537044373,D3:F4:55:AB:96:20,-66
BLE,1704598770923794380,D3:F4:55:AB:96:20,-71
BLE,1704598770957306524,DF:DF:EE:00:00:04,-55
BLE,1704598771112690318,D3:F4:55:AB:96:20,-68
BLE,1704598771302205789,D3:F4:55:AB:96:20,-68
BLE,1704598771493531861,D3:F4:55:AB:96:20,-69
BLE,1704598771872095143,D3:F4:55:AB:96:20,-72
BLE,1704598771882736920,DF:A6:DC:DC:2E:81,-72
BLE,1704598771882762919,DF:DF:EE:00:00:01,-72
BLE,1704598772231601799,DF:DF:EE:00:00:04,-54
BLE,1704598772249906642,D3:F4:55:AB:96:20,-55
BLE,1704598772628846794,D3:F4:55:AB:96:20,-68
BLE,1704598772817618774,D3:F4:55:AB:96:20,-70
BLE,1704598773011981973,D3:F4:55:AB:96:20,-68
BLE,1704598773405337477,D3:F4:55:AB:96:20,-68
BLE,1704598773597076128,D3:F4:55:AB:96:20,-68
BLE,1704598773791525867,D3:F4:55:AB:96:20,-68
BLE,1704598773982367196,D3:F4:55:AB:96:20,-71
BLE,1704598774174489757,D3:F4:55:AB:96:20,-52
BLE,1704598774366263490,D3:F4:55:AB:96:20,-71
BLE,1704598774502583743,DF:DF:EE:00:00:04,-52
BLE,1704598774555707962,D3:F4:55:AB:96:20,-67
BLE,1704598774744501318,D3:F4:55:AB:96:20,-68
BLE,1704598774938760727,D3:F4:55:AB:96:20,-67
BLE,1704598775132134064,D3:F4:55:AB:96:20,-60
BLE,1704598775520198887,D3:F4:55:AB:96:20,-68
BLE,1704598775713282061,D3:F4:55:AB:96:20,-68
BLE,1704598775714602877,D3:F4:55:AB:96:20,-71
BLE,1704598775778564579,DF:DF:EE:00:00:04,-50
BLE,1704598776102820157,D3:F4:55:AB:96:20,-71
BLE,1704598776293558987,D3:F4:55:AB:96:20,-67
BLE,1704598776318614658,DF:DF:EE:00:00:04,-51
BLE,1704598776490072408,D3:F4:55:AB:96:20,-68
BLE,1704598776684135194,D3:F4:55:AB:96:20,-71
BLE,1704598776783732095,DF:DF:EE:00:00:04,-54
BLE,1704598777067409747,D3:F4:55:AB:96:20,-71
BLE,1704598777260783709,D3:F4:55:AB:96:20,-68
BLE,1704598777457057508,D3:F4:55:AB:96:20,-68
BLE,1704598777644156760,D3:F4:55:AB:96:20,-68
BLE,1704598777842570615,D3:F4:55:AB:96:20,-68
BLE,1704598778035193045,D3:F4:55:AB:96:20,-71
BLE,1704598778057028092,DF:DF:EE:00:00:04,-52
BLE,1704598778227733726,D3:F4:55:AB:96:20,-67
BLE,1704598778427896974,D3:F4:55:AB:96:20,-68
BLE,1704598778618625137,D3:F4:55:AB:96:20,-71
BLE,1704598779005221480,D3:F4:55:AB:96:20,-69
BLE,1704598779388280119,D3:F4:55:AB:96:20,-70
BLE,1704598779765318212,D3:F4:55:AB:96:20,-71
BLE,1704598779863679005,DF:DF:EE:00:00:04,-55
BLE,1704598780149606544,D3:F4:55:AB:96:20,-71
BLE,1704598780328883357,DF:DF:EE:00:00:04,-52
BLE,1704598780340136126,D3:F4:55:AB:96:20,-68
BLE,1704598780535263399,D3:F4:55:AB:96:20,-71
BLE,1704598780795106822,DF:A6:DC:DC:2E:81,-72
BLE,1704598780795148946,DF:DF:EE:00:00:01,-72
BLE,1704598780921366206,D3:F4:55:AB:96:20,-67
BLE,1704598781112439115,D3:F4:55:AB:96:20,-68
BLE,1704598781305350250,D3:F4:55:AB:96:20,-68
BLE,1704598781497699059,D3:F4:55:AB:96:20,-71
BLE,1704598781687408360,D3:F4:55:AB:96:20,-68
BLE,1704598781881838100,D3:F4:55:AB:96:20,-71
BLE,1704598782144108075,DF:DF:EE:00:00:04,-50
BLE,1704598782263413675,D3:F4:55:AB:96:20,-71
BLE,1704598782457848290,D3:F4:55:AB:96:20,-67
BLE,1704598782652990812,D3:F4:55:AB:96:20,-69
BLE,1704598782842225579,D3:F4:55:AB:96:20,-68
BLE,1704598783038078925,D3:F4:55:AB:96:20,-69
BLE,1704598783136628590,DF:DF:EE:00:00:04,-51
BLE,1704598783223810987,D3:F4:55:AB:96:20,-69
BLE,1704598783340323083,DF:A6:DC:DC:2E:81,-59
BLE,1704598783340350082,DF:DF:EE:00:00:01,-59
BLE,1704598783415338848,D3:F4:55:AB:96:20,-71
BLE,1704598783602767555,DF:DF:EE:00:00:04,-54
BLE,1704598783802397893,D3:F4:55:AB:96:20,-52
BLE,1704598783997279377,D3:F4:55:AB:96:20,-71
BLE,1704598784139153307,DF:DF:EE:00:00:04,-54
BLE,1704598784372754032,D3:F4:55:AB:96:20,-68
BLE,1704598784568838126,D3:F4:55:AB:96:20,-67
BLE,1704598784600417003,DF:DF:EE:00:00:04,-50
BLE,1704598784755174388,D3:F4:55:AB:96:20,-68
BLE,1704598784949706377,D3:F4:55:AB:96:20,-68
BLE,1704598785136854587,D3:F4:55:AB:96:20,-68
BLE,1704598785144157200,DF:DF:EE:00:00:04,-53
BLE,1704598785327205964,D3:F4:55:AB:96:20,-71
BLE,1704598785522052573,D3:F4:55:AB:96:20,-68
BLE,1704598785597620165,DF:DF:EE:00:00:04,-52
BLE,1704598785716082402,D3:F4:55:AB:96:20,-68
BLE,1704598785903964644,D3:F4:55:AB:96:20,-66
BLE,1704598786145365976,DF:DF:EE:00:00:04,-54
BLE,1704598786293597488,D3:F4:55:AB:96:20,-71
BLE,1704598786489702540,D3:F4:55:AB:96:20,-68
BLE,1704598786602749139,DF:DF:EE:00:00:04,-50
BLE,1704598786682436593,D3:F4:55:AB:96:20,-68
BLE,1704598786870226254,D3:F4:55:AB:96:20,-66
BLE,1704598787163737932,DF:A6:DC:DC:2E:81,-73
BLE,1704598787163782515,DF:DF:EE:00:00:01,-73
BLE,1704598787255186479,D3:F4:55:AB:96:20,-66
BLE,1704598787446183967,D3:F4:55:AB:96:20,-68
BLE,1704598787636921666,D3:F4:55:AB:96:20,-52
BLE,1704598787872961849,DF:DF:EE:00:00:04,-39
BLE,1704598788027760616,D3:F4:55:AB:96:20,-55
BLE,1704598788221842414,D3:F4:55:AB:96:20,-52
BLE,1704598788409748593,DF:DF:EE:00:00:04,-53
BLE,1704598788609394348,D3:F4:55:AB:96:20,-69
BLE,1704598788804384056,D3:F4:55:AB:96:20,-67
BLE,1704598789382749980,D3:F4:55:AB:96:20,-68
BLE,1704598789413910699,DF:DF:EE:00:00:04,-51
BLE,1704598789575212624,D3:F4:55:AB:96:20,-70
BLE,1704598789965396413,D3:F4:55:AB:96:20,-68
BLE,1704598790344871909,D3:F4:55:AB:96:20,-71
BLE,1704598790411289690,DF:DF:EE:00:00:04,-54
BLE,1704598790726493681,D3:F4:55:AB:96:20,-71
BLE,1704598790921494263,D3:F4:55:AB:96:20,-68
BLE,1704598790986715553,DF:A6:DC:DC:2E:81,-73
BLE,1704598790986744386,DF:DF:EE:00:00:01,-73
BLE,1704598791316595806,D3:F4:55:AB:96:20,-69
BLE,1704598791507835417,D3:F4:55:AB:96:20,-67
BLE,1704598791700335228,D3:F4:55:AB:96:20,-68
BLE,1704598791886442379,D3:F4:55:AB:96:20,-67
BLE,1704598792081338879,D3:F4:55:AB:96:20,-52
BLE,1704598792147044290,DF:DF:EE:00:00:04,-51
BLE,1704598792468301109,D3:F4:55:AB:96:20,-52
BLE,1704598792653943014,D3:F4:55:AB:96:20,-52
BLE,1704598793041099951,D3:F4:55:AB:96:20,-70
BLE,1704598793236508489,D3:F4:55:AB:96:20,-52
BLE,1704598793435368167,D3:F4:55:AB:96:20,-52
BLE,1704598793531399386,DF:A6:DC:DC:2E:81,-58
BLE,1704598793531426386,DF:DF:EE:00:00:01,-58
BLE,1704598793631083077,D3:F4:55:AB:96:20,-70
BLE,1704598794006066608,D3:F4:55:AB:96:20,-68
BLE,1704598794202719636,D3:F4:55:AB:96:20,-68
BLE,1704598794394154788,D3:F4:55:AB:96:20,-71
BLE,1704598794582964168,D3:F4:55:AB:96:20,-68
BLE,1704598794695403136,DF:DF:EE:00:00:04,-39
BLE,1704598794773311037,D3:F4:55:AB:96:20,-61
BLE,1704598795156861168,D3:F4:55:AB:96:20,-71
BLE,1704598795233044374,DF:DF:EE:00:00:04,-54
BLE,1704598795548014491,D3:F4:55:AB:96:20,-68
BLE,1704598795687444127,DF:DF:EE:00:00:04,-50
BLE,1704598795744582979,D3:F4:55:AB:96:20,-54
BLE,1704598796133026739,D3:F4:55:AB:96:20,-52
BLE,1704598796321696454,D3:F4:55:AB:96:20,-53
BLE,1704598796513756476,D3:F4:55:AB:96:20,-52
BLE,1704598796696282738,DF:DF:EE:00:00:04,-39
BLE,1704598796705192503,D3:F4:55:AB:96:20,-67
BLE,1704598796898641389,D3:F4:55:AB:96:20,-52
BLE,1704598797085315452,D3:F4:55:AB:96:20,-53
BLE,1704598797278637465,D3:F4:55:AB:96:20,-69
BLE,1704598797357956771,DF:A6:DC:DC:2E:81,-72
BLE,1704598797357983021,DF:DF:EE:00:00:01,-72
BLE,1704598797474718497,D3:F4:55:AB:96:20,-55
BLE,1704598797667884011,D3:F4:55:AB:96:20,-52
BLE,1704598797859110997,D3:F4:55:AB:96:20,-71
BLE,1704598797960563175,DF:DF:EE:00:00:04,-51
BLE,1704598798237952957,D3:F4:55:AB:96:20,-71
BLE,1704598798503080416,DF:DF:EE:00:00:04,-51
BLE,1704598798628669117,D3:F4:55:AB:96:20,-68
BLE,1704598799011542837,D3:F4:55:AB:96:20,-68
BLE,1704598799198150901,D3:F4:55:AB:96:20,-67
BLE,1704598799393845894,D3:F4:55:AB:96:20,-52
BLE,1704598799503075721,DF:DF:EE:00:00:04,-36
BLE,1704598799583789349,D3:F4:55:AB:96:20,-53
BLE,1704598799965378538,DF:DF:EE:00:00:04,-34
BLE,1704598800162231523,D3:F4:55:AB:96:20,-52
BLE,1704598800350737947,D3:F4:55:AB:96:20,-67
BLE,1704598800502918818,DF:DF:EE:00:00:04,-51
BLE,1704598800543142466,D3:F4:55:AB:96:20,-52
BLE,1704598800933887668,D3:F4:55:AB:96:20,-52
BLE,1704598800962443864,DF:DF:EE:00:00:04,-52
BLE,1704598801330154785,D3:F4:55:AB:96:20,-69
BLE,1704598801516729557,D3:F4:55:AB:96:20,-68
BLE,1704598802103904372,D3:F4:55:AB:96:20,-68
BLE,1704598802240043782,DF:DF:EE:00:00:04,-50
BLE,1704598802491662346,D3:F4:55:AB:96:20,-71
BLE,1704598802878111205,D3:F4:55:AB:96:20,-71
BLE,1704598803255764382,D3:F4:55:AB:96:20,-71
BLE,1704598803448139568,D3:F4:55:AB:96:20,-68
BLE,1704598803639400096,D3:F4:55:AB:96:20,-71
BLE,1704598803834347638,D3:F4:55:AB:96:20,-68
BLE,1704598804023856554,D3:F4:55:AB:96:20,-57
BLE,1704598804511698133,DF:DF:EE:00:00:04,-50
BLE,1704598804601265152,D3:F4:55:AB:96:20,-68
BLE,1704598804791336690,D3:F4:55:AB:96:20,-71
BLE,1704598804792679096,D3:F4:55:AB:96:20,-68
BLE,1704598804980248236,D3:F4:55:AB:96:20,-68
BLE,1704598805171343057,D3:F4:55:AB:96:20,-71
BLE,1704598805365784852,D3:F4:55:AB:96:20,-68
BLE,1704598805561102057,D3:F4:55:AB:96:20,-68
BLE,1704598805756503428,D3:F4:55:AB:96:20,-70
BLE,1704598805798487897,DF:DF:EE:00:00:04,-52
BLE,1704598805945461349,D3:F4:55:AB:96:20,-68
BLE,1704598806138100533,D3:F4:55:AB:96:20,-71
BLE,1704598806267691119,DF:A6:DC:DC:2E:81,-72
BLE,1704598806267719661,DF:DF:EE:00:00:01,-72
BLE,1704598806332309664,DF:DF:EE:00:00:04,-50
BLE,1704598806518191108,D3:F4:55:AB:96:20,-72
BLE,1704598806707150529,D3:F4:55:AB:96:20,-52
BLE,1704598806795678598,DF:DF:EE:00:00:04,-54
BLE,1704598807084845247,D3:F4:55:AB:96:20,-71
BLE,1704598807465114238,D3:F4:55:AB:96:20,-71
BLE,1704598807657677006,D3:F4:55:AB:96:20,-69
BLE,1704598807846995674,D3:F4:55:AB:96:20,-71
BLE,1704598808066144362,DF:DF:EE:00:00:04,-50
BLE,1704598808428348200,D3:F4:55:AB:96:20,-52
BLE,1704598808623122201,D3:F4:55:AB:96:20,-68
BLE,1704598808811324377,DF:A6:DC:DC:2E:81,-73
BLE,1704598808811361960,DF:DF:EE:00:00:01,-73
BLE,1704598808817684828,D3:F4:55:AB:96:20,-71
BLE,1704598809388855349,D3:F4:55:AB:96:20,-69
BLE,1704598809580599124,D3:F4:55:AB:96:20,-71
BLE,1704598809965867617,D3:F4:55:AB:96:20,-71
BLE,1704598810155752364,D3:F4:55:AB:96:20,-68
BLE,1704598810351542566,D3:F4:55:AB:96:20,-68
BLE,1704598810545935320,D3:F4:55:AB:96:20,-71
BLE,1704598810618314596,DF:DF:EE:00:00:04,-52
BLE,1704598810735648735,D3:F4:55:AB:96:20,-69
BLE,1704598810928170086,D3:F4:55:AB:96:20,-71
BLE,1704598811149404384,DF:DF:EE:00:00:04,-51
BLE,1704598811303313658,D3:F4:55:AB:96:20,-68
BLE,1704598811502115961,D3:F4:55:AB:96:20,-68
BLE,1704598811613435813,DF:DF:EE:00:00:04,-55
BLE,1704598811690680718,D3:F4:55:AB:96:20,-69
BLE,1704598812086165800,D3:F4:55:AB:96:20,-68
BLE,1704598812278227155,D3:F4:55:AB:96:20,-71
BLE,1704598812664007894,D3:F4:55:AB:96:20,-71
BLE,1704598813045993496,D3:F4:55:AB:96:20,-71
BLE,1704598813158047092,DF:DF:EE:00:00:04,-53
BLE,1704598813429168964,D3:F4:55:AB:96:20,-71
BLE,1704598813622442935,D3:F4:55:AB:96:20,-68
BLE,1704598813819452919,D3:F4:55:AB:96:20,-68
BLE,1704598814012798389,D3:F4:55:AB:96:20,-71
BLE,1704598814202269098,D3:F4:55:AB:96:20,-67
BLE,1704598814397740552,D3:F4:55:AB:96:20,-71
BLE,1704598814782916712,D3:F4:55:AB:96:20,-68
BLE,1704598814885415840,DF:DF:EE:00:00:04,-50
BLE,1704598814970334312,D3:F4:55:AB:96:20,-68
BLE,1704598815166517385,D3:F4:55:AB:96:20,-69
BLE,1704598815354467689,D3:F4:55:AB:96:20,-67
BLE,1704598815544132938,D3:F4:55:AB:96:20,-71
BLE,1704598815736080794,D3:F4:55:AB:96:20,-67
BLE,1704598815927111740,D3:F4:55:AB:96:20,-69
BLE,1704598816115978037,D3:F4:55:AB:96:20,-68
BLE,1704598816159621534,DF:DF:EE:00:00:04,-54
BLE,1704598816302828057,D3:F4:55:AB:96:20,-68
BLE,1704598816458467109,DF:A6:DC:DC:2E:81,-72
BLE,1704598816458501567,DF:DF:EE:00:00:01,-72
BLE,1704598816497168478,D3:F4:55:AB:96:20,-68
BLE,1704598816693594717,D3:F4:55:AB:96:20,-71
BLE,1704598816887188977,D3:F4:55:AB:96:20,-68
BLE,1704598817081525689,D3:F4:55:AB:96:20,-69
BLE,1704598817154642543,DF:DF:EE:00:00:04,-51
BLE,1704598817269128662,D3:F4:55:AB:96:20,-68
BLE,1704598817464605158,D3:F4:55:AB:96:20,-69
BLE,1704598817696682455,DF:DF:EE:00:00:04,-50
BLE,1704598818043758534,D3:F4:55:AB:96:20,-71
BLE,1704598818160059514,DF:DF:EE:00:00:04,-54
BLE,1704598818698271747,DF:DF:EE:00:00:04,-39
BLE,1704598819005986629,D3:F4:55:AB:96:20,-71
BLE,1704598819163560750,DF:DF:EE:00:00:04,-53
BLE,1704598819198648688,D3:F4:55:AB:96:20,-67
BLE,1704598819392904610,D3:F4:55:AB:96:20,-69
BLE,1704598819704643919,DF:DF:EE:00:00:04,-52
BLE,1704598819778297560,D3:F4:55:AB:96:20,-68
BLE,1704598820155710114,DF:DF:EE:00:00:04,-53
BLE,1704598820359753711,D3:F4:55:AB:96:20,-71
BLE,1704598820551039572,D3:F4:55:AB:96:20,-68
BLE,1704598820746738357,D3:F4:55:AB:96:20,-69
BLE,1704598820938058677,D3:F4:55:AB:96:20,-66
BLE,1704598821318298959,D3:F4:55:AB:96:20,-67
BLE,1704598821514595615,D3:F4:55:AB:96:20,-68
BLE,1704598821699683815,D3:F4:55:AB:96:20,-68
BLE,1704598821888581945,D3:F4:55:AB:96:20,-71
BLE,1704598822084560145,D3:F4:55:AB:96:20,-52
BLE,1704598822280304014,D3:F4:55:AB:96:20,-68
BLE,1704598822430820939,DF:DF:EE:00:00:04,-52
BLE,1704598822471825290,D3:F4:55:AB:96:20,-71
BLE,1704598822823846122,DF:A6:DC:DC:2E:81,-73
BLE,1704598822823882497,DF:DF:EE:00:00:01,-73
BLE,1704598822855121007,D3:F4:55:AB:96:20,-70
BLE,1704598823247081490,D3:F4:55:AB:96:20,-69
BLE,1704598823440619167,D3:F4:55:AB:96:20,-71
BLE,1704598824010790113,D3:F4:55:AB:96:20,-69
BLE,1704598824197984714,D3:F4:55:AB:96:20,-68
BLE,1704598824588887247,D3:F4:55:AB:96:20,-71
BLE,1704598824972302005,D3:F4:55:AB:96:20,-71
BLE,1704598824988535005,DF:DF:EE:00:00:04,-50
BLE,1704598825355039726,D3:F4:55:AB:96:20,-70
BLE,1704598825365537020,DF:A6:DC:DC:2E:81,-73
BLE,1704598825365564145,DF:DF:EE:00:00:01,-73
BLE,1704598825545867382,D3:F4:55:AB:96:20,-68
BLE,1704598825743769651,D3:F4:55:AB:96:20,-68
BLE,1704598825929795678,D3:F4:55:AB:96:20,-67
BLE,1704598826128993020,D3:F4:55:AB:96:20,-68
BLE,1704598826256225999,DF:DF:EE:00:00:04,-52
BLE,1704598826320288173,D3:F4:55:AB:96:20,-71
BLE,1704598826698345055,D3:F4:55:AB:96:20,-68
BLE,1704598826793216991,DF:DF:EE:00:00:04,-53
BLE,1704598826888627215,D3:F4:55:AB:96:20,-68
BLE,1704598827079860494,D3:F4:55:AB:96:20,-69
BLE,1704598827257190671,DF:DF:EE:00:00:04,-50
BLE,1704598827460928978,D3:F4:55:AB:96:20,-69
BLE,1704598827794307287,DF:DF:EE:00:00:04,-54
BLE,1704598827852284091,D3:F4:55:AB:96:20,-71
BLE,1704598827911450802,DF:A6:DC:DC:2E:81,-58
BLE,1704598827911479052,DF:DF:EE:00:00:01,-58
BLE,1704598828045547395,D3:F4:55:AB:96:20,-68
BLE,1704598828243974035,D3:F4:55:AB:96:20,-52
BLE,1704598828254346288,DF:DF:EE:00:00:04,-54
BLE,1704598828438751369,D3:F4:55:AB:96:20,-71
BLE,1704598828629735733,D3:F4:55:AB:96:20,-67
BLE,1704598828819889019,D3:F4:55:AB:96:20,-55
BLE,1704598829012555037,D3:F4:55:AB:96:20,-68
BLE,1704598829209792144,D3:F4:55:AB:96:20,-69
BLE,1704598829404305397,D3:F4:55:AB:96:20,-71
BLE,1704598829531030963,DF:DF:EE:00:00:04,-50
BLE,1704598829791537958,D3:F4:55:AB:96:20,-68
BLE,1704598829980008758,D3:F4:55:AB:96:20,-69
BLE,1704598830555891451,D3:F4:55:AB:96:20,-52
BLE,1704598830745142494,D3:F4:55:AB:96:20,-67
BLE,1704598830801625810,DF:DF:EE:00:00:04,-53
BLE,1704598830803193089,DF:DF:EE:00:00:04,-55
BLE,1704598830940106494,D3:F4:55:AB:96:20,-68
BLE,1704598831136601690,D3:F4:55:AB:96:20,-71
BLE,1704598831526597856,D3:F4:55:AB:96:20,-68
BLE,1704598831720675029,D3:F4:55:AB:96:20,-71
BLE,1704598831917061934,D3:F4:55:AB:96:20,-67
BLE,1704598832079951347,DF:DF:EE:00:00:04,-47
BLE,1704598832112647887,D3:F4:55:AB:96:20,-69
BLE,1704598832303710042,D3:F4:55:AB:96:20,-71
BLE,1704598832628405168,DF:DF:EE:00:00:04,-55
BLE,1704598832684143947,D3:F4:55:AB:96:20,-67
BLE,1704598832877422418,D3:F4:55:AB:96:20,-68
BLE,1704598833072849164,D3:F4:55:AB:96:20,-71
BLE,1704598833086110729,DF:DF:EE:00:00:04,-50
BLE,1704598833269516401,D3:F4:55:AB:96:20,-53
BLE,1704598833270765891,D3:F4:55:AB:96:20,-55
BLE,1704598833653869401,D3:F4:55:AB:96:20,-71
BLE,1704598833844465768,D3:F4:55:AB:96:20,-68
BLE,1704598834036186625,D3:F4:55:AB:96:20,-71
BLE,1704598834228914100,D3:F4:55:AB:96:20,-69
BLE,1704598834426128958,D3:F4:55:AB:96:20,-68
BLE,1704598834618975807,D3:F4:55:AB:96:20,-68
BLE,1704598835004432841,D3:F4:55:AB:96:20,-69
BLE,1704598835389870333,D3:F4:55:AB:96:20,-71
BLE,1704598835541881871,DF:A6:DC:DC:2E:81,-71
BLE,1704598835541908496,DF:DF:EE:00:00:01,-71
BLE,1704598835584206670,D3:F4:55:AB:96:20,-67
BLE,1704598835642307932,DF:DF:EE:00:00:04,-56
BLE,1704598835780762991,D3:F4:55:AB:96:20,-69
BLE,1704598835968614795,D3:F4:55:AB:96:20,-66
BLE,1704598836161248438,D3:F4:55:AB:96:20,-68
BLE,1704598836177394772,DF:DF:EE:00:00:04,-53
BLE,1704598836346962550,D3:F4:55:AB:96:20,-67
BLE,1704598836544876194,D3:F4:55:AB:96:20,-69
BLE,1704598836643680892,DF:DF:EE:00:00:04,-51
BLE,1704598836733279494,D3:F4:55:AB:96:20,-67
BLE,1704598836929538275,D3:F4:55:AB:96:20,-69
BLE,1704598837126261678,D3:F4:55:AB:96:20,-68
BLE,1704598837321986922,D3:F4:55:AB:96:20,-71
BLE,1704598837512519747,D3:F4:55:AB:96:20,-68
BLE,1704598837705380388,D3:F4:55:AB:96:20,-71
BLE,1704598838083269938,DF:A6:DC:DC:2E:81,-72
BLE,1704598838083302438,DF:DF:EE:00:00:01,-72
BLE,1704598838090466716,D3:F4:55:AB:96:20,-71
BLE,1704598838457403767,DF:DF:EE:00:00:04,-54
BLE,1704598838664863337,D3:F4:55:AB:96:20,-67
BLE,1704598838855449787,D3:F4:55:AB:96:20,-71
BLE,1704598838911050151,DF:DF:EE:00:00:04,-51
BLE,1704598839046411859,D3:F4:55:AB:96:20,-68
BLE,1704598839238787545,D3:F4:55:AB:96:20,-71
BLE,1704598839430814359,D3:F4:55:AB:96:20,-68
BLE,1704598839827630472,D3:F4:55:AB:96:20,-68
BLE,1704598840193062618,DF:DF:EE:00:00:04,-50
BLE,1704598840207135093,D3:F4:55:AB:96:20,-71
BLE,1704598840208477458,D3:F4:55:AB:96:20,-68
BLE,1704598840401105225,D3:F4:55:AB:96:20,-66
BLE,1704598840595204648,D3:F4:55:AB:96:20,-68
BLE,1704598840790896684,D3:F4:55:AB:96:20,-71
BLE,1704598841173998485,D3:F4:55:AB:96:20,-71
BLE,1704598841367617495,D3:F4:55:AB:96:20,-68
BLE,1704598841463666548,DF:DF:EE:00:00:04,-53
BLE,1704598841558983356,D3:F4:55:AB:96:20,-52
BLE,1704598841748328149,D3:F4:55:AB:96:20,-53
BLE,1704598841937680442,D3:F4:55:AB:96:20,-71
BLE,1704598842128908512,D3:F4:55:AB:96:20,-68
BLE,1704598842510616116,D3:F4:55:AB:96:20,-68
BLE,1704598842702077392,D3:F4:55:AB:96:20,-71
BLE,1704598842732631824,DF:DF:EE:00:00:04,-55
BLE,1704598843081390306,D3:F4:55:AB:96:20,-71
BLE,1704598843271452677,D3:F4:55:AB:96:20,-68
BLE,1704598843461563381,D3:F4:55:AB:96:20,-68
BLE,1704598843739299618,DF:DF:EE:00:00:04,-53
BLE,1704598843740932814,DF:DF:EE:00:00:04,-55
BLE,1704598843849083898,D3:F4:55:AB:96:20,-71
BLE,1704598844229155932,D3:F4:55:AB:96:20,-71
BLE,1704598844268049382,DF:DF:EE:00:00:04,-51
BLE,1704598844421555909,D3:F4:55:AB:96:20,-68
BLE,1704598844446525717,DF:A6:DC:DC:2E:81,-72
BLE,1704598844446557634,DF:DF:EE:00:00:01,-72
BLE,1704598844615071337,D3:F4:55:AB:96:20,-71
BLE,1704598844733755757,DF:DF:EE:00:00:04,-55
BLE,1704598844995379785,D3:F4:55:AB:96:20,-71
BLE,1704598845186906436,D3:F4:55:AB:96:20,-52
BLE,1704598845384414749,D3:F4:55:AB:96:20,-69
BLE,1704598845576896435,D3:F4:55:AB:96:20,-68
BLE,1704598845962169761,D3:F4:55:AB:96:20,-71
BLE,1704598846013812781,DF:DF:EE:00:00:04,-54
BLE,1704598846152228215,D3:F4:55:AB:96:20,-69
BLE,1704598846344738234,D3:F4:55:AB:96:20,-71
BLE,1704598846535209101,D3:F4:55:AB:96:20,-52
BLE,1704598846559053501,DF:DF:EE:00:00:04,-56
BLE,1704598846730225476,D3:F4:55:AB:96:20,-71
BLE,1704598846990332890,DF:A6:DC:DC:2E:81,-58
BLE,1704598846990390890,DF:DF:EE:00:00:01,-58
BLE,1704598847116473170,D3:F4:55:AB:96:20,-52
BLE,1704598847306020628,D3:F4:55:AB:96:20,-53
BLE,1704598847496730035,D3:F4:55:AB:96:20,-55
BLE,1704598847881012286,D3:F4:55:AB:96:20,-69
BLE,1704598848010241666,DF:DF:EE:00:00:04,-45
BLE,1704598848072002441,D3:F4:55:AB:96:20,-53
BLE,1704598848267679310,D3:F4:55:AB:96:20,-52
BLE,1704598848462833725,D3:F4:55:AB:96:20,-55
BLE,1704598848557830369,DF:DF:EE:00:00:04,-39
BLE,1704598848655284911,D3:F4:55:AB:96:20,-66
BLE,1704598848848997420,D3:F4:55:AB:96:20,-52
BLE,1704598849041875144,D3:F4:55:AB:96:20,-52
BLE,1704598849236000858,D3:F4:55:AB:96:20,-68
BLE,1704598849551991676,DF:DF:EE:00:00:04,-54
BLE,1704598849817679923,D3:F4:55:AB:96:20,-67
BLE,1704598850008048458,D3:F4:55:AB:96:20,-67
BLE,1704598850014123453,DF:DF:EE:00:00:04,-52
BLE,1704598850403320625,D3:F4:55:AB:96:20,-68
BLE,1704598850556349614,DF:DF:EE:00:00:04,-53
BLE,1704598850594826234,D3:F4:55:AB:96:20,-68
BLE,1704598850788878532,D3:F4:55:AB:96:20,-68
BLE,1704598850817269439,DF:A6:DC:DC:2E:81,-73
BLE,1704598850817298230,DF:DF:EE:00:00:01,-73
BLE,1704598850980815222,D3:F4:55:AB:96:20,-71
BLE,1704598851173543864,D3:F4:55:AB:96:20,-66
BLE,1704598851370105601,D3:F4:55:AB:96:20,-68
BLE,1704598851744181055,D3:F4:55:AB:96:20,-69
BLE,1704598851935270543,D3:F4:55:AB:96:20,-52
BLE,1704598852120617117,D3:F4:55:AB:96:20,-52
BLE,1704598852504872243,D3:F4:55:AB:96:20,-72
BLE,1704598852894137706,D3:F4:55:AB:96:20,-60
BLE,1704598853275287897,D3:F4:55:AB:96:20,-60
BLE,1704598853471378263,D3:F4:55:AB:96:20,-52
BLE,1704598853661689215,D3:F4:55:AB:96:20,-69
BLE,1704598853857342460,D3:F4:55:AB:96:20,-53
BLE,1704598853858680658,D3:F4:55:AB:96:20,-61
BLE,1704598854053355201,D3:F4:55:AB:96:20,-52
BLE,1704598854101726454,DF:DF:EE:00:00:04,-51
BLE,1704598854251709175,D3:F4:55:AB:96:20,-69
BLE,1704598854445357393,D3:F4:55:AB:96:20,-71
BLE,1704598854567059581,DF:DF:EE:00:00:04,-54
BLE,1704598854640562182,D3:F4:55:AB:96:20,-69
BLE,1704598854837394251,D3:F4:55:AB:96:20,-68
BLE,1704598855029381898,D3:F4:55:AB:96:20,-71
BLE,1704598855108519539,DF:DF:EE:00:00:04,-55
BLE,1704598855223994775,D3:F4:55:AB:96:20,-67
BLE,1704598855419256481,D3:F4:55:AB:96:20,-68
BLE,1704598855572909715,DF:DF:EE:00:00:04,-52
BLE,1704598855606138168,D3:F4:55:AB:96:20,-67
BLE,1704598855798002775,D3:F4:55:AB:96:20,-71
BLE,1704598855990932623,D3:F4:55:AB:96:20,-68
BLE,1704598856184262552,D3:F4:55:AB:96:20,-52
BLE,1704598856376294616,D3:F4:55:AB:96:20,-68
BLE,1704598856761729941,D3:F4:55:AB:96:20,-71
BLE,1704598856843770185,DF:DF:EE:00:00:04,-51
BLE,1704598856953683756,D3:F4:55:AB:96:20,-68
BLE,1704598857149943620,D3:F4:55:AB:96:20,-71
BLE,1704598857151278360,D3:F4:55:AB:96:20,-68
BLE,1704598857384074860,DF:DF:EE:00:00:04,-51
BLE,1704598857845622850,DF:DF:EE:00:00:04,-52
BLE,1704598857919157867,D3:F4:55:AB:96:20,-68
BLE,1704598858107862623,D3:F4:55:AB:96:20,-68
BLE,1704598858304875149,D3:F4:55:AB:96:20,-69
BLE,1704598858491210840,D3:F4:55:AB:96:20,-66
BLE,1704598858877852156,D3:F4:55:AB:96:20,-71
BLE,1704598859069893970,D3:F4:55:AB:96:20,-69
BLE,1704598859256957863,D3:F4:55:AB:96:20,-68
BLE,1704598859639111839,D3:F4:55:AB:96:20,-68
BLE,1704598859834287212,D3:F4:55:AB:96:20,-68
BLE,1704598859841200367,DF:DF:EE:00:00:04,-50
BLE,1704598860028337677,D3:F4:55:AB:96:20,-70
BLE,1704598860380679382,DF:DF:EE:00:00:04,-50
BLE,1704598860409668784,D3:F4:55:AB:96:20,-71
BLE,1704598860599227617,D3:F4:55:AB:96:20,-68
BLE,1704598860791813593,D3:F4:55:AB:96:20,-71
BLE,1704598860981823214,D3:F4:55:AB:96:20,-68
BLE,1704598861172546413,D3:F4:55:AB:96:20,-71
BLE,1704598861364062314,D3:F4:55:AB:96:20,-69
BLE,1704598861384685155,DF:DF:EE:00:00:04,-55
BLE,1704598861555382008,D3:F4:55:AB:96:20,-69
BLE,1704598861750012552,D3:F4:55:AB:96:20,-68
BLE,1704598861841766221,DF:DF:EE:00:00:04,-50
BLE,1704598861945593047,D3:F4:55:AB:96:20,-68
BLE,1704598862133137770,D3:F4:55:AB:96:20,-68
BLE,1704598862268384063,DF:A6:DC:DC:2E:81,-73
BLE,1704598862268410146,DF:DF:EE:00:00:01,-73
BLE,1704598862331887907,D3:F4:55:AB:96:20,-68
BLE,1704598862523195977,D3:F4:55:AB:96:20,-71
BLE,1704598862716476323,D3:F4:55:AB:96:20,-68
BLE,1704598862914272134,D3:F4:55:AB:96:20,-68
BLE,1704598863109523506,D3:F4:55:AB:96:20,-71
BLE,1704598863118877226,DF:DF:EE:00:00:04,-55
BLE,1704598863489290042,D3:F4:55:AB:96:20,-71
BLE,1704598863663500326,DF:DF:EE:00:00:04,-50
BLE,1704598863685100243,D3:F4:55:AB:96:20,-67
BLE,1704598863883559133,D3:F4:55:AB:96:20,-69
BLE,1704598864074206499,D3:F4:55:AB:96:20,-71
BLE,1704598864116358008,DF:DF:EE:00:00:04,-50
BLE,1704598864462315595,D3:F4:55:AB:96:20,-71
BLE,1704598864651465431,D3:F4:55:AB:96:20,-69
BLE,1704598864663965460,DF:DF:EE:00:00:04,-52
BLE,1704598864811655698,DF:A6:DC:DC:2E:81,-72
BLE,1704598864811682782,DF:DF:EE:00:00:01,-72
BLE,1704598864841397303,D3:F4:55:AB:96:20,-71
BLE,1704598865034471317,D3:F4:55:AB:96:20,-68
BLE,1704598865122081018,DF:DF:EE:00:00:04,-54
BLE,1704598865223835901,D3:F4:55:AB:96:20,-71
BLE,1704598865602594945,D3:F4:55:AB:96:20,-67
BLE,1704598865998130734,D3:F4:55:AB:96:20,-68
BLE,1704598866122651192,DF:DF:EE:00:00:04,-52
BLE,1704598866193204275,D3:F4:55:AB:96:20,-71
BLE,1704598866574642506,D3:F4:55:AB:96:20,-71
BLE,1704598866767086775,D3:F4:55:AB:96:20,-68
BLE,1704598866965762829,D3:F4:55:AB:96:20,-68
BLE,1704598867160583996,D3:F4:55:AB:96:20,-71
BLE,1704598867351847191,DF:A6:DC:DC:2E:81,-72
BLE,1704598867351877358,DF:DF:EE:00:00:01,-72
BLE,1704598867548310138,D3:F4:55:AB:96:20,-68
BLE,1704598867737602556,D3:F4:55:AB:96:20,-68
BLE,1704598867931370523,DF:DF:EE:00:00:04,-55
BLE,1704598868122045722,D3:F4:55:AB:96:20,-67
BLE,1704598868391823354,DF:DF:EE:00:00:04,-50
BLE,1704598868511485933,D3:F4:55:AB:96:20,-60
BLE,1704598868890625391,D3:F4:55:AB:96:20,-71
BLE,1704598869080491013,D3:F4:55:AB:96:20,-69
BLE,1704598869266996411,D3:F4:55:AB:96:20,-68
BLE,1704598869845233127,D3:F4:55:AB:96:20,-52
BLE,1704598869894649539,DF:A6:DC:DC:2E:81,-72
BLE,1704598869894676789,DF:DF:EE:00:00:01,-72
BLE,1704598870038284308,D3:F4:55:AB:96:20,-71
BLE,1704598870204868568,DF:DF:EE:00:00:04,-54
BLE,1704598870419228585,D3:F4:55:AB:96:20,-71
BLE,1704598870613988211,D3:F4:55:AB:96:20,-69
BLE,1704598870662092674,DF:DF:EE:00:00:04,-51
BLE,1704598870807096058,D3:F4:55:AB:96:20,-71
BLE,1704598870998116588,D3:F4:55:AB:96:20,-68
BLE,1704598871193391961,D3:F4:55:AB:96:20,-69
BLE,1704598871208312512,DF:DF:EE:00:00:04,-53
BLE,1704598871388158962,D3:F4:55:AB:96:20,-71
BLE,1704598871577259881,D3:F4:55:AB:96:20,-68
BLE,1704598871664052130,DF:DF:EE:00:00:04,-40
BLE,1704598871765952846,D3:F4:55:AB:96:20,-68
BLE,1704598871958172575,D3:F4:55:AB:96:20,-67
BLE,1704598872144411725,D3:F4:55:AB:96:20,-69
BLE,1704598872204694178,DF:DF:EE:00:00:04,-54
BLE,1704598872341117419,D3:F4:55:AB:96:20,-68
BLE,1704598872442715138,DF:A6:DC:DC:2E:81,-71
BLE,1704598872442744471,DF:DF:EE:00:00:01,-71
BLE,1704598872531873951,D3:F4:55:AB:96:20,-68
BLE,1704598872665592381,DF:DF:EE:00:00:04,-50
BLE,1704598872920863208,D3:F4:55:AB:96:20,-71
BLE,1704598873202132710,DF:DF:EE:00:00:04,-50
BLE,1704598873301583986,D3:F4:55:AB:96:20,-71
BLE,1704598873492284769,D3:F4:55:AB:96:20,-68
BLE,1704598873663367785,DF:DF:EE:00:00:04,-52
BLE,1704598873683288090,D3:F4:55:AB:96:20,-71
BLE,1704598873719613727,DF:A6:DC:DC:2E:81,-72
BLE,1704598873719639352,DF:DF:EE:00:00:01,-72
BLE,1704598874068310794,D3:F4:55:AB:96:20,-71
BLE,1704598874204298872,DF:DF:EE:00:00:04,-53
BLE,1704598874448595117,D3:F4:55:AB:96:20,-55
BLE,1704598874643371952,D3:F4:55:AB:96:20,-68
BLE,1704598874838451659,D3:F4:55:AB:96:20,-68
BLE,1704598875030069184,D3:F4:55:AB:96:20,-68
BLE,1704598875031606714,D3:F4:55:AB:96:20,-71
BLE,1704598875412815030,D3:F4:55:AB:96:20,-68
BLE,1704598875414156561,D3:F4:55:AB:96:20,-71
BLE,1704598875610120345,D3:F4:55:AB:96:20,-67
BLE,1704598875799111182,D3:F4:55:AB:96:20,-71
BLE,1704598875937515742,DF:DF:EE:00:00:04,-52
BLE,1704598875993275021,D3:F4:55:AB:96:20,-66
BLE,1704598876184087095,D3:F4:55:AB:96:20,-71
BLE,1704598876265384427,DF:A6:DC:DC:2E:81,-73
BLE,1704598876265416802,DF:DF:EE:00:00:01,-73
BLE,1704598876374639420,D3:F4:55:AB:96:20,-67
BLE,1704598876479551737,DF:DF:EE:00:00:04,-54
BLE,1704598876567114480,D3:F4:55:AB:96:20,-71
BLE,1704598876940083568,DF:DF:EE:00:00:04,-50
BLE,1704598876953359091,D3:F4:55:AB:96:20,-69
BLE,1704598877149271000,D3:F4:55:AB:96:20,-71
BLE,1704598877338447877,D3:F4:55:AB:96:20,-69
BLE,1704598877477011394,DF:DF:EE:00:00:04,-50
BLE,1704598877534510994,D3:F4:55:AB:96:20,-71
BLE,1704598877726119102,D3:F4:55:AB:96:20,-69
BLE,1704598877917489629,D3:F4:55:AB:96:20,-71
BLE,1704598877918915577,D3:F4:55:AB:96:20,-68
BLE,1704598877939422669,DF:DF:EE:00:00:04,-53
BLE,1704598878298502114,D3:F4:55:AB:96:20,-71
BLE,1704598878487935823,D3:F4:55:AB:96:20,-52
BLE,1704598878681492250,D3:F4:55:AB:96:20,-71
BLE,1704598879064237846,D3:F4:55:AB:96:20,-71
BLE,1704598879225436522,DF:DF:EE:00:00:04,-55
BLE,1704598879443355053,D3:F4:55:AB:96:20,-71
BLE,1704598879633313133,D3:F4:55:AB:96:20,-67
BLE,1704598879826740103,D3:F4:55:AB:96:20,-69
BLE,1704598880211462559,D3:F4:55:AB:96:20,-71
BLE,1704598880402689462,D3:F4:55:AB:96:20,-68
BLE,1704598880599781279,D3:F4:55:AB:96:20,-68
BLE,1704598880788657575,D3:F4:55:AB:96:20,-67
BLE,1704598880977483955,D3:F4:55:AB:96:20,-71
BLE,1704598881170709843,D3:F4:55:AB:96:20,-68
BLE,1704598881349727174,DF:A6:DC:DC:2E:81,-72
BLE,1704598881349756049,DF:DF:EE:00:00:01,-72
BLE,1704598881366655877,D3:F4:55:AB:96:20,-68
BLE,1704598881561780417,D3:F4:55:AB:96:20,-71
BLE,1704598881754605141,D3:F4:55:AB:96:20,-68
BLE,1704598881771072473,DF:DF:EE:00:00:04,-55
BLE,1704598882143343650,D3:F4:55:AB:96:20,-71
BLE,1704598882338266524,D3:F4:55:AB:96:20,-67
BLE,1704598882533756437,D3:F4:55:AB:96:20,-68
BLE,1704598882729790845,D3:F4:55:AB:96:20,-71
BLE,1704598883113734265,D3:F4:55:AB:96:20,-55
BLE,1704598883492473225,D3:F4:55:AB:96:20,-71
BLE,1704598883582189701,DF:DF:EE:00:00:04,-52
BLE,1704598883684354665,D3:F4:55:AB:96:20,-52
BLE,1704598883870030070,D3:F4:55:AB:96:20,-67
BLE,1704598883892668854,DF:A6:DC:DC:2E:81,-73
BLE,1704598883892694479,DF:DF:EE:00:00:01,-73
BLE,1704598884062124716,D3:F4:55:AB:96:20,-68
BLE,1704598884251180970,D3:F4:55:AB:96:20,-68
BLE,1704598884640208226,D3:F4:55:AB:96:20,-71
BLE,1704598884831764668,D3:F4:55:AB:96:20,-69
BLE,1704598885019636306,D3:F4:55:AB:96:20,-66
BLE,1704598885399982379,D3:F4:55:AB:96:20,-68
BLE,1704598885787245898,D3:F4:55:AB:96:20,-71
BLE,1704598886166118358,D3:F4:55:AB:96:20,-68
BLE,1704598886560316782,D3:F4:55:AB:96:20,-68
BLE,1704598886605080188,DF:DF:EE:00:00:04,-54
BLE,1704598886935897850,D3:F4:55:AB:96:20,-71
BLE,1704598887317228374,D3:F4:55:AB:96:20,-70
BLE,1704598887513076992,D3:F4:55:AB:96:20,-68
BLE,1704598887880285791,DF:DF:EE:00:00:04,-53
BLE,1704598887895923837,D3:F4:55:AB:96:20,-68
BLE,1704598888086486245,D3:F4:55:AB:96:20,-71
BLE,1704598888282237406,D3:F4:55:AB:96:20,-68
BLE,1704598888413480187,DF:DF:EE:00:00:04,-50
BLE,1704598888670577375,D3:F4:55:AB:96:20,-71
BLE,1704598888859983959,D3:F4:55:AB:96:20,-52
BLE,1704598888876890329,DF:DF:EE:00:00:04,-39
BLE,1704598889053963800,D3:F4:55:AB:96:20,-71
BLE,1704598889246894190,D3:F4:55:AB:96:20,-68
BLE,1704598889421051891,DF:DF:EE:00:00:04,-54
BLE,1704598889437251225,D3:F4:55:AB:96:20,-71
BLE,1704598889630664362,D3:F4:55:AB:96:20,-66
BLE,1704598889877169340,DF:DF:EE:00:00:04,-50
BLE,1704598890018217629,D3:F4:55:AB:96:20,-56
BLE,1704598890261802171,DF:A6:DC:DC:2E:81,-73
BLE,1704598890261830671,DF:DF:EE:00:00:01,-73
BLE,1704598890403946994,D3:F4:55:AB:96:20,-71
BLE,1704598890595245688,D3:F4:55:AB:96:20,-66
BLE,1704598890787854914,D3:F4:55:AB:96:20,-71
BLE,1704598890789375069,D3:F4:55:AB:96:20,-68
BLE,1704598890977338664,D3:F4:55:AB:96:20,-52
BLE,1704598891167297911,D3:F4:55:AB:96:20,-71
BLE,1704598891362420243,D3:F4:55:AB:96:20,-68
BLE,1704598891557581824,D3:F4:55:AB:96:20,-68
BLE,1704598891750137384,D3:F4:55:AB:96:20,-71
BLE,1704598891944457347,D3:F4:55:AB:96:20,-68
BLE,1704598892140752669,D3:F4:55:AB:96:20,-68
BLE,1704598892332592693,D3:F4:55:AB:96:20,-53
BLE,1704598892418251867,DF:DF:EE:00:00:04,-50
BLE,1704598892523203934,D3:F4:55:AB:96:20,-68
BLE,1704598892718176351,D3:F4:55:AB:96:20,-71
BLE,1704598892914528923,D3:F4:55:AB:96:20,-67
BLE,1704598893107690436,D3:F4:55:AB:96:20,-68
BLE,1704598893295415033,D3:F4:55:AB:96:20,-67
BLE,1704598893495356078,D3:F4:55:AB:96:20,-68
BLE,1704598893687469683,D3:F4:55:AB:96:20,-71
BLE,1704598893699864337,DF:DF:EE:00:00:04,-50
BLE,1704598894077234141,D3:F4:55:AB:96:20,-68
BLE,1704598894241021756,DF:DF:EE:00:00:04,-50
BLE,1704598894266161729,D3:F4:55:AB:96:20,-68
BLE,1704598894462181721,D3:F4:55:AB:96:20,-69
BLE,1704598894658298878,D3:F4:55:AB:96:20,-71
BLE,1704598894706074427,DF:DF:EE:00:00:04,-54
BLE,1704598895039831983,D3:F4:55:AB:96:20,-54
BLE,1704598895232457459,D3:F4:55:AB:96:20,-68
BLE,1704598895421310423,D3:F4:55:AB:96:20,-71
BLE,1704598895810503177,D3:F4:55:AB:96:20,-68
BLE,1704598895972684346,DF:DF:EE:00:00:04,-51
BLE,1704598896000781671,D3:F4:55:AB:96:20,-68
BLE,1704598896517594819,DF:DF:EE:00:00:04,-34
BLE,1704598896764920457,D3:F4:55:AB:96:20,-68
BLE,1704598896957960888,D3:F4:55:AB:96:20,-68
BLE,1704598896977594362,DF:DF:EE:00:00:04,-54
BLE,1704598897153240969,D3:F4:55:AB:96:20,-71
BLE,1704598897521380219,DF:DF:EE:00:00:04,-54
BLE,1704598897532708840,D3:F4:55:AB:96:20,-71
BLE,1704598897917765960,D3:F4:55:AB:96:20,-71
BLE,1704598898113633411,D3:F4:55:AB:96:20,-67
BLE,1704598898305798891,D3:F4:55:AB:96:20,-68
BLE,1704598898495905094,D3:F4:55:AB:96:20,-68
BLE,1704598898684599809,D3:F4:55:AB:96:20,-71
BLE,1704598898878299401,D3:F4:55:AB:96:20,-67
BLE,1704598898981199818,DF:DF:EE:00:00:04,-38
BLE,1704598899194190345,DF:A6:DC:DC:2E:81,-72
BLE,1704598899194221762,DF:DF:EE:00:00:01,-72
BLE,1704598899262624485,D3:F4:55:AB:96:20,-67
BLE,1704598899453711931,D3:F4:55:AB:96:20,-68
BLE,1704598899520802540,DF:DF:EE:00:00:04,-54
BLE,1704598899642393229,D3:F4:55:AB:96:20,-67
BLE,1704598899831349525,D3:F4:55:AB:96:20,-71
BLE,1704598899975356292,DF:DF:EE:00:00:04,-39
BLE,1704598900020306946,D3:F4:55:AB:96:20,-68
BLE,1704598900207014051,D3:F4:55:AB:96:20,-53
BLE,1704598900401813385,D3:F4:55:AB:96:20,-68
BLE,1704598900519072649,DF:DF:EE:00:00:04,-50
BLE,1704598900592714916,D3:F4:55:AB:96:20,-71
BLE,1704598900782671329,D3:F4:55:AB:96:20,-68
BLE,1704598900976233298,DF:DF:EE:00:00:04,-52
BLE,1704598901361470625,D3:F4:55:AB:96:20,-72
BLE,1704598901557484991,D3:F4:55:AB:96:20,-68
BLE,1704598901939121221,D3:F4:55:AB:96:20,-68
BLE,1704598902128046850,D3:F4:55:AB:96:20,-71
BLE,1704598902252235061,DF:DF:EE:00:00:04,-51
BLE,1704598902321433904,D3:F4:55:AB:96:20,-67
BLE,1704598902516551069,D3:F4:55:AB:96:20,-68
BLE,1704598902792786776,DF:DF:EE:00:00:04,-50
BLE,1704598902900205324,D3:F4:55:AB:96:20,-68
BLE,1704598903089724324,D3:F4:55:AB:96:20,-71
BLE,1704598903280035568,D3:F4:55:AB:96:20,-69
BLE,1704598903468988780,D3:F4:55:AB:96:20,-67
BLE,1704598903797909999,DF:DF:EE:00:00:04,-55
BLE,1704598903858368034,D3:F4:55:AB:96:20,-70
BLE,1704598904242136122,D3:F4:55:AB:96:20,-71
BLE,1704598904280394078,DF:A6:DC:DC:2E:81,-72
BLE,1704598904280419202,DF:DF:EE:00:00:01,-72
BLE,1704598904631103337,D3:F4:55:AB:96:20,-68
BLE,1704598904819183723,D3:F4:55:AB:96:20,-69
BLE,1704598905012244904,D3:F4:55:AB:96:20,-68
BLE,1704598905206462159,D3:F4:55:AB:96:20,-71
BLE,1704598905396548613,D3:F4:55:AB:96:20,-69
BLE,1704598905531093577,DF:DF:EE:00:00:04,-55
BLE,1704598905582266434,D3:F4:55:AB:96:20,-69
BLE,1704598905772769426,D3:F4:55:AB:96:20,-70
BLE,1704598905968509795,D3:F4:55:AB:96:20,-52
BLE,1704598906071567085,DF:DF:EE:00:00:04,-56
BLE,1704598906163230463,D3:F4:55:AB:96:20,-69
BLE,1704598906352291466,D3:F4:55:AB:96:20,-71
BLE,1704598906524983929,DF:DF:EE:00:00:04,-51
BLE,1704598906736761424,D3:F4:55:AB:96:20,-70
BLE,1704598906930114019,D3:F4:55:AB:96:20,-67
BLE,1704598907069858944,DF:DF:EE:00:00:04,-50
BLE,1704598907310686840,D3:F4:55:AB:96:20,-68
BLE,1704598907527680587,DF:DF:EE:00:00:04,-52
BLE,1704598907886644366,D3:F4:55:AB:96:20,-71
BLE,1704598908077836645,D3:F4:55:AB:96:20,-68
BLE,1704598908104773229,DF:A6:DC:DC:2E:81,-72
BLE,1704598908104798312,DF:DF:EE:00:00:01,-72
BLE,1704598908275352125,D3:F4:55:AB:96:20,-68
BLE,1704598908462650892,D3:F4:55:AB:96:20,-68
BLE,1704598908850040869,D3:F4:55:AB:96:20,-69
BLE,1704598909042551054,D3:F4:55:AB:96:20,-68
BLE,1704598909235803775,D3:F4:55:AB:96:20,-71
BLE,1704598909340405970,DF:DF:EE:00:00:04,-50
BLE,1704598909431375686,D3:F4:55:AB:96:20,-68
BLE,1704598909619960068,D3:F4:55:AB:96:20,-71
BLE,1704598909805739097,DF:DF:EE:00:00:04,-55
BLE,1704598910007635210,D3:F4:55:AB:96:20,-68
BLE,1704598910193546571,D3:F4:55:AB:96:20,-67
BLE,1704598910393310992,D3:F4:55:AB:96:20,-69
BLE,1704598910590469933,D3:F4:55:AB:96:20,-68
BLE,1704598910779249272,D3:F4:55:AB:96:20,-68
BLE,1704598910978232949,D3:F4:55:AB:96:20,-68
BLE,1704598911167901614,D3:F4:55:AB:96:20,-71
BLE,1704598911358667021,D3:F4:55:AB:96:20,-68
BLE,1704598911545431000,D3:F4:55:AB:96:20,-68
BLE,1704598911621190709,DF:DF:EE:00:00:04,-52
BLE,1704598911735778827,D3:F4:55:AB:96:20,-69
BLE,1704598911928600010,D3:F4:55:AB:96:20,-52
BLE,1704598911929701918,DF:A6:DC:DC:2E:81,-57
BLE,1704598911929728501,DF:DF:EE:00:00:01,-57
BLE,1704598912083032238,DF:DF:EE:00:00:04,-50
BLE,1704598912121827148,D3:F4:55:AB:96:20,-68
BLE,1704598912315234951,D3:F4:55:AB:96:20,-71
BLE,1704598912505237114,D3:F4:55:AB:96:20,-68
BLE,1704598912623090873,DF:DF:EE:00:00:04,-50
BLE,1704598913466542091,D3:F4:55:AB:96:20,-71
BLE,1704598913848973564,D3:F4:55:AB:96:20,-71
BLE,1704598914041548041,D3:F4:55:AB:96:20,-68
BLE,1704598914240394844,D3:F4:55:AB:96:20,-68
BLE,1704598914348919675,DF:DF:EE:00:00:04,-54
BLE,1704598914433703523,D3:F4:55:AB:96:20,-70
BLE,1704598914629190893,D3:F4:55:AB:96:20,-68
BLE,1704598914823174900,D3:F4:55:AB:96:20,-69
BLE,1704598915010623291,D3:F4:55:AB:96:20,-68
BLE,1704598915355212972,DF:DF:EE:00:00:04,-53
BLE,1704598915395393330,D3:F4:55:AB:96:20,-68
BLE,1704598915588644759,D3:F4:55:AB:96:20,-69
BLE,1704598915778724005,D3:F4:55:AB:96:20,-68
BLE,1704598916171828105,D3:F4:55:AB:96:20,-52
BLE,1704598916358997039,D3:F4:55:AB:96:20,-52
BLE,1704598916550376400,D3:F4:55:AB:96:20,-55
BLE,1704598916745268858,D3:F4:55:AB:96:20,-66
BLE,1704598917138183584,D3:F4:55:AB:96:20,-53
BLE,1704598917168016230,DF:DF:EE:00:00:04,-35
BLE,1704598917332229216,D3:F4:55:AB:96:20,-71
BLE,1704598917528406623,D3:F4:55:AB:96:20,-52
BLE,1704598917629246972,DF:DF:EE:00:00:04,-52
BLE,1704598917719291571,D3:F4:55:AB:96:20,-54
BLE,1704598917910998470,D3:F4:55:AB:96:20,-66
BLE,1704598918106220218,D3:F4:55:AB:96:20,-68
BLE,1704598918296703752,D3:F4:55:AB:96:20,-66
BLE,1704598918485643131,D3:F4:55:AB:96:20,-71
BLE,1704598918863741388,D3:F4:55:AB:96:20,-71
BLE,1704598919255353957,D3:F4:55:AB:96:20,-68
BLE,1704598919438467632,DF:DF:EE:00:00:04,-55
BLE,1704598919450012709,D3:F4:55:AB:96:20,-71
BLE,1704598919645097583,D3:F4:55:AB:96:20,-68
BLE,1704598919839429796,D3:F4:55:AB:96:20,-68
BLE,1704598919892798552,DF:DF:EE:00:00:04,-50
BLE,1704598920027050269,D3:F4:55:AB:96:20,-67
BLE,1704598920221708854,D3:F4:55:AB:96:20,-69
BLE,1704598920413543628,D3:F4:55:AB:96:20,-66
BLE,1704598920415092241,D3:F4:55:AB:96:20,-71
BLE,1704598920440099673,DF:DF:EE:00:00:04,-53
BLE,1704598920606066979,D3:F4:55:AB:96:20,-69
BLE,1704598920800649940,D3:F4:55:AB:96:20,-55
BLE,1704598921183089747,D3:F4:55:AB:96:20,-60
BLE,1704598921377703666,D3:F4:55:AB:96:20,-69
BLE,1704598921574071530,D3:F4:55:AB:96:20,-78
BLE,1704598921770354686,D3:F4:55:AB:96:20,-69
BLE,1704598921896958503,DF:DF:EE:00:00:04,-50
BLE,1704598921967936124,D3:F4:55:AB:96:20,-55
BLE,1704598922157561456,D3:F4:55:AB:96:20,-52
BLE,1704598922344759390,D3:F4:55:AB:96:20,-68
BLE,1704598922540867423,D3:F4:55:AB:96:20,-52
BLE,1704598922735125011,D3:F4:55:AB:96:20,-60
BLE,1704598922897624260,DF:DF:EE:00:00:04,-38
BLE,1704598922929632931,D3:F4:55:AB:96:20,-66
BLE,1704598923315118464,D3:F4:55:AB:96:20,-52
BLE,1704598923440533916,DF:DF:EE:00:00:04,-54
BLE,1704598923697762644,D3:F4:55:AB:96:20,-66
BLE,1704598924090514455,D3:F4:55:AB:96:20,-68
BLE,1704598924278215136,D3:F4:55:AB:96:20,-68
BLE,1704598924468828127,D3:F4:55:AB:96:20,-69
BLE,1704598924848135625,D3:F4:55:AB:96:20,-71
BLE,1704598925170082564,DF:DF:EE:00:00:04,-55
BLE,1704598925230167893,D3:F4:55:AB:96:20,-71
BLE,1704598925617037666,D3:F4:55:AB:96:20,-70
BLE,1704598925920545413,DF:A6:DC:DC:2E:81,-73
BLE,1704598925920579705,DF:DF:EE:00:00:01,-73
BLE,1704598925998357564,D3:F4:55:AB:96:20,-71
BLE,1704598926190283379,D3:F4:55:AB:96:20,-68
BLE,1704598926379416465,D3:F4:55:AB:96:20,-71
BLE,1704598926441480196,DF:DF:EE:00:00:04,-50
BLE,1704598926574300840,D3:F4:55:AB:96:20,-68
BLE,1704598926772801479,D3:F4:55:AB:96:20,-68
BLE,1704598926958279885,D3:F4:55:AB:96:20,-69
BLE,1704598926985484009,DF:DF:EE:00:00:04,-53
BLE,1704598927148031050,D3:F4:55:AB:96:20,-71
BLE,1704598927340273654,D3:F4:55:AB:96:20,-68
BLE,1704598927447046624,DF:DF:EE:00:00:04,-55
BLE,1704598927531213434,D3:F4:55:AB:96:20,-55
BLE,1704598927725873936,D3:F4:55:AB:96:20,-68
BLE,1704598927983208164,DF:DF:EE:00:00:04,-55
BLE,1704598928111494927,D3:F4:55:AB:96:20,-71
BLE,1704598928301178175,D3:F4:55:AB:96:20,-68
BLE,1704598928450719483,DF:DF:EE:00:00:04,-52
BLE,1704598928495498013,D3:F4:55:AB:96:20,-71
BLE,1704598928689499395,D3:F4:55:AB:96:20,-52
BLE,1704598928886500671,D3:F4:55:AB:96:20,-69
BLE,1704598929081823751,D3:F4:55:AB:96:20,-55
BLE,1704598929471192796,D3:F4:55:AB:96:20,-52
BLE,1704598929664969763,D3:F4:55:AB:96:20,-54
BLE,1704598929727693531,DF:DF:EE:00:00:04,-35
BLE,1704598929854940801,D3:F4:55:AB:96:20,-53
BLE,1704598930043309143,D3:F4:55:AB:96:20,-52
BLE,1704598930422872556,D3:F4:55:AB:96:20,-66
BLE,1704598930619182670,D3:F4:55:AB:96:20,-53
BLE,1704598930815220869,D3:F4:55:AB:96:20,-71
BLE,1704598931007467098,D3:F4:55:AB:96:20,-66
BLE,1704598931009494874,DF:A6:DC:DC:2E:81,-72
BLE,1704598931009521499,DF:DF:EE:00:00:01,-72
BLE,1704598931202748095,D3:F4:55:AB:96:20,-69
BLE,1704598931389430867,D3:F4:55:AB:96:20,-68
BLE,1704598931579336697,D3:F4:55:AB:96:20,-71
BLE,1704598931959160899,D3:F4:55:AB:96:20,-69
BLE,1704598932266572617,DF:DF:EE:00:00:04,-50
BLE,1704598932343142694,D3:F4:55:AB:96:20,-71
BLE,1704598932724076721,D3:F4:55:AB:96:20,-71
BLE,1704598933117687233,D3:F4:55:AB:96:20,-68
BLE,1704598933493085053,D3:F4:55:AB:96:20,-69
BLE,1704598933544497532,DF:DF:EE:00:00:04,-54
BLE,1704598933681509561,D3:F4:55:AB:96:20,-68
BLE,1704598933873461417,D3:F4:55:AB:96:20,-71
BLE,1704598934261550055,D3:F4:55:AB:96:20,-68
BLE,1704598934456306723,D3:F4:55:AB:96:20,-71
BLE,1704598934543417178,DF:DF:EE:00:00:04,-51
BLE,1704598934834487563,DF:A6:DC:DC:2E:81,-72
BLE,1704598934834524354,DF:DF:EE:00:00:01,-72
BLE,1704598934840614599,D3:F4:55:AB:96:20,-70
BLE,1704598935080905958,DF:DF:EE:00:00:04,-50
BLE,1704598935224554811,D3:F4:55:AB:96:20,-71
BLE,1704598935420069806,D3:F4:55:AB:96:20,-68
BLE,1704598935543480773,DF:DF:EE:00:00:04,-55
BLE,1704598935613045029,D3:F4:55:AB:96:20,-69
BLE,1704598935803196649,D3:F4:55:AB:96:20,-52
BLE,1704598935996003791,D3:F4:55:AB:96:20,-68
BLE,1704598936084376235,DF:DF:EE:00:00:04,-55
BLE,1704598936192537320,D3:F4:55:AB:96:20,-71
BLE,1704598936383003187,D3:F4:55:AB:96:20,-68
BLE,1704598936540945347,DF:DF:EE:00:00:04,-50
BLE,1704598936572109274,D3:F4:55:AB:96:20,-70
BLE,1704598936761064069,D3:F4:55:AB:96:20,-69
BLE,1704598936953499422,D3:F4:55:AB:96:20,-71
BLE,1704598937081326813,DF:DF:EE:00:00:04,-50
BLE,1704598937146031565,D3:F4:55:AB:96:20,-53
BLE,1704598937335777771,D3:F4:55:AB:96:20,-71
BLE,1704598937548319469,DF:DF:EE:00:00:04,-55
BLE,1704598937720159772,D3:F4:55:AB:96:20,-71
BLE,1704598937915131396,D3:F4:55:AB:96:20,-68
BLE,1704598938090964626,DF:DF:EE:00:00:04,-55
BLE,1704598938112822875,D3:F4:55:AB:96:20,-68
BLE,1704598938303224618,D3:F4:55:AB:96:20,-71
BLE,1704598938496436173,D3:F4:55:AB:96:20,-52
BLE,1704598938655892529,DF:A6:DC:DC:2E:81,-72
BLE,1704598938655922237,DF:DF:EE:00:00:01,-72
BLE,1704598938691716420,D3:F4:55:AB:96:20,-71
BLE,1704598939071938869,D3:F4:55:AB:96:20,-71
BLE,1704598939159974233,DF:DF:EE:00:00:04,-52
BLE,1704598939265477421,D3:F4:55:AB:96:20,-68
BLE,1704598939462939818,D3:F4:55:AB:96:20,-68
BLE,1704598939580609037,DF:DF:EE:00:00:04,-50
BLE,1704598939655719251,D3:F4:55:AB:96:20,-71
BLE,1704598939844951586,D3:F4:55:AB:96:20,-68
BLE,1704598940030606782,D3:F4:55:AB:96:20,-68
BLE,1704598940225102494,D3:F4:55:AB:96:20,-69
BLE,1704598940410795940,D3:F4:55:AB:96:20,-68
BLE,1704598940599345989,D3:F4:55:AB:96:20,-71
BLE,1704598940793532536,D3:F4:55:AB:96:20,-67
BLE,1704598940982295333,D3:F4:55:AB:96:20,-71
BLE,1704598941177300749,D3:F4:55:AB:96:20,-68
BLE,1704598941329790076,DF:DF:EE:00:00:04,-54
BLE,1704598941367291329,D3:F4:55:AB:96:20,-71
BLE,1704598941561015255,D3:F4:55:AB:96:20,-68
BLE,1704598941754241809,D3:F4:55:AB:96:20,-69
BLE,1704598941948884228,D3:F4:55:AB:96:20,-71
BLE,1704598942340542797,D3:F4:55:AB:96:20,-69
BLE,1704598942528645100,D3:F4:55:AB:96:20,-68
BLE,1704598942598978683,DF:DF:EE:00:00:04,-51
BLE,1704598942717747603,D3:F4:55:AB:96:20,-71
BLE,1704598942912364355,D3:F4:55:AB:96:20,-68
BLE,1704598943104799457,D3:F4:55:AB:96:20,-68
BLE,1704598943293400922,D3:F4:55:AB:96:20,-69
BLE,1704598943488594254,D3:F4:55:AB:96:20,-68
BLE,1704598943679041413,D3:F4:55:AB:96:20,-69
BLE,1704598943742330676,DF:A6:DC:DC:2E:81,-72
BLE,1704598943742356467,DF:DF:EE:00:00:01,-72
BLE,1704598943870949311,DF:DF:EE:00:00:04,-54
BLE,1704598943876064063,D3:F4:55:AB:96:20,-68
BLE,1704598944074587744,D3:F4:55:AB:96:20,-68
BLE,1704598944269388911,D3:F4:55:AB:96:20,-56
BLE,1704598944409617124,DF:DF:EE:00:00:04,-54
BLE,1704598944659029288,D3:F4:55:AB:96:20,-69
BLE,1704598944847433296,D3:F4:55:AB:96:20,-68
BLE,1704598944866152569,DF:DF:EE:00:00:04,-50
BLE,1704598945039802607,D3:F4:55:AB:96:20,-69
BLE,1704598945233548783,D3:F4:55:AB:96:20,-71
BLE,1704598945407262571,DF:DF:EE:00:00:04,-50
BLE,1704598945428650823,D3:F4:55:AB:96:20,-68
BLE,1704598945620091142,D3:F4:55:AB:96:20,-55
BLE,1704598946001244125,D3:F4:55:AB:96:20,-71
BLE,1704598946193220523,D3:F4:55:AB:96:20,-68
BLE,1704598946287161216,DF:A6:DC:DC:2E:81,-73
BLE,1704598946287189299,DF:DF:EE:00:00:01,-73
BLE,1704598946391935327,D3:F4:55:AB:96:20,-68
BLE,1704598946579994629,D3:F4:55:AB:96:20,-68
BLE,1704598946773128226,D3:F4:55:AB:96:20,-68
BLE,1704598946966224990,D3:F4:55:AB:96:20,-55
BLE,1704598947348439632,D3:F4:55:AB:96:20,-56
BLE,1704598947541791269,D3:F4:55:AB:96:20,-68
BLE,1704598947678514467,DF:DF:EE:00:00:04,-50
BLE,1704598947730942313,D3:F4:55:AB:96:20,-71
BLE,1704598947927285594,D3:F4:55:AB:96:20,-52
BLE,1704598948126012898,D3:F4:55:AB:96:20,-68
BLE,1704598948137442185,DF:DF:EE:00:00:04,-52
BLE,1704598948313088750,D3:F4:55:AB:96:20,-67
BLE,1704598948503304578,D3:F4:55:AB:96:20,-69
BLE,1704598948677249322,DF:DF:EE:00:00:04,-52
BLE,1704598948694773104,D3:F4:55:AB:96:20,-68
BLE,1704598948891273342,D3:F4:55:AB:96:20,-69
BLE,1704598949080994799,D3:F4:55:AB:96:20,-55
BLE,1704598949270631881,D3:F4:55:AB:96:20,-68
BLE,1704598949463786811,D3:F4:55:AB:96:20,-71
BLE,1704598949854134724,D3:F4:55:AB:96:20,-68
BLE,1704598950043849639,D3:F4:55:AB:96:20,-69
BLE,1704598950109060637,DF:A6:DC:DC:2E:81,-73
BLE,1704598950109086970,DF:DF:EE:00:00:01,-73
BLE,1704598950136883423,DF:DF:EE:00:00:04,-50
BLE,1704598950233458429,D3:F4:55:AB:96:20,-70
BLE,1704598950427423728,D3:F4:55:AB:96:20,-68
BLE,1704598950621971065,D3:F4:55:AB:96:20,-68
BLE,1704598950807518720,D3:F4:55:AB:96:20,-68
BLE,1704598951002506261,D3:F4:55:AB:96:20,-68
BLE,1704598951190767312,D3:F4:55:AB:96:20,-68
BLE,1704598951385220191,D3:F4:55:AB:96:20,-68
BLE,1704598951408768218,DF:DF:EE:00:00:04,-54
BLE,1704598951580772602,D3:F4:55:AB:96:20,-71
BLE,1704598951771285678,D3:F4:55:AB:96:20,-68
BLE,1704598951963894404,D3:F4:55:AB:96:20,-71
BLE,1704598952353606280,D3:F4:55:AB:96:20,-68
BLE,1704598952547375330,D3:F4:55:AB:96:20,-71
BLE,1704598952652597687,DF:A6:DC:DC:2E:81,-72
BLE,1704598952652630020,DF:DF:EE:00:00:01,-72
BLE,1704598952932244952,D3:F4:55:AB:96:20,-71
BLE,1704598953123253440,D3:F4:55:AB:96:20,-67
BLE,1704598953225090698,DF:DF:EE:00:00:04,-52
BLE,1704598953316220163,D3:F4:55:AB:96:20,-70
BLE,1704598953508749640,D3:F4:55:AB:96:20,-68
BLE,1704598954087049023,D3:F4:55:AB:96:20,-69
BLE,1704598954282789808,D3:F4:55:AB:96:20,-71
BLE,1704598954473509049,D3:F4:55:AB:96:20,-68
BLE,1704598954671979396,D3:F4:55:AB:96:20,-68
BLE,1704598954858656668,D3:F4:55:AB:96:20,-66
BLE,1704598954964623352,DF:DF:EE:00:00:04,-39
BLE,1704598955051188686,D3:F4:55:AB:96:20,-68
BLE,1704598955196129821,DF:A6:DC:DC:2E:81,-59
BLE,1704598955196157446,DF:DF:EE:00:00:01,-59
BLE,1704598955433552410,D3:F4:55:AB:96:20,-52
BLE,1704598955629318154,D3:F4:55:AB:96:20,-70
BLE,1704598955820113977,D3:F4:55:AB:96:20,-68
BLE,1704598956204626768,D3:F4:55:AB:96:20,-68
BLE,1704598956233907418,DF:DF:EE:00:00:04,-51
BLE,1704598956401533086,D3:F4:55:AB:96:20,-69
BLE,1704598956597352287,D3:F4:55:AB:96:20,-71
BLE,1704598956771250491,DF:DF:EE:00:00:04,-51
BLE,1704598956789533850,D3:F4:55:AB:96:20,-69
BLE,1704598956975842416,D3:F4:55:AB:96:20,-68
BLE,1704598957168451517,D3:F4:55:AB:96:20,-68
BLE,1704598957356514070,D3:F4:55:AB:96:20,-68
BLE,1704598957551723734,D3:F4:55:AB:96:20,-69
BLE,1704598957739547455,D3:F4:55:AB:96:20,-68
BLE,1704598957771214045,DF:DF:EE:00:00:04,-52
BLE,1704598958234550896,DF:DF:EE:00:00:04,-51
BLE,1704598958324095498,D3:F4:55:AB:96:20,-68
BLE,1704598958711656724,D3:F4:55:AB:96:20,-71
BLE,1704598958774920279,DF:DF:EE:00:00:04,-50
BLE,1704598959023657823,DF:A6:DC:DC:2E:81,-72
BLE,1704598959023693239,DF:DF:EE:00:00:01,-72
BLE,1704598959102219968,D3:F4:55:AB:96:20,-69
BLE,1704598959231654681,DF:DF:EE:00:00:04,-52
BLE,1704598959290042898,D3:F4:55:AB:96:20,-68
BLE,1704598959488282747,D3:F4:55:AB:96:20,-69
BLE,1704598959682199630,D3:F4:55:AB:96:20,-71
BLE,1704598960059128354,D3:F4:55:AB:96:20,-68
BLE,1704598960447635323,D3:F4:55:AB:96:20,-71
BLE,1704598960503754682,DF:DF:EE:00:00:04,-51
BLE,1704598960835370339,D3:F4:55:AB:96:20,-68
BLE,1704598961029681927,D3:F4:55:AB:96:20,-57
BLE,1704598961225240880,D3:F4:55:AB:96:20,-67
BLE,1704598961423083691,D3:F4:55:AB:96:20,-68
BLE,1704598961615268003,D3:F4:55:AB:96:20,-71
BLE,1704598961779970986,DF:DF:EE:00:00:04,-54
BLE,1704598962186579482,D3:F4:55:AB:96:20,-68
BLE,1704598962377130724,D3:F4:55:AB:96:20,-68
BLE,1704598962758575913,D3:F4:55:AB:96:20,-68
BLE,1704598962784732462,DF:DF:EE:00:00:04,-52
BLE,1704598962950507186,D3:F4:55:AB:96:20,-68
BLE,1704598963136125132,D3:F4:55:AB:96:20,-52
BLE,1704598963319982842,DF:DF:EE:00:00:04,-50
BLE,1704598963331198131,D3:F4:55:AB:96:20,-68
BLE,1704598963709441137,D3:F4:55:AB:96:20,-71
BLE,1704598963785143804,DF:DF:EE:00:00:04,-54
BLE,1704598964092373607,D3:F4:55:AB:96:20,-71
BLE,1704598964281030030,D3:F4:55:AB:96:20,-68
BLE,1704598964319667691,DF:DF:EE:00:00:04,-52
BLE,1704598964475246243,D3:F4:55:AB:96:20,-71
BLE,1704598964863020509,D3:F4:55:AB:96:20,-68
BLE,1704598965059813703,D3:F4:55:AB:96:20,-69
BLE,1704598965442628049,D3:F4:55:AB:96:20,-71
BLE,1704598965830519313,D3:F4:55:AB:96:20,-68
BLE,1704598966020083355,D3:F4:55:AB:96:20,-69
BLE,1704598966050486412,DF:DF:EE:00:00:04,-52
BLE,1704598966209159191,D3:F4:55:AB:96:20,-71
BLE,1704598966594819181,D3:F4:55:AB:96:20,-68
BLE,1704598966969818254,D3:F4:55:AB:96:20,-71
BLE,1704598967333521205,DF:DF:EE:00:00:04,-52
BLE,1704598967356093156,D3:F4:55:AB:96:20,-71
BLE,1704598967552052981,D3:F4:55:AB:96:20,-69
BLE,1704598967553591095,D3:F4:55:AB:96:20,-70
BLE,1704598967934191832,DF:A6:DC:DC:2E:81,-69
BLE,1704598967934220999,DF:DF:EE:00:00:01,-69
BLE,1704598968132687471,D3:F4:55:AB:96:20,-66
BLE,1704598968327700845,D3:F4:55:AB:96:20,-52
BLE,1704598968907735090,D3:F4:55:AB:96:20,-55
BLE,1704598969146536544,DF:DF:EE:00:00:04,-34
BLE,1704598969294247282,D3:F4:55:AB:96:20,-53
BLE,1704598969481763589,D3:F4:55:AB:96:20,-52
BLE,1704598969611676297,DF:DF:EE:00:00:04,-40
BLE,1704598969674819395,D3:F4:55:AB:96:20,-55
BLE,1704598969676143760,D3:F4:55:AB:96:20,-52
BLE,1704598969864093897,D3:F4:55:AB:96:20,-52
BLE,1704598970054890637,D3:F4:55:AB:96:20,-71
BLE,1704598970143642870,DF:DF:EE:00:00:04,-53
BLE,1704598970248692187,D3:F4:55:AB:96:20,-67
BLE,1704598970441659202,D3:F4:55:AB:96:20,-69
BLE,1704598970608264086,DF:DF:EE:00:00:04,-51
BLE,1704598970816790981,D3:F4:55:AB:96:20,-71
BLE,1704598971011403109,D3:F4:55:AB:96:20,-68
BLE,1704598971209034046,D3:F4:55:AB:96:20,-68
BLE,1704598971397369472,D3:F4:55:AB:96:20,-68
BLE,1704598971592408179,D3:F4:55:AB:96:20,-69
BLE,1704598971609231258,DF:DF:EE:00:00:04,-52
BLE,1704598971778138666,D3:F4:55:AB:96:20,-68
BLE,1704598971976847470,D3:F4:55:AB:96:20,-69
BLE,1704598972142455738,DF:DF:EE:00:00:04,-50
BLE,1704598972168071624,D3:F4:55:AB:96:20,-71
BLE,1704598972358529825,D3:F4:55:AB:96:20,-69
BLE,1704598972546647335,D3:F4:55:AB:96:20,-68
BLE,1704598972604864471,DF:DF:EE:00:00:04,-55
BLE,1704598972743903942,D3:F4:55:AB:96:20,-68
BLE,1704598973019007825,DF:A6:DC:DC:2E:81,-72
BLE,1704598973019038242,DF:DF:EE:00:00:01,-72
BLE,1704598973129662932,D3:F4:55:AB:96:20,-68
BLE,1704598973323645981,D3:F4:55:AB:96:20,-68
BLE,1704598973511678075,D3:F4:55:AB:96:20,-68
BLE,1704598973610068485,DF:DF:EE:00:00:04,-53
BLE,1704598973708017106,D3:F4:55:AB:96:20,-68
BLE,1704598973899455008,D3:F4:55:AB:96:20,-70
BLE,1704598974091881027,D3:F4:55:AB:96:20,-68
BLE,1704598974150200286,DF:DF:EE:00:00:04,-52
BLE,1704598974221799985,DF:DF:EE:00:00:04,-55
BLE,1704598974278346425,D3:F4:55:AB:96:20,-68
BLE,1704598974470602154,D3:F4:55:AB:96:20,-68
BLE,1704598974666344689,D3:F4:55:AB:96:20,-71
BLE,1704598974857381177,D3:F4:55:AB:96:20,-68
BLE,1704598975047436631,D3:F4:55:AB:96:20,-71
BLE,1704598975236261095,D3:F4:55:AB:96:20,-68
BLE,1704598975376582932,DF:DF:EE:00:00:04,-50
BLE,1704598975430399642,D3:F4:55:AB:96:20,-71
BLE,1704598975626349676,D3:F4:55:AB:96:20,-67
BLE,1704598975820731014,D3:F4:55:AB:96:20,-68
BLE,1704598976375698326,DF:DF:EE:00:00:04,-52
BLE,1704598976396516791,D3:F4:55:AB:96:20,-69
BLE,1704598976776989988,D3:F4:55:AB:96:20,-67
BLE,1704598976923130655,DF:DF:EE:00:00:04,-54
BLE,1704598976968502889,D3:F4:55:AB:96:20,-68
BLE,1704598977349234084,D3:F4:55:AB:96:20,-69
BLE,1704598977732835257,D3:F4:55:AB:96:20,-69
BLE,1704598977920525312,D3:F4:55:AB:96:20,-68
BLE,1704598978500072394,D3:F4:55:AB:96:20,-69
BLE,1704598978691839168,D3:F4:55:AB:96:20,-71
BLE,1704598979069254138,D3:F4:55:AB:96:20,-68
BLE,1704598979459189804,D3:F4:55:AB:96:20,-70
BLE,1704598979840163955,D3:F4:55:AB:96:20,-71
BLE,1704598979939673898,DF:DF:EE:00:00:04,-54
BLE,1704598980222313098,D3:F4:55:AB:96:20,-71
BLE,1704598980413136754,D3:F4:55:AB:96:20,-69
BLE,1704598980476937763,DF:DF:EE:00:00:04,-55
BLE,1704598980604284533,D3:F4:55:AB:96:20,-71
BLE,1704598980668885328,DF:A6:DC:DC:2E:81,-72
BLE,1704598980668928202,DF:DF:EE:00:00:01,-72
BLE,1704598980932559257,DF:DF:EE:00:00:04,-55
BLE,1704598980980968468,D3:F4:55:AB:96:20,-68
BLE,1704598981174104523,D3:F4:55:AB:96:20,-68
BLE,1704598981364351059,D3:F4:55:AB:96:20,-68
BLE,1704598981470604325,DF:DF:EE:00:00:04,-55
BLE,1704598981553802726,D3:F4:55:AB:96:20,-71
BLE,1704598981746639034,D3:F4:55:AB:96:20,-68
BLE,1704598981937630689,D3:F4:55:AB:96:20,-71
BLE,1704598981939027261,D3:F4:55:AB:96:20,-69
BLE,1704598981940507083,DF:DF:EE:00:00:04,-54
BLE,1704598982476849997,DF:DF:EE:00:00:04,-53
BLE,1704598982514472416,D3:F4:55:AB:96:20,-68
BLE,1704598982706398939,D3:F4:55:AB:96:20,-69
BLE,1704598982901954601,D3:F4:55:AB:96:20,-69
BLE,1704598982930770587,DF:DF:EE:00:00:04,-55
BLE,1704598983290530860,D3:F4:55:AB:96:20,-68
BLE,1704598983479796945,D3:F4:55:AB:96:20,-68
BLE,1704598983873897329,D3:F4:55:AB:96:20,-68
BLE,1704598984069636406,D3:F4:55:AB:96:20,-71
BLE,1704598984210068867,DF:DF:EE:00:00:04,-52
BLE,1704598984456035599,D3:F4:55:AB:96:20,-71
BLE,1704598984651376512,D3:F4:55:AB:96:20,-68
BLE,1704598984846952049,D3:F4:55:AB:96:20,-67
BLE,1704598985033370948,D3:F4:55:AB:96:20,-66
BLE,1704598985228367364,D3:F4:55:AB:96:20,-52
BLE,1704598985423460946,D3:F4:55:AB:96:20,-71
BLE,1704598985482672782,DF:DF:EE:00:00:04,-51
BLE,1704598985806446498,D3:F4:55:AB:96:20,-55
BLE,1704598986186917320,D3:F4:55:AB:96:20,-69
BLE,1704598986379029842,D3:F4:55:AB:96:20,-52
BLE,1704598986569133629,D3:F4:55:AB:96:20,-70
BLE,1704598986761435857,DF:DF:EE:00:00:04,-27
BLE,1704598986950241404,D3:F4:55:AB:96:20,-56
BLE,1704598987717484208,D3:F4:55:AB:96:20,-71
BLE,1704598988100759591,D3:F4:55:AB:96:20,-71
BLE,1704598988296835374,DF:A6:DC:DC:2E:81,-72
BLE,1704598988296864957,DF:DF:EE:00:00:01,-72
BLE,1704598988484350181,D3:F4:55:AB:96:20,-71
BLE,1704598988579282409,DF:DF:EE:00:00:04,-54
BLE,1704598988674518801,D3:F4:55:AB:96:20,-67
BLE,1704598988873132106,D3:F4:55:AB:96:20,-68
BLE,1704598989038093086,DF:DF:EE:00:00:04,-51
BLE,1704598989058500096,D3:F4:55:AB:96:20,-68
BLE,1704598989256582905,D3:F4:55:AB:96:20,-69
BLE,1704598989442110519,D3:F4:55:AB:96:20,-68
BLE,1704598989581986109,DF:DF:EE:00:00:04,-53
BLE,1704598989638069094,D3:F4:55:AB:96:20,-69
BLE,1704598990024747451,D3:F4:55:AB:96:20,-68
BLE,1704598990223761462,D3:F4:55:AB:96:20,-52
BLE,1704598990409419991,D3:F4:55:AB:96:20,-68
BLE,1704598990581052712,DF:DF:EE:00:00:04,-73
BLE,1704598990793275662,D3:F4:55:AB:96:20,-53
BLE,1704598990837792736,DF:A6:DC:DC:2E:81,-72
BLE,1704598990837819361,DF:DF:EE:00:00:01,-72
BLE,1704598991038352776,DF:DF:EE:00:00:04,-35
BLE,1704598991172168121,D3:F4:55:AB:96:20,-52
BLE,1704598991561589166,D3:F4:55:AB:96:20,-70
BLE,1704598991752841986,D3:F4:55:AB:96:20,-52
BLE,1704598991944450344,D3:F4:55:AB:96:20,-55
BLE,1704598992133719846,D3:F4:55:AB:96:20,-69
BLE,1704598992324430545,D3:F4:55:AB:96:20,-68
BLE,1704598993089397408,D3:F4:55:AB:96:20,-68
BLE,1704598993283276624,D3:F4:55:AB:96:20,-68
BLE,1704598993477097341,D3:F4:55:AB:96:20,-71
BLE,1704598993581212373,DF:DF:EE:00:00:04,-50
BLE,1704598993666558550,D3:F4:55:AB:96:20,-52
BLE,1704598994055928011,D3:F4:55:AB:96:20,-68
BLE,1704598994123484616,DF:DF:EE:00:00:04,-50
BLE,1704598994450662474,D3:F4:55:AB:96:20,-69
BLE,1704598994584766775,DF:DF:EE:00:00:04,-55
BLE,1704598994640707303,D3:F4:55:AB:96:20,-68
BLE,1704598994659916155,DF:A6:DC:DC:2E:81,-84
BLE,1704598994659943738,DF:DF:EE:00:00:01,-84
BLE,1704598995029686684,D3:F4:55:AB:96:20,-71
BLE,1704598995122304305,DF:DF:EE:00:00:04,-53
BLE,1704598995413460314,D3:F4:55:AB:96:20,-71
BLE,1704598995584896203,DF:DF:EE:00:00:04,-50
BLE,1704598995602551775,D3:F4:55:AB:96:20,-68
BLE,1704598995793042018,D3:F4:55:AB:96:20,-71
BLE,1704598995982587309,D3:F4:55:AB:96:20,-68
BLE,1704598996174551373,D3:F4:55:AB:96:20,-71
BLE,1704598996561118273,D3:F4:55:AB:96:20,-71
BLE,1704598996751600641,D3:F4:55:AB:96:20,-68
BLE,1704598997139725654,D3:F4:55:AB:96:20,-68
BLE,1704598997202143924,DF:A6:DC:DC:2E:81,-72
BLE,1704598997202170215,DF:DF:EE:00:00:01,-72
BLE,1704598997335475439,D3:F4:55:AB:96:20,-68
BLE,1704598997524597609,D3:F4:55:AB:96:20,-71
BLE,1704598997719599108,D3:F4:55:AB:96:20,-68
BLE,1704598997915697724,D3:F4:55:AB:96:20,-68
BLE,1704598998104560854,D3:F4:55:AB:96:20,-68
BLE,1704598998139120879,DF:DF:EE:00:00:04,-55
BLE,1704598998295521634,D3:F4:55:AB:96:20,-71
BLE,1704598998484599471,D3:F4:55:AB:96:20,-69
BLE,1704598998681964160,D3:F4:55:AB:96:20,-52
BLE,1704598998876052625,D3:F4:55:AB:96:20,-71
BLE,1704598999412908118,DF:DF:EE:00:00:04,-50
BLE,1704598999457147778,D3:F4:55:AB:96:20,-68
BLE,1704598999842955475,D3:F4:55:AB:96:20,-71
BLE,1704598999956768391,DF:DF:EE:00:00:04,-52
BLE,1704599000034693291,D3:F4:55:AB:96:20,-68
BLE,1704599000226096193,D3:F4:55:AB:96:20,-70
BLE,1704599000417430429,D3:F4:55:AB:96:20,-68
BLE,1704599000609438201,D3:F4:55:AB:96:20,-55
BLE,1704599000798572871,D3:F4:55:AB:96:20,-68
BLE,1704599000994505530,D3:F4:55:AB:96:20,-71
BLE,1704599001027307194,DF:A6:DC:DC:2E:81,-73
BLE,1704599001027334485,DF:DF:EE:00:00:01,-73
BLE,1704599001188147623,D3:F4:55:AB:96:20,-68
BLE,1704599001381182137,D3:F4:55:AB:96:20,-52
BLE,1704599001571126842,D3:F4:55:AB:96:20,-68
BLE,1704599001692942530,DF:DF:EE:00:00:04,-53
BLE,1704599001957998156,D3:F4:55:AB:96:20,-71
BLE,1704599002340594920,D3:F4:55:AB:96:20,-71
BLE,1704599002722357982,D3:F4:55:AB:96:20,-71
BLE,1704599002958499915,DF:DF:EE:00:00:04,-55
BLE,1704599003307781560,D3:F4:55:AB:96:20,-71
BLE,1704599003496861522,D3:F4:55:AB:96:20,-52
BLE,1704599003569852085,DF:A6:DC:DC:2E:81,-72
BLE,1704599003569879960,DF:DF:EE:00:00:01,-72
BLE,1704599003683384253,D3:F4:55:AB:96:20,-68
BLE,1704599003876809390,D3:F4:55:AB:96:20,-68
BLE,1704599003966932988,DF:DF:EE:00:00:04,-54
BLE,1704599004065607978,D3:F4:55:AB:96:20,-68
BLE,1704599004261195806,D3:F4:55:AB:96:20,-68
BLE,1704599004833421653,D3:F4:55:AB:96:20,-68
BLE,1704599005228201864,D3:F4:55:AB:96:20,-68
BLE,1704599005809936804,D3:F4:55:AB:96:20,-71
BLE,1704599006005125302,D3:F4:55:AB:96:20,-68
BLE,1704599006116917317,DF:A6:DC:DC:2E:81,-72
BLE,1704599006116944775,DF:DF:EE:00:00:01,-72
BLE,1704599006200153718,D3:F4:55:AB:96:20,-68
BLE,1704599006387466776,D3:F4:55:AB:96:20,-68
BLE,1704599006512498147,DF:DF:EE:00:00:04,-54
BLE,1704599006584658717,D3:F4:55:AB:96:20,-68
BLE,1704599006773941385,D3:F4:55:AB:96:20,-71
BLE,1704599007163284931,D3:F4:55:AB:96:20,-69
BLE,1704599007358702968,D3:F4:55:AB:96:20,-71
BLE,1704599007742509515,D3:F4:55:AB:96:20,-71
BLE,1704599008123494666,D3:F4:55:AB:96:20,-70
BLE,1704599008510619645,D3:F4:55:AB:96:20,-71
BLE,1704599008511957135,D3:F4:55:AB:96:20,-68
BLE,1704599008707894210,D3:F4:55:AB:96:20,-71
BLE,1704599008786327523,DF:DF:EE:00:00:04,-56
BLE,1704599009322485855,DF:DF:EE:00:00:04,-39
BLE,1704599009472570034,D3:F4:55:AB:96:20,-72
BLE,1704599009781356699,DF:DF:EE:00:00:04,-50
BLE,1704599009863779398,D3:F4:55:AB:96:20,-68
BLE,1704599010057371283,D3:F4:55:AB:96:20,-71
BLE,1704599010250123841,D3:F4:55:AB:96:20,-52
BLE,1704599010443914350,D3:F4:55:AB:96:20,-71
BLE,1704599010820033706,D3:F4:55:AB:96:20,-67
BLE,1704599011063807163,DF:DF:EE:00:00:04,-50
BLE,1704599011206589689,D3:F4:55:AB:96:20,-71
BLE,1704599011402728180,D3:F4:55:AB:96:20,-68
BLE,1704599011597009351,D3:F4:55:AB:96:20,-68
BLE,1704599011793276424,D3:F4:55:AB:96:20,-71
BLE,1704599011989040251,D3:F4:55:AB:96:20,-67
BLE,1704599012337551902,DF:DF:EE:00:00:04,-39
BLE,1704599012382082893,D3:F4:55:AB:96:20,-68
BLE,1704599012481606543,DF:A6:DC:DC:2E:81,-59
BLE,1704599012481660376,DF:DF:EE:00:00:01,-59
BLE,1704599012574658161,D3:F4:55:AB:96:20,-66
BLE,1704599012877582871,DF:DF:EE:00:00:04,-54
BLE,1704599012961271102,D3:F4:55:AB:96:20,-70
BLE,1704599013150952934,D3:F4:55:AB:96:20,-68
BLE,1704599013338883696,D3:F4:55:AB:96:20,-67
BLE,1704599013534559607,D3:F4:55:AB:96:20,-69
BLE,1704599013726283339,D3:F4:55:AB:96:20,-71
BLE,1704599013879609951,DF:DF:EE:00:00:04,-50
BLE,1704599013919602893,D3:F4:55:AB:96:20,-68
BLE,1704599014116403212,D3:F4:55:AB:96:20,-68
BLE,1704599014302693487,D3:F4:55:AB:96:20,-68
BLE,1704599014343802295,DF:DF:EE:00:00:04,-54
BLE,1704599014695308465,D3:F4:55:AB:96:20,-70
BLE,1704599014884488093,D3:F4:55:AB:96:20,-68
BLE,1704599015079990713,D3:F4:55:AB:96:20,-71
BLE,1704599015269299965,D3:F4:55:AB:96:20,-68
BLE,1704599015619046440,DF:DF:EE:00:00:04,-52
BLE,1704599015652232018,D3:F4:55:AB:96:20,-67
BLE,1704599015851406026,D3:F4:55:AB:96:20,-69
BLE,1704599016046424776,D3:F4:55:AB:96:20,-71
BLE,1704599016148397699,DF:DF:EE:00:00:04,-50
BLE,1704599016237483014,D3:F4:55:AB:96:20,-68
BLE,1704599016304729871,DF:A6:DC:DC:2E:81,-58
BLE,1704599016304756163,DF:DF:EE:00:00:01,-58
BLE,1704599016436565356,D3:F4:55:AB:96:20,-52
BLE,1704599016623067171,D3:F4:55:AB:96:20,-68
BLE,1704599017006415721,D3:F4:55:AB:96:20,-68
BLE,1704599017155188159,DF:DF:EE:00:00:04,-55
BLE,1704599017202621836,D3:F4:55:AB:96:20,-68
BLE,1704599017390336975,D3:F4:55:AB:96:20,-66
BLE,1704599017611089234,DF:DF:EE:00:00:04,-50
BLE,1704599017776859542,D3:F4:55:AB:96:20,-71
BLE,1704599017971791333,D3:F4:55:AB:96:20,-67
BLE,1704599018167544410,D3:F4:55:AB:96:20,-68
BLE,1704599018544576967,D3:F4:55:AB:96:20,-61
BLE,1704599018736601614,D3:F4:55:AB:96:20,-65
BLE,1704599018847274846,DF:A6:DC:DC:2E:81,-72
BLE,1704599018847305679,DF:DF:EE:00:00:01,-72
BLE,1704599018888433612,DF:DF:EE:00:00:04,-55
BLE,1704599018926288904,D3:F4:55:AB:96:20,-71
BLE,1704599019309099667,D3:F4:55:AB:96:20,-71
BLE,1704599019422676376,DF:DF:EE:00:00:04,-52
BLE,1704599019503461337,D3:F4:55:AB:96:20,-68
BLE,1704599019695972439,D3:F4:55:AB:96:20,-68
BLE,1704599019882993375,D3:F4:55:AB:96:20,-68
BLE,1704599019885581188,DF:DF:EE:00:00:04,-50
BLE,1704599020080903394,D3:F4:55:AB:96:20,-68
BLE,1704599020274779026,D3:F4:55:AB:96:20,-71
BLE,1704599020659070027,D3:F4:55:AB:96:20,-70
BLE,1704599020853509698,D3:F4:55:AB:96:20,-68
BLE,1704599021160287128,DF:DF:EE:00:00:04,-53
BLE,1704599021240239971,D3:F4:55:AB:96:20,-71
BLE,1704599021617671150,D3:F4:55:AB:96:20,-68
BLE,1704599021692735114,DF:DF:EE:00:00:04,-52
BLE,1704599021810080211,D3:F4:55:AB:96:20,-68
BLE,1704599022151553208,DF:DF:EE:00:00:04,-55
BLE,1704599022568188752,D3:F4:55:AB:96:20,-71
BLE,1704599022758138582,D3:F4:55:AB:96:20,-68
BLE,1704599022947060919,D3:F4:55:AB:96:20,-68
BLE,1704599023334193607,D3:F4:55:AB:96:20,-71
BLE,1704599023427631179,DF:DF:EE:00:00:04,-52
BLE,1704599023720730632,D3:F4:55:AB:96:20,-71
BLE,1704599024101083080,D3:F4:55:AB:96:20,-71
BLE,1704599024293959429,D3:F4:55:AB:96:20,-67
BLE,1704599024490208210,D3:F4:55:AB:96:20,-68
BLE,1704599024679824376,D3:F4:55:AB:96:20,-67
BLE,1704599024701070962,DF:DF:EE:00:00:04,-50
BLE,1704599024874647418,D3:F4:55:AB:96:20,-69
BLE,1704599025062938011,D3:F4:55:AB:96:20,-67
BLE,1704599025244921319,DF:DF:EE:00:00:04,-52
BLE,1704599025260314200,D3:F4:55:AB:96:20,-68
BLE,1704599025456478607,D3:F4:55:AB:96:20,-68
BLE,1704599025652652556,D3:F4:55:AB:96:20,-55
BLE,1704599025707860423,DF:DF:EE:00:00:04,-55
BLE,1704599026036143355,D3:F4:55:AB:96:20,-71
BLE,1704599026479077529,DF:A6:DC:DC:2E:81,-72
BLE,1704599026479116320,DF:DF:EE:00:00:01,-72
BLE,1704599026808816075,D3:F4:55:AB:96:20,-63
BLE,1704599026979466803,DF:DF:EE:00:00:04,-52
BLE,1704599027763502311,D3:F4:55:AB:96:20,-68
BLE,1704599027955620624,D3:F4:55:AB:96:20,-68
BLE,1704599028148065851,D3:F4:55:AB:96:20,-71
BLE,1704599028261106940,DF:DF:EE:00:00:04,-52
BLE,1704599028732851143,D3:F4:55:AB:96:20,-70
BLE,1704599028795238329,DF:DF:EE:00:00:04,-50
BLE,1704599029119226044,D3:F4:55:AB:96:20,-71
BLE,1704599029254175047,DF:DF:EE:00:00:04,-52
BLE,1704599029315760448,D3:F4:55:AB:96:20,-68
BLE,1704599029317132771,D3:F4:55:AB:96:20,-71
BLE,1704599029704838996,D3:F4:55:AB:96:20,-71
BLE,1704599029795383466,DF:DF:EE:00:00:04,-52
BLE,1704599029896689103,D3:F4:55:AB:96:20,-67
BLE,1704599030092443596,D3:F4:55:AB:96:20,-68
BLE,1704599030260554969,DF:DF:EE:00:00:04,-50
BLE,1704599030280593190,D3:F4:55:AB:96:20,-68
BLE,1704599030299922874,DF:A6:DC:DC:2E:81,-58
BLE,1704599030299948291,DF:DF:EE:00:00:01,-58
BLE,1704599030470614977,D3:F4:55:AB:96:20,-71
BLE,1704599030661736298,D3:F4:55:AB:96:20,-69
BLE,1704599030796722009,DF:DF:EE:00:00:04,-50
BLE,1704599030851555254,D3:F4:55:AB:96:20,-71
BLE,1704599031046976834,D3:F4:55:AB:96:20,-68
BLE,1704599031241697293,D3:F4:55:AB:96:20,-68
BLE,1704599031253349454,DF:DF:EE:00:00:04,-52
BLE,1704599031798096970,DF:DF:EE:00:00:04,-52
BLE,1704599032003065892,D3:F4:55:AB:96:20,-68
BLE,1704599032388710049,D3:F4:55:AB:96:20,-68
BLE,1704599032577385514,D3:F4:55:AB:96:20,-53
BLE,1704599032795872124,DF:DF:EE:00:00:04,-56
BLE,1704599032964996364,D3:F4:55:AB:96:20,-71
BLE,1704599033346126306,D3:F4:55:AB:96:20,-70
BLE,1704599033730001602,D3:F4:55:AB:96:20,-55
BLE,1704599033925363390,D3:F4:55:AB:96:20,-66
BLE,1704599034121636171,D3:F4:55:AB:96:20,-68
BLE,1704599034125724265,DF:A6:DC:DC:2E:81,-72
BLE,1704599034125748931,DF:DF:EE:00:00:01,-72
BLE,1704599034308729565,D3:F4:55:AB:96:20,-66
BLE,1704599034531672433,DF:DF:EE:00:00:04,-50
BLE,1704599034700880255,D3:F4:55:AB:96:20,-71
BLE,1704599034702408452,D3:F4:55:AB:96:20,-68
BLE,1704599034894275059,D3:F4:55:AB:96:20,-69
BLE,1704599035074288090,DF:DF:EE:00:00:04,-51
BLE,1704599035091214751,D3:F4:55:AB:96:20,-68
BLE,1704599035283148108,D3:F4:55:AB:96:20,-71
BLE,1704599035532930144,DF:DF:EE:00:00:04,-52
BLE,1704599035666381117,D3:F4:55:AB:96:20,-69
BLE,1704599035858016683,D3:F4:55:AB:96:20,-68
BLE,1704599036047938014,D3:F4:55:AB:96:20,-71
BLE,1704599036807679083,DF:DF:EE:00:00:04,-51
BLE,1704599036820657650,D3:F4:55:AB:96:20,-68
BLE,1704599037012992670,D3:F4:55:AB:96:20,-71
BLE,1704599037400968142,D3:F4:55:AB:96:20,-71
BLE,1704599037402510214,D3:F4:55:AB:96:20,-68
BLE,1704599037595400854,D3:F4:55:AB:96:20,-68
BLE,1704599037789430986,D3:F4:55:AB:96:20,-69
BLE,1704599037975947343,D3:F4:55:AB:96:20,-69
BLE,1704599038081619238,DF:DF:EE:00:00:04,-40
BLE,1704599038173135492,D3:F4:55:AB:96:20,-68
BLE,1704599038365437053,D3:F4:55:AB:96:20,-71
BLE,1704599038554544973,D3:F4:55:AB:96:20,-68
BLE,1704599038612744775,DF:DF:EE:00:00:04,-53
BLE,1704599038743118605,D3:F4:55:AB:96:20,-53
BLE,1704599038937566275,D3:F4:55:AB:96:20,-68
BLE,1704599039071614577,DF:DF:EE:00:00:04,-54
BLE,1704599039127928727,D3:F4:55:AB:96:20,-71
BLE,1704599039511995938,D3:F4:55:AB:96:20,-71
BLE,1704599039708079721,D3:F4:55:AB:96:20,-67
BLE,1704599039901796521,D3:F4:55:AB:96:20,-68
BLE,1704599040074722857,DF:DF:EE:00:00:04,-53
BLE,1704599040095709029,D3:F4:55:AB:96:20,-71
BLE,1704599040479621075,D3:F4:55:AB:96:20,-71
BLE,1704599040613529586,DF:DF:EE:00:00:04,-52
BLE,1704599040861360595,D3:F4:55:AB:96:20,-71
BLE,1704599041052265376,D3:F4:55:AB:96:20,-69
BLE,1704599041075578655,DF:DF:EE:00:00:04,-54
BLE,1704599041240635218,D3:F4:55:AB:96:20,-68
BLE,1704599041611520405,DF:DF:EE:00:00:04,-54
BLE,1704599041623540354,D3:F4:55:AB:96:20,-67
BLE,1704599041625083093,D3:F4:55:AB:96:20,-71
BLE,1704599041814311053,D3:F4:55:AB:96:20,-68
BLE,1704599042003039934,D3:F4:55:AB:96:20,-68
BLE,1704599042070741580,DF:DF:EE:00:00:04,-51
BLE,1704599042199751712,D3:F4:55:AB:96:20,-69
BLE,1704599042394815794,D3:F4:55:AB:96:20,-60
BLE,1704599042612624534,DF:DF:EE:00:00:04,-50
BLE,1704599042781485235,D3:F4:55:AB:96:20,-68
BLE,1704599043074919977,DF:DF:EE:00:00:04,-54
BLE,1704599043158238169,D3:F4:55:AB:96:20,-70
BLE,1704599043547681672,D3:F4:55:AB:96:20,-68
BLE,1704599043682998380,DF:DF:EE:00:00:04,-39
BLE,1704599044123288117,D3:F4:55:AB:96:20,-71
BLE,1704599044312007289,D3:F4:55:AB:96:20,-68
BLE,1704599044498312522,D3:F4:55:AB:96:20,-68
BLE,1704599044571431043,DF:DF:EE:00:00:04,-50
BLE,1704599044697042660,D3:F4:55:AB:96:20,-68
BLE,1704599044885165045,D3:F4:55:AB:96:20,-68
BLE,1704599045110115814,DF:DF:EE:00:00:04,-50
BLE,1704599045275967788,D3:F4:55:AB:96:20,-71
BLE,1704599045471308394,D3:F4:55:AB:96:20,-66
BLE,1704599045578100200,DF:DF:EE:00:00:04,-35
BLE,1704599045582706521,DF:A6:DC:DC:2E:81,-59
BLE,1704599045582736354,DF:DF:EE:00:00:01,-59
BLE,1704599045662088648,D3:F4:55:AB:96:20,-52
BLE,1704599045856126185,D3:F4:55:AB:96:20,-54
BLE,1704599046242702930,D3:F4:55:AB:96:20,-70
BLE,1704599046434993764,D3:F4:55:AB:96:20,-53
BLE,1704599046576934228,DF:DF:EE:00:00:04,-53
BLE,1704599046631630169,D3:F4:55:AB:96:20,-52
BLE,1704599046820378970,D3:F4:55:AB:96:20,-53
BLE,1704599047117035241,DF:DF:EE:00:00:04,-53
BLE,1704599047577089962,DF:DF:EE:00:00:04,-55
BLE,1704599047590774385,D3:F4:55:AB:96:20,-71
BLE,1704599047979168125,D3:F4:55:AB:96:20,-69
BLE,1704599048555588585,D3:F4:55:AB:96:20,-54
BLE,1704599048857576550,DF:DF:EE:00:00:04,-40
BLE,1704599048942304830,D3:F4:55:AB:96:20,-56
BLE,1704599049134581455,D3:F4:55:AB:96:20,-52
BLE,1704599049324364211,D3:F4:55:AB:96:20,-69
BLE,1704599049406050666,DF:A6:DC:DC:2E:81,-58
BLE,1704599049406077291,DF:DF:EE:00:00:01,-58
BLE,1704599049699783652,D3:F4:55:AB:96:20,-52
BLE,1704599049894214022,D3:F4:55:AB:96:20,-68
BLE,1704599050079487373,D3:F4:55:AB:96:20,-68
BLE,1704599050135128020,DF:DF:EE:00:00:04,-52
BLE,1704599050273215912,D3:F4:55:AB:96:20,-68
BLE,1704599050460485216,D3:F4:55:AB:96:20,-68
BLE,1704599050660052573,D3:F4:55:AB:96:20,-52
BLE,1704599050672300582,DF:DF:EE:00:00:04,-53
BLE,1704599050853271154,D3:F4:55:AB:96:20,-55
BLE,1704599051045939861,D3:F4:55:AB:96:20,-67
BLE,1704599051131585055,DF:DF:EE:00:00:04,-40
BLE,1704599051238630902,D3:F4:55:AB:96:20,-55
BLE,1704599051825973750,D3:F4:55:AB:96:20,-52
BLE,1704599051949236721,DF:A6:DC:DC:2E:81,-72
BLE,1704599051949269471,DF:DF:EE:00:00:01,-72
BLE,1704599052398236221,D3:F4:55:AB:96:20,-52
BLE,1704599052411764519,DF:DF:EE:00:00:04,-39
BLE,1704599052595364042,D3:F4:55:AB:96:20,-68
BLE,1704599052790374243,D3:F4:55:AB:96:20,-55
BLE,1704599052985962901,D3:F4:55:AB:96:20,-68
BLE,1704599053372049315,D3:F4:55:AB:96:20,-71
BLE,1704599053567979514,D3:F4:55:AB:96:20,-52
BLE,1704599053965056940,D3:F4:55:AB:96:20,-52
BLE,1704599054157966188,D3:F4:55:AB:96:20,-71
BLE,1704599054353628138,D3:F4:55:AB:96:20,-68
BLE,1704599054551053708,D3:F4:55:AB:96:20,-68
BLE,1704599054737239849,D3:F4:55:AB:96:20,-68
BLE,1704599054935863666,D3:F4:55:AB:96:20,-68
BLE,1704599054966476170,DF:DF:EE:00:00:04,-51
BLE,1704599054968019374,DF:DF:EE:00:00:04,-52
BLE,1704599055123589470,D3:F4:55:AB:96:20,-68
BLE,1704599055313588184,D3:F4:55:AB:96:20,-68
BLE,1704599055510139840,D3:F4:55:AB:96:20,-71
BLE,1704599055772153034,DF:A6:DC:DC:2E:81,-72
BLE,1704599055772194700,DF:DF:EE:00:00:01,-72
BLE,1704599055889214688,D3:F4:55:AB:96:20,-66
BLE,1704599056233734084,DF:DF:EE:00:00:04,-52
BLE,1704599056235271205,DF:DF:EE:00:00:04,-54
BLE,1704599056277307929,D3:F4:55:AB:96:20,-71
BLE,1704599056471034217,D3:F4:55:AB:96:20,-68
BLE,1704599056663276842,D3:F4:55:AB:96:20,-52
BLE,1704599056772330434,DF:DF:EE:00:00:04,-52
BLE,1704599056850556106,D3:F4:55:AB:96:20,-52
BLE,1704599057041117027,D3:F4:55:AB:96:20,-55
BLE,1704599057233606776,D3:F4:55:AB:96:20,-52
BLE,1704599057240637300,DF:DF:EE:00:00:04,-36
BLE,1704599057424887988,D3:F4:55:AB:96:20,-55
BLE,1704599057613693872,D3:F4:55:AB:96:20,-58
BLE,1704599057775867908,DF:DF:EE:00:00:04,-34
BLE,1704599058236833543,DF:DF:EE:00:00:04,-40
BLE,1704599058315141507,DF:A6:DC:DC:2E:81,-72
BLE,1704599058315176340,DF:DF:EE:00:00:01,-72
BLE,1704599058382461582,D3:F4:55:AB:96:20,-66
BLE,1704599058574081375,D3:F4:55:AB:96:20,-71
BLE,1704599058575612705,D3:F4:55:AB:96:20,-69
BLE,1704599058763624299,D3:F4:55:AB:96:20,-52
BLE,1704599058952701641,D3:F4:55:AB:96:20,-55
BLE,1704599059145621098,D3:F4:55:AB:96:20,-66
BLE,1704599059344848830,D3:F4:55:AB:96:20,-53
BLE,1704599059511118523,DF:DF:EE:00:00:04,-50
BLE,1704599059531868969,D3:F4:55:AB:96:20,-52
BLE,1704599059726892379,D3:F4:55:AB:96:20,-69
BLE,1704599059912365271,D3:F4:55:AB:96:20,-52
BLE,1704599060047208462,DF:DF:EE:00:00:04,-35
BLE,1704599060105660144,D3:F4:55:AB:96:20,-69
BLE,1704599060293534530,D3:F4:55:AB:96:20,-52
BLE,1704599060491035767,D3:F4:55:AB:96:20,-52
BLE,1704599060510660758,DF:DF:EE:00:00:04,-39
BLE,1704599060677855907,D3:F4:55:AB:96:20,-66
BLE,1704599060859071477,DF:A6:DC:DC:2E:81,-73
BLE,1704599060859108935,DF:DF:EE:00:00:01,-73
BLE,1704599060868068329,D3:F4:55:AB:96:20,-71
BLE,1704599061058684958,D3:F4:55:AB:96:20,-67
BLE,1704599061251603957,D3:F4:55:AB:96:20,-71
BLE,1704599061634400420,D3:F4:55:AB:96:20,-71
BLE,1704599061786028026,DF:DF:EE:00:00:04,-52
BLE,1704599061824568926,D3:F4:55:AB:96:20,-67
BLE,1704599062021462164,D3:F4:55:AB:96:20,-53
BLE,1704599062209040926,D3:F4:55:AB:96:20,-68
BLE,1704599062322063007,DF:DF:EE:00:00:04,-50
BLE,1704599062783880765,D3:F4:55:AB:96:20,-69
BLE,1704599062980015755,D3:F4:55:AB:96:20,-71
BLE,1704599063326588271,DF:DF:EE:00:00:04,-54
BLE,1704599063369696451,D3:F4:55:AB:96:20,-68
BLE,1704599063558371460,D3:F4:55:AB:96:20,-68
BLE,1704599063756242863,D3:F4:55:AB:96:20,-68
BLE,1704599063790725856,DF:DF:EE:00:00:04,-52
BLE,1704599064330115204,DF:DF:EE:00:00:04,-52
BLE,1704599064332533115,D3:F4:55:AB:96:20,-71
BLE,1704599064527403066,D3:F4:55:AB:96:20,-68
BLE,1704599064789558343,DF:DF:EE:00:00:04,-54
BLE,1704599065104734065,D3:F4:55:AB:96:20,-68
BLE,1704599065300808389,D3:F4:55:AB:96:20,-71
BLE,1704599065675926706,D3:F4:55:AB:96:20,-68
BLE,1704599065869201370,D3:F4:55:AB:96:20,-69
BLE,1704599066056410467,D3:F4:55:AB:96:20,-68
BLE,1704599066250315213,D3:F4:55:AB:96:20,-69
BLE,1704599066438947597,D3:F4:55:AB:96:20,-68
BLE,1704599066634217465,D3:F4:55:AB:96:20,-68
BLE,1704599066826771589,D3:F4:55:AB:96:20,-71
BLE,1704599067022429455,D3:F4:55:AB:96:20,-68
BLE,1704599067224966429,DF:A6:DC:DC:2E:81,-72
BLE,1704599067224997804,DF:DF:EE:00:00:01,-72
BLE,1704599067593345930,D3:F4:55:AB:96:20,-71
BLE,1704599067782513646,D3:F4:55:AB:96:20,-68
BLE,1704599067877070775,DF:DF:EE:00:00:04,-51
BLE,1704599067970101992,D3:F4:55:AB:96:20,-69
BLE,1704599068164590695,D3:F4:55:AB:96:20,-69
BLE,1704599068336798664,DF:DF:EE:00:00:04,-53
BLE,1704599068356360405,D3:F4:55:AB:96:20,-71
BLE,1704599068735917043,D3:F4:55:AB:96:20,-69
BLE,1704599068929346498,D3:F4:55:AB:96:20,-68
BLE,1704599069118709673,D3:F4:55:AB:96:20,-68
BLE,1704599069698808373,D3:F4:55:AB:96:20,-68
BLE,1704599069888971296,D3:F4:55:AB:96:20,-71
BLE,1704599070145294379,DF:DF:EE:00:00:04,-55
BLE,1704599070272172633,D3:F4:55:AB:96:20,-71
BLE,1704599071037594726,D3:F4:55:AB:96:20,-71
BLE,1704599071141705706,DF:DF:EE:00:00:04,-51
BLE,1704599071419658150,D3:F4:55:AB:96:20,-71
BLE,1704599071608303743,DF:DF:EE:00:00:04,-54
BLE,1704599071615683015,D3:F4:55:AB:96:20,-67
BLE,1704599071809353929,D3:F4:55:AB:96:20,-68
BLE,1704599072002323594,D3:F4:55:AB:96:20,-71
BLE,1704599072311583415,DF:A6:DC:DC:2E:81,-72
BLE,1704599072311625040,DF:DF:EE:00:00:01,-72
BLE,1704599072386544178,D3:F4:55:AB:96:20,-71
BLE,1704599072609226599,DF:DF:EE:00:00:04,-52
BLE,1704599073346547849,D3:F4:55:AB:96:20,-68
BLE,1704599073535691983,D3:F4:55:AB:96:20,-71
BLE,1704599073917345616,D3:F4:55:AB:96:20,-71
BLE,1704599074109167034,D3:F4:55:AB:96:20,-68
BLE,1704599074304768733,D3:F4:55:AB:96:20,-68
BLE,1704599074688881985,D3:F4:55:AB:96:20,-68
BLE,1704599074882968064,D3:F4:55:AB:96:20,-71
BLE,1704599075078262181,D3:F4:55:AB:96:20,-67
BLE,1704599075166959950,DF:DF:EE:00:00:04,-50
BLE,1704599075273988839,D3:F4:55:AB:96:20,-68
BLE,1704599075467559586,D3:F4:55:AB:96:20,-71
BLE,1704599075659226213,D3:F4:55:AB:96:20,-69
BLE,1704599075845149396,D3:F4:55:AB:96:20,-68
BLE,1704599076036459065,D3:F4:55:AB:96:20,-68
BLE,1704599076160579118,DF:DF:EE:00:00:04,-50
BLE,1704599076226420905,D3:F4:55:AB:96:20,-68
BLE,1704599076421171899,D3:F4:55:AB:96:20,-69
BLE,1704599076612013444,D3:F4:55:AB:96:20,-66
BLE,1704599076696605474,DF:DF:EE:00:00:04,-34
BLE,1704599076802588532,D3:F4:55:AB:96:20,-68
BLE,1704599076992693246,D3:F4:55:AB:96:20,-68
BLE,1704599077165747255,DF:DF:EE:00:00:04,-54
BLE,1704599077187293740,D3:F4:55:AB:96:20,-68
BLE,1704599077383514814,D3:F4:55:AB:96:20,-71
BLE,1704599077762265454,D3:F4:55:AB:96:20,-71
BLE,1704599077957393780,D3:F4:55:AB:96:20,-68
BLE,1704599078152413190,D3:F4:55:AB:96:20,-68
BLE,1704599078346810268,D3:F4:55:AB:96:20,-71
BLE,1704599078444185348,DF:DF:EE:00:00:04,-55
BLE,1704599078536135109,D3:F4:55:AB:96:20,-68
BLE,1704599078680385692,DF:A6:DC:DC:2E:81,-72
BLE,1704599078680419192,DF:DF:EE:00:00:01,-72
BLE,1704599078730489895,D3:F4:55:AB:96:20,-71
BLE,1704599078921008817,D3:F4:55:AB:96:20,-68
BLE,1704599079108751704,D3:F4:55:AB:96:20,-68
BLE,1704599079302404034,D3:F4:55:AB:96:20,-68
BLE,1704599079689159403,D3:F4:55:AB:96:20,-67
BLE,1704599079714601254,DF:DF:EE:00:00:04,-50
BLE,1704599079877747705,D3:F4:55:AB:96:20,-71
BLE,1704599080251171234,DF:DF:EE:00:00:04,-50
BLE,1704599080267372900,D3:F4:55:AB:96:20,-69
BLE,1704599080652190900,D3:F4:55:AB:96:20,-69
BLE,1704599080718749935,DF:DF:EE:00:00:04,-55
BLE,1704599080839594746,D3:F4:55:AB:96:20,-52
BLE,1704599081226573449,D3:F4:55:AB:96:20,-70
BLE,1704599081419952821,D3:F4:55:AB:96:20,-68
BLE,1704599081605417797,D3:F4:55:AB:96:20,-68
BLE,1704599081800017750,D3:F4:55:AB:96:20,-68
BLE,1704599081992813957,D3:F4:55:AB:96:20,-71
BLE,1704599081996150906,DF:DF:EE:00:00:04,-53
BLE,1704599082378591412,D3:F4:55:AB:96:20,-71
BLE,1704599082504568376,DF:A6:DC:DC:2E:81,-73
BLE,1704599082504600376,DF:DF:EE:00:00:01,-73
BLE,1704599082571659785,D3:F4:55:AB:96:20,-68
BLE,1704599082760521378,D3:F4:55:AB:96:20,-71
BLE,1704599083141796845,D3:F4:55:AB:96:20,-70
BLE,1704599083266882520,DF:DF:EE:00:00:04,-50
BLE,1704599083335346633,D3:F4:55:AB:96:20,-66
BLE,1704599083532774245,D3:F4:55:AB:96:20,-68
BLE,1704599083728017779,D3:F4:55:AB:96:20,-70
BLE,1704599083920386529,D3:F4:55:AB:96:20,-68
BLE,1704599084117025268,D3:F4:55:AB:96:20,-69
BLE,1704599084304020907,D3:F4:55:AB:96:20,-66
BLE,1704599084499207400,D3:F4:55:AB:96:20,-68
BLE,1704599084545580487,DF:DF:EE:00:00:04,-54
BLE,1704599084685455291,D3:F4:55:AB:96:20,-68
BLE,1704599084875661338,D3:F4:55:AB:96:20,-71
BLE,1704599085083723339,DF:DF:EE:00:00:04,-55
BLE,1704599085256756889,D3:F4:55:AB:96:20,-71
BLE,1704599085634279199,D3:F4:55:AB:96:20,-68
BLE,1704599085827551530,D3:F4:55:AB:96:20,-68
BLE,1704599086019811614,D3:F4:55:AB:96:20,-71
BLE,1704599086326620983,DF:A6:DC:DC:2E:81,-72
BLE,1704599086326652066,DF:DF:EE:00:00:01,-72
BLE,1704599086599393899,D3:F4:55:AB:96:20,-69
BLE,1704599086791928273,D3:F4:55:AB:96:20,-68
BLE,1704599086819123202,DF:DF:EE:00:00:04,-55
BLE,1704599086984726939,D3:F4:55:AB:96:20,-68
BLE,1704599087177351063,D3:F4:55:AB:96:20,-68
BLE,1704599087359761130,DF:DF:EE:00:00:04,-54
BLE,1704599087365430032,D3:F4:55:AB:96:20,-68
BLE,1704599087751383029,D3:F4:55:AB:96:20,-71
BLE,1704599087812357871,DF:DF:EE:00:00:04,-50
BLE,1704599088143177052,D3:F4:55:AB:96:20,-68
BLE,1704599088334167806,D3:F4:55:AB:96:20,-68
BLE,1704599088354031379,DF:DF:EE:00:00:04,-50
BLE,1704599088527126054,D3:F4:55:AB:96:20,-69
BLE,1704599088718963430,D3:F4:55:AB:96:20,-71
BLE,1704599088810390234,DF:DF:EE:00:00:04,-53
BLE,1704599088911656513,D3:F4:55:AB:96:20,-69
BLE,1704599089101894060,D3:F4:55:AB:96:20,-71
BLE,1704599089356433773,DF:DF:EE:00:00:04,-54
BLE,1704599089491931088,D3:F4:55:AB:96:20,-68
BLE,1704599089687564204,D3:F4:55:AB:96:20,-71
BLE,1704599090073074785,D3:F4:55:AB:96:20,-71
BLE,1704599090261655712,D3:F4:55:AB:96:20,-68
BLE,1704599090449370099,D3:F4:55:AB:96:20,-68
BLE,1704599090640762435,D3:F4:55:AB:96:20,-68
BLE,1704599090832609353,D3:F4:55:AB:96:20,-68
BLE,1704599091028975884,D3:F4:55:AB:96:20,-67
BLE,1704599091084515865,DF:DF:EE:00:00:04,-52
BLE,1704599091226995786,D3:F4:55:AB:96:20,-69
BLE,1704599091412791011,DF:A6:DC:DC:2E:81,-72
BLE,1704599091412819345,DF:DF:EE:00:00:01,-72
BLE,1704599091415689337,D3:F4:55:AB:96:20,-67
BLE,1704599091608208420,D3:F4:55:AB:96:20,-68
BLE,1704599091631488276,DF:DF:EE:00:00:04,-55
BLE,1704599091798039968,D3:F4:55:AB:96:20,-68
BLE,1704599091992361880,D3:F4:55:AB:96:20,-69
BLE,1704599092087054175,DF:DF:EE:00:00:04,-51
BLE,1704599092180550057,D3:F4:55:AB:96:20,-68
BLE,1704599092377637378,D3:F4:55:AB:96:20,-69
BLE,1704599092574091242,D3:F4:55:AB:96:20,-68
BLE,1704599092767031658,D3:F4:55:AB:96:20,-68
BLE,1704599093152057615,D3:F4:55:AB:96:20,-71
BLE,1704599093542080685,D3:F4:55:AB:96:20,-69
BLE,1704599093733542853,D3:F4:55:AB:96:20,-68
BLE,1704599093905563323,DF:DF:EE:00:00:04,-55
BLE,1704599093925283938,D3:F4:55:AB:96:20,-68
BLE,1704599093956518524,DF:A6:DC:DC:2E:81,-72
BLE,1704599093956544774,DF:DF:EE:00:00:01,-72
BLE,1704599094117214981,D3:F4:55:AB:96:20,-52
BLE,1704599094312068475,D3:F4:55:AB:96:20,-68
BLE,1704599094370915197,DF:DF:EE:00:00:04,-52
BLE,1704599094503516644,D3:F4:55:AB:96:20,-71
BLE,1704599094697043266,D3:F4:55:AB:96:20,-68
BLE,1704599094888459976,D3:F4:55:AB:96:20,-71
BLE,1704599094903188521,DF:DF:EE:00:00:04,-50
BLE,1704599095372136802,DF:DF:EE:00:00:04,-51
BLE,1704599095646184673,D3:F4:55:AB:96:20,-67
BLE,1704599095842018706,D3:F4:55:AB:96:20,-67
BLE,1704599095907105495,DF:DF:EE:00:00:04,-54
BLE,1704599096364503723,DF:DF:EE:00:00:04,-50
BLE,1704599096419208914,D3:F4:55:AB:96:20,-71
BLE,1704599096609495919,D3:F4:55:AB:96:20,-68
BLE,1704599096798421928,D3:F4:55:AB:96:20,-71
BLE,1704599097188439373,D3:F4:55:AB:96:20,-68
BLE,1704599097375400720,D3:F4:55:AB:96:20,-68
BLE,1704599097567262513,D3:F4:55:AB:96:20,-71
BLE,1704599098137405906,D3:F4:55:AB:96:20,-69
BLE,1704599098334499727,D3:F4:55:AB:96:20,-68
BLE,1704599098521803281,D3:F4:55:AB:96:20,-67
BLE,1704599098906074074,D3:F4:55:AB:96:20,-68
BLE,1704599098914827718,DF:DF:EE:00:00:04,-53
BLE,1704599099042150554,DF:A6:DC:DC:2E:81,-72
BLE,1704599099042183345,DF:DF:EE:00:00:01,-72
BLE,1704599099103535978,D3:F4:55:AB:96:20,-68
BLE,1704599099297412640,D3:F4:55:AB:96:20,-71
BLE,1704599099674991075,D3:F4:55:AB:96:20,-68
BLE,1704599100055630794,D3:F4:55:AB:96:20,-68
BLE,1704599100191723482,DF:DF:EE:00:00:04,-50
BLE,1704599100447214818,D3:F4:55:AB:96:20,-71
BLE,1704599100641815687,D3:F4:55:AB:96:20,-68
BLE,1704599100833757522,D3:F4:55:AB:96:20,-68
BLE,1704599101024001110,D3:F4:55:AB:96:20,-68
BLE,1704599101412797933,D3:F4:55:AB:96:20,-71
BLE,1704599101471633155,DF:DF:EE:00:00:04,-51
BLE,1704599101587536187,DF:A6:DC:DC:2E:81,-73
BLE,1704599101587561062,DF:DF:EE:00:00:01,-73
BLE,1704599101800875633,D3:F4:55:AB:96:20,-68
BLE,1704599101991504512,D3:F4:55:AB:96:20,-68
BLE,1704599102184881009,D3:F4:55:AB:96:20,-69
BLE,1704599102376533511,D3:F4:55:AB:96:20,-69
BLE,1704599102745926676,DF:DF:EE:00:00:04,-39
BLE,1704599102764083129,D3:F4:55:AB:96:20,-58
BLE,1704599102958266791,D3:F4:55:AB:96:20,-69
BLE,1704599103152222328,D3:F4:55:AB:96:20,-68
BLE,1704599103281201243,DF:DF:EE:00:00:04,-52
BLE,1704599103338939218,D3:F4:55:AB:96:20,-68
BLE,1704599103533654795,D3:F4:55:AB:96:20,-68
BLE,1704599103719828353,D3:F4:55:AB:96:20,-52
BLE,1704599103742736710,DF:DF:EE:00:00:04,-50
BLE,1704599103918429628,D3:F4:55:AB:96:20,-68
BLE,1704599104106326140,D3:F4:55:AB:96:20,-69
BLE,1704599104125928880,DF:A6:DC:DC:2E:81,-59
BLE,1704599104125954880,DF:DF:EE:00:00:01,-59
BLE,1704599104282172266,DF:DF:EE:00:00:04,-50
BLE,1704599104488624729,D3:F4:55:AB:96:20,-68
BLE,1704599104682237726,D3:F4:55:AB:96:20,-68
BLE,1704599104748561887,DF:DF:EE:00:00:04,-54
BLE,1704599104876262471,D3:F4:55:AB:96:20,-71
BLE,1704599105069353844,D3:F4:55:AB:96:20,-67
BLE,1704599105285581282,DF:DF:EE:00:00:04,-52
BLE,1704599105453808303,D3:F4:55:AB:96:20,-68
BLE,1704599105747392332,DF:DF:EE:00:00:04,-50
BLE,1704599106221268267,D3:F4:55:AB:96:20,-52
BLE,1704599106609779673,D3:F4:55:AB:96:20,-55
BLE,1704599106994465798,D3:F4:55:AB:96:20,-69
BLE,1704599107021567686,DF:DF:EE:00:00:04,-39
BLE,1704599107755947861,D3:F4:55:AB:96:20,-55
BLE,1704599107948152528,D3:F4:55:AB:96:20,-53
BLE,1704599108140934235,D3:F4:55:AB:96:20,-71
BLE,1704599108297578703,DF:DF:EE:00:00:04,-53
BLE,1704599108329396953,D3:F4:55:AB:96:20,-69
BLE,1704599108523222866,D3:F4:55:AB:96:20,-71
BLE,1704599108712371333,D3:F4:55:AB:96:20,-68
BLE,1704599108902835046,D3:F4:55:AB:96:20,-71
BLE,1704599109285077219,D3:F4:55:AB:96:20,-71
BLE,1704599109676292285,D3:F4:55:AB:96:20,-68
BLE,1704599109862897384,D3:F4:55:AB:96:20,-68
BLE,1704599110053334847,D3:F4:55:AB:96:20,-71
BLE,1704599110109561243,DF:DF:EE:00:00:04,-50
BLE,1704599110434067107,D3:F4:55:AB:96:20,-71
BLE,1704599110567355928,DF:DF:EE:00:00:04,-52
BLE,1704599110629008476,D3:F4:55:AB:96:20,-68
BLE,1704599110823795136,D3:F4:55:AB:96:20,-68
BLE,1704599111012940978,D3:F4:55:AB:96:20,-52
BLE,1704599111104364198,DF:DF:EE:00:00:04,-34
BLE,1704599111206107517,D3:F4:55:AB:96:20,-52
BLE,1704599111394400028,D3:F4:55:AB:96:20,-52
BLE,1704599111572548106,DF:DF:EE:00:00:04,-35
BLE,1704599111590154185,D3:F4:55:AB:96:20,-68
BLE,1704599111753648010,DF:A6:DC:DC:2E:81,-72
BLE,1704599111753675094,DF:DF:EE:00:00:01,-72
BLE,1704599111776638867,D3:F4:55:AB:96:20,-52
BLE,1704599111973329231,D3:F4:55:AB:96:20,-52
BLE,1704599112109788168,DF:DF:EE:00:00:04,-65
BLE,1704599112165028649,D3:F4:55:AB:96:20,-55
BLE,1704599112355420446,D3:F4:55:AB:96:20,-52
BLE,1704599112544960745,D3:F4:55:AB:96:20,-66
BLE,1704599112573528837,DF:DF:EE:00:00:04,-40
BLE,1704599112735733624,D3:F4:55:AB:96:20,-52
BLE,1704599112926392129,D3:F4:55:AB:96:20,-52
BLE,1704599113501782550,D3:F4:55:AB:96:20,-52
BLE,1704599113687175526,D3:F4:55:AB:96:20,-68
BLE,1704599113848672023,DF:DF:EE:00:00:04,-50
BLE,1704599113879439484,D3:F4:55:AB:96:20,-71
BLE,1704599114072923523,D3:F4:55:AB:96:20,-68
BLE,1704599114266275187,D3:F4:55:AB:96:20,-68
BLE,1704599114649732274,D3:F4:55:AB:96:20,-69
BLE,1704599114843559520,D3:F4:55:AB:96:20,-71
BLE,1704599115131508480,DF:DF:EE:00:00:04,-51
BLE,1704599115229701308,D3:F4:55:AB:96:20,-71
BLE,1704599115420102355,D3:F4:55:AB:96:20,-68
BLE,1704599115609546779,D3:F4:55:AB:96:20,-71
BLE,1704599115799557451,D3:F4:55:AB:96:20,-70
BLE,1704599115986125342,D3:F4:55:AB:96:20,-68
BLE,1704599116179717880,D3:F4:55:AB:96:20,-69
BLE,1704599116366156395,D3:F4:55:AB:96:20,-68
BLE,1704599116752672349,D3:F4:55:AB:96:20,-67
BLE,1704599116839596623,DF:A6:DC:DC:2E:81,-72
BLE,1704599116839623789,DF:DF:EE:00:00:01,-72
BLE,1704599117140840756,D3:F4:55:AB:96:20,-71
BLE,1704599117524792175,D3:F4:55:AB:96:20,-70
BLE,1704599117680029397,DF:DF:EE:00:00:04,-52
BLE,1704599117716530635,D3:F4:55:AB:96:20,-68
BLE,1704599117912236335,D3:F4:55:AB:96:20,-68
BLE,1704599118099771722,D3:F4:55:AB:96:20,-68
BLE,1704599118215438505,DF:DF:EE:00:00:04,-50
BLE,1704599118217136792,DF:DF:EE:00:00:04,-53
BLE,1704599118290156477,D3:F4:55:AB:96:20,-70
BLE,1704599118480234066,D3:F4:55:AB:96:20,-67
BLE,1704599118673342564,D3:F4:55:AB:96:20,-71
BLE,1704599118674702603,D3:F4:55:AB:96:20,-68
BLE,1704599118866322271,D3:F4:55:AB:96:20,-68
BLE,1704599119058517230,D3:F4:55:AB:96:20,-52
BLE,1704599119252576350,D3:F4:55:AB:96:20,-71
BLE,1704599119640411759,D3:F4:55:AB:96:20,-70
BLE,1704599119954155360,DF:DF:EE:00:00:04,-52
BLE,1704599120027369836,D3:F4:55:AB:96:20,-69
BLE,1704599120216578595,D3:F4:55:AB:96:20,-68
BLE,1704599120602399300,D3:F4:55:AB:96:20,-71
BLE,1704599120794447259,D3:F4:55:AB:96:20,-69
BLE,1704599121176567932,D3:F4:55:AB:96:20,-68
BLE,1704599121228727672,DF:DF:EE:00:00:04,-51
BLE,1704599121364139278,D3:F4:55:AB:96:20,-68
BLE,1704599121558928230,D3:F4:55:AB:96:20,-68
BLE,1704599121745692120,D3:F4:55:AB:96:20,-69
BLE,1704599121769662766,DF:DF:EE:00:00:04,-51
BLE,1704599121938978575,D3:F4:55:AB:96:20,-68
BLE,1704599122135353732,D3:F4:55:AB:96:20,-70
BLE,1704599122324852197,D3:F4:55:AB:96:20,-52
BLE,1704599122512720042,D3:F4:55:AB:96:20,-68
BLE,1704599122707634577,D3:F4:55:AB:96:20,-68
BLE,1704599122773564239,DF:DF:EE:00:00:04,-55
BLE,1704599122895949880,D3:F4:55:AB:96:20,-69
BLE,1704599123089123919,D3:F4:55:AB:96:20,-68
BLE,1704599123205648949,DF:A6:DC:DC:2E:81,-73
BLE,1704599123205687699,DF:DF:EE:00:00:01,-73
BLE,1704599123230416635,DF:DF:EE:00:00:04,-50
BLE,1704599123278548802,D3:F4:55:AB:96:20,-67
BLE,1704599123667863915,D3:F4:55:AB:96:20,-61
BLE,1704599123772892142,DF:DF:EE:00:00:04,-50
BLE,1704599123859861332,D3:F4:55:AB:96:20,-67
BLE,1704599124056636612,D3:F4:55:AB:96:20,-68
BLE,1704599124234193359,DF:DF:EE:00:00:04,-54
BLE,1704599124243009753,D3:F4:55:AB:96:20,-68
BLE,1704599124438294078,D3:F4:55:AB:96:20,-69
BLE,1704599124624095679,D3:F4:55:AB:96:20,-67
BLE,1704599124765766061,DF:DF:EE:00:00:04,-52
BLE,1704599124821117625,D3:F4:55:AB:96:20,-68
BLE,1704599125016583450,D3:F4:55:AB:96:20,-69
BLE,1704599125235158757,DF:DF:EE:00:00:04,-51
BLE,1704599125398003959,D3:F4:55:AB:96:20,-71
BLE,1704599125767326249,DF:DF:EE:00:00:04,-54
BLE,1704599125966148315,D3:F4:55:AB:96:20,-52
BLE,1704599126158100233,D3:F4:55:AB:96:20,-52
BLE,1704599126745507706,D3:F4:55:AB:96:20,-56
BLE,1704599127135302401,D3:F4:55:AB:96:20,-68
BLE,1704599127504311775,DF:DF:EE:00:00:04,-50
BLE,1704599127513083419,D3:F4:55:AB:96:20,-71
BLE,1704599127708077579,D3:F4:55:AB:96:20,-67
BLE,1704599127897593294,D3:F4:55:AB:96:20,-71
BLE,1704599128046186075,DF:DF:EE:00:00:04,-51
BLE,1704599128089301254,D3:F4:55:AB:96:20,-67
BLE,1704599128285291703,D3:F4:55:AB:96:20,-68
BLE,1704599128295006178,DF:A6:DC:DC:2E:81,-72
BLE,1704599128295033345,DF:DF:EE:00:00:01,-72
BLE,1704599128474602211,D3:F4:55:AB:96:20,-67
BLE,1704599128509411746,DF:DF:EE:00:00:04,-54
BLE,1704599128868847686,D3:F4:55:AB:96:20,-68
BLE,1704599129058140694,D3:F4:55:AB:96:20,-53
BLE,1704599129252084732,D3:F4:55:AB:96:20,-68
BLE,1704599129438145706,D3:F4:55:AB:96:20,-68
BLE,1704599129505536573,DF:DF:EE:00:00:04,-51
BLE,1704599129630342415,D3:F4:55:AB:96:20,-71
BLE,1704599129820364213,D3:F4:55:AB:96:20,-68
BLE,1704599130017516617,D3:F4:55:AB:96:20,-52
BLE,1704599130211391571,D3:F4:55:AB:96:20,-71
BLE,1704599130403429947,D3:F4:55:AB:96:20,-68
BLE,1704599130590531127,D3:F4:55:AB:96:20,-68
BLE,1704599130781678964,D3:F4:55:AB:96:20,-68
BLE,1704599130833894162,DF:A6:DC:DC:2E:81,-72
BLE,1704599130833923120,DF:DF:EE:00:00:01,-72
BLE,1704599130976821457,D3:F4:55:AB:96:20,-71
BLE,1704599131170428745,D3:F4:55:AB:96:20,-67
BLE,1704599131361430499,D3:F4:55:AB:96:20,-71
BLE,1704599131552942417,D3:F4:55:AB:96:20,-67
BLE,1704599131940803701,D3:F4:55:AB:96:20,-68
BLE,1704599132064353963,DF:DF:EE:00:00:04,-55
BLE,1704599132138069146,D3:F4:55:AB:96:20,-68
BLE,1704599132336582630,D3:F4:55:AB:96:20,-68
BLE,1704599132528841547,D3:F4:55:AB:96:20,-71
BLE,1704599132600403111,DF:DF:EE:00:00:04,-52
BLE,1704599132919448615,D3:F4:55:AB:96:20,-68
BLE,1704599133057176299,DF:DF:EE:00:00:04,-54
BLE,1704599133302532328,D3:F4:55:AB:96:20,-68
BLE,1704599133496825364,D3:F4:55:AB:96:20,-70
BLE,1704599133693174271,D3:F4:55:AB:96:20,-68
BLE,1704599133885215313,D3:F4:55:AB:96:20,-68
BLE,1704599134265222200,D3:F4:55:AB:96:20,-71
BLE,1704599134339420049,DF:DF:EE:00:00:04,-54
BLE,1704599134460762525,D3:F4:55:AB:96:20,-68
BLE,1704599134651625987,D3:F4:55:AB:96:20,-68
BLE,1704599134841898868,D3:F4:55:AB:96:20,-66
BLE,1704599135236091551,D3:F4:55:AB:96:20,-69
BLE,1704599135806381152,D3:F4:55:AB:96:20,-67
BLE,1704599135878313049,DF:DF:EE:00:00:04,-50
BLE,1704599136002588351,D3:F4:55:AB:96:20,-68
BLE,1704599136195386683,D3:F4:55:AB:96:20,-71
BLE,1704599136333624948,DF:DF:EE:00:00:04,-53
BLE,1704599136386688227,D3:F4:55:AB:96:20,-68
BLE,1704599136581793137,D3:F4:55:AB:96:20,-71
BLE,1704599136772642516,D3:F4:55:AB:96:20,-68
BLE,1704599136882080523,DF:DF:EE:00:00:04,-54
BLE,1704599136969590129,D3:F4:55:AB:96:20,-68
BLE,1704599137346951189,D3:F4:55:AB:96:20,-70
BLE,1704599137537987484,D3:F4:55:AB:96:20,-68
BLE,1704599137733325852,D3:F4:55:AB:96:20,-68
BLE,1704599137921852361,D3:F4:55:AB:96:20,-68
BLE,1704599138116161815,D3:F4:55:AB:96:20,-68
BLE,1704599138308447565,D3:F4:55:AB:96:20,-68
BLE,1704599138338704070,DF:DF:EE:00:00:04,-53
BLE,1704599138340276607,DF:DF:EE:00:00:04,-55
BLE,1704599138500840856,D3:F4:55:AB:96:20,-68
BLE,1704599138688385952,D3:F4:55:AB:96:20,-68
BLE,1704599138876899212,DF:DF:EE:00:00:04,-65
BLE,1704599138885904522,D3:F4:55:AB:96:20,-52
BLE,1704599139071629039,D3:F4:55:AB:96:20,-68
BLE,1704599139465773640,D3:F4:55:AB:96:20,-69
BLE,1704599139655831479,D3:F4:55:AB:96:20,-67
BLE,1704599140042965139,D3:F4:55:AB:96:20,-71
BLE,1704599140235261139,D3:F4:55:AB:96:20,-69
BLE,1704599140423031360,D3:F4:55:AB:96:20,-68
BLE,1704599140617037314,DF:DF:EE:00:00:04,-55
BLE,1704599140813538511,D3:F4:55:AB:96:20,-71
BLE,1704599141003514434,D3:F4:55:AB:96:20,-67
BLE,1704599141202754291,D3:F4:55:AB:96:20,-69
BLE,1704599141393319629,D3:F4:55:AB:96:20,-71
BLE,1704599141583578218,D3:F4:55:AB:96:20,-68
BLE,1704599141771938270,D3:F4:55:AB:96:20,-68
BLE,1704599141888938424,DF:DF:EE:00:00:04,-53
BLE,1704599141963332272,D3:F4:55:AB:96:20,-68
BLE,1704599142159662262,D3:F4:55:AB:96:20,-71
BLE,1704599142291010129,DF:A6:DC:DC:2E:81,-72
BLE,1704599142291039795,DF:DF:EE:00:00:01,-72
BLE,1704599142349620143,D3:F4:55:AB:96:20,-68
BLE,1704599142429456269,DF:DF:EE:00:00:04,-52
BLE,1704599142543442931,D3:F4:55:AB:96:20,-71
BLE,1704599142889639323,DF:DF:EE:00:00:04,-40
BLE,1704599142932318878,D3:F4:55:AB:96:20,-68
BLE,1704599143123316465,D3:F4:55:AB:96:20,-69
BLE,1704599143318577249,D3:F4:55:AB:96:20,-68
BLE,1704599143426992301,DF:DF:EE:00:00:04,-55
BLE,1704599143505887846,D3:F4:55:AB:96:20,-69
BLE,1704599143700688923,D3:F4:55:AB:96:20,-68
BLE,1704599143885853233,DF:DF:EE:00:00:04,-51
BLE,1704599143893574463,D3:F4:55:AB:96:20,-71
BLE,1704599144089142038,D3:F4:55:AB:96:20,-68
BLE,1704599144284796738,D3:F4:55:AB:96:20,-68
BLE,1704599144475706991,D3:F4:55:AB:96:20,-55
BLE,1704599144831613150,DF:A6:DC:DC:2E:81,-72
BLE,1704599144831656608,DF:DF:EE:00:00:01,-72
BLE,1704599144861367781,D3:F4:55:AB:96:20,-71
BLE,1704599145051648036,D3:F4:55:AB:96:20,-69
BLE,1704599145167853901,DF:DF:EE:00:00:04,-50
BLE,1704599145242383498,D3:F4:55:AB:96:20,-71
BLE,1704599145435670121,D3:F4:55:AB:96:20,-68
BLE,1704599145634632770,D3:F4:55:AB:96:20,-68
BLE,1704599145709565409,DF:DF:EE:00:00:04,-50
BLE,1704599145825929690,D3:F4:55:AB:96:20,-71
BLE,1704599146015418322,D3:F4:55:AB:96:20,-68
BLE,1704599146168071009,DF:DF:EE:00:00:04,-52
BLE,1704599146205375579,D3:F4:55:AB:96:20,-68
BLE,1704599146400376738,D3:F4:55:AB:96:20,-68
BLE,1704599146585972673,D3:F4:55:AB:96:20,-66
BLE,1704599146700211167,DF:DF:EE:00:00:04,-34
BLE,1704599146779202295,D3:F4:55:AB:96:20,-52
BLE,1704599147165981706,DF:DF:EE:00:00:04,-55
BLE,1704599147358353123,D3:F4:55:AB:96:20,-71
BLE,1704599147705548887,DF:DF:EE:00:00:04,-39
BLE,1704599147930705052,D3:F4:55:AB:96:20,-74
BLE,1704599148123526676,D3:F4:55:AB:96:20,-71
BLE,1704599148166056607,DF:DF:EE:00:00:04,-52
BLE,1704599148312809267,D3:F4:55:AB:96:20,-68
BLE,1704599148498059994,D3:F4:55:AB:96:20,-52
BLE,1704599148687214460,D3:F4:55:AB:96:20,-70
BLE,1704599148702458837,DF:DF:EE:00:00:04,-50
BLE,1704599149071239837,D3:F4:55:AB:96:20,-71
BLE,1704599149168024086,DF:DF:EE:00:00:04,-55
BLE,1704599149266048122,D3:F4:55:AB:96:20,-52
BLE,1704599149463132235,D3:F4:55:AB:96:20,-68
BLE,1704599149658505894,D3:F4:55:AB:96:20,-53
BLE,1704599149705674980,DF:DF:EE:00:00:04,-38
BLE,1704599149848640358,D3:F4:55:AB:96:20,-67
BLE,1704599149913531439,DF:A6:DC:DC:2E:81,-72
BLE,1704599149913557897,DF:DF:EE:00:00:01,-72
BLE,1704599150162287126,DF:DF:EE:00:00:04,-50
BLE,1704599150240385756,D3:F4:55:AB:96:20,-71
BLE,1704599150432215258,D3:F4:55:AB:96:20,-68
BLE,1704599150628536081,D3:F4:55:AB:96:20,-68
BLE,1704599150823573324,D3:F4:55:AB:96:20,-71
BLE,1704599151204945166,D3:F4:55:AB:96:20,-55
BLE,1704599151395282504,D3:F4:55:AB:96:20,-68
BLE,1704599151588522877,D3:F4:55:AB:96:20,-70
BLE,1704599151777358136,D3:F4:55:AB:96:20,-68
BLE,1704599151969794094,D3:F4:55:AB:96:20,-70
BLE,1704599152158747603,D3:F4:55:AB:96:20,-68
BLE,1704599152347770111,D3:F4:55:AB:96:20,-68
BLE,1704599152457429535,DF:A6:DC:DC:2E:81,-71
BLE,1704599152457458368,DF:DF:EE:00:00:01,-71
BLE,1704599152539290655,D3:F4:55:AB:96:20,-69
BLE,1704599152712453372,DF:DF:EE:00:00:04,-52
BLE,1704599152726758668,D3:F4:55:AB:96:20,-67
BLE,1704599152921096288,D3:F4:55:AB:96:20,-69
BLE,1704599153112225124,D3:F4:55:AB:96:20,-67
BLE,1704599153305672288,D3:F4:55:AB:96:20,-69
BLE,1704599153492270303,D3:F4:55:AB:96:20,-67
BLE,1704599153683762764,D3:F4:55:AB:96:20,-71
BLE,1704599153987542807,DF:DF:EE:00:00:04,-50
BLE,1704599154066507644,D3:F4:55:AB:96:20,-71
BLE,1704599154067881182,D3:F4:55:AB:96:20,-68
BLE,1704599154260873847,D3:F4:55:AB:96:20,-52
BLE,1704599154454464927,D3:F4:55:AB:96:20,-69
BLE,1704599154646030970,D3:F4:55:AB:96:20,-71
BLE,1704599154836235726,D3:F4:55:AB:96:20,-68
BLE,1704599154988093331,DF:DF:EE:00:00:04,-52
BLE,1704599155002434877,DF:A6:DC:DC:2E:81,-72
BLE,1704599155002462461,DF:DF:EE:00:00:01,-72
BLE,1704599155022145409,D3:F4:55:AB:96:20,-67
BLE,1704599155216898986,D3:F4:55:AB:96:20,-69
BLE,1704599155404874915,D3:F4:55:AB:96:20,-68
BLE,1704599155594754921,D3:F4:55:AB:96:20,-69
BLE,1704599155976456429,D3:F4:55:AB:96:20,-71
BLE,1704599156168895428,D3:F4:55:AB:96:20,-67
BLE,1704599156269859541,DF:DF:EE:00:00:04,-67
BLE,1704599156360557347,D3:F4:55:AB:96:20,-69
BLE,1704599156738260073,D3:F4:55:AB:96:20,-71
BLE,1704599156804201152,DF:DF:EE:00:00:04,-51
BLE,1704599156805767023,DF:DF:EE:00:00:04,-52
BLE,1704599157130215346,D3:F4:55:AB:96:20,-68
BLE,1704599157265981160,DF:DF:EE:00:00:04,-54
BLE,1704599157318526107,D3:F4:55:AB:96:20,-68
BLE,1704599157708640426,D3:F4:55:AB:96:20,-71
BLE,1704599157897650851,D3:F4:55:AB:96:20,-68
BLE,1704599158083700951,D3:F4:55:AB:96:20,-53
BLE,1704599158270109216,DF:DF:EE:00:00:04,-52
BLE,1704599158279793858,D3:F4:55:AB:96:20,-68
BLE,1704599158848629046,D3:F4:55:AB:96:20,-53
BLE,1704599159041616211,D3:F4:55:AB:96:20,-68
BLE,1704599159232046007,D3:F4:55:AB:96:20,-68
BLE,1704599159423374177,D3:F4:55:AB:96:20,-67
BLE,1704599159540728163,DF:DF:EE:00:00:04,-55
BLE,1704599159803789021,D3:F4:55:AB:96:20,-71
BLE,1704599159996189563,D3:F4:55:AB:96:20,-68
BLE,1704599160078340474,DF:DF:EE:00:00:04,-55
BLE,1704599160383707764,D3:F4:55:AB:96:20,-55
BLE,1704599160543817306,DF:DF:EE:00:00:04,-52
BLE,1704599160578897840,D3:F4:55:AB:96:20,-67
BLE,1704599160775544912,D3:F4:55:AB:96:20,-69
BLE,1704599160968654368,D3:F4:55:AB:96:20,-71
BLE,1704599161360148892,D3:F4:55:AB:96:20,-68
BLE,1704599161369712242,DF:A6:DC:DC:2E:81,-72
BLE,1704599161369737826,DF:DF:EE:00:00:01,-72
BLE,1704599161555539468,D3:F4:55:AB:96:20,-71
BLE,1704599161749607046,D3:F4:55:AB:96:20,-67
BLE,1704599161806615898,DF:DF:EE:00:00:04,-53
BLE,1704599161944664623,D3:F4:55:AB:96:20,-69
BLE,1704599162131245554,D3:F4:55:AB:96:20,-67
BLE,1704599162326346964,D3:F4:55:AB:96:20,-69
BLE,1704599162350574359,DF:DF:EE:00:00:04,-54
BLE,1704599162521180874,D3:F4:55:AB:96:20,-71
BLE,1704599162806482549,DF:DF:EE:00:00:04,-50
BLE,1704599162905049460,D3:F4:55:AB:96:20,-71
BLE,1704599163099228913,D3:F4:55:AB:96:20,-68
BLE,1704599163490918937,D3:F4:55:AB:96:20,-72
BLE,1704599163683363478,D3:F4:55:AB:96:20,-68
BLE,1704599163873411192,D3:F4:55:AB:96:20,-71
BLE,1704599164087077929,DF:DF:EE:00:00:04,-55
BLE,1704599164248712592,D3:F4:55:AB:96:20,-68
BLE,1704599164443967792,D3:F4:55:AB:96:20,-68
BLE,1704599164637196123,D3:F4:55:AB:96:20,-55
BLE,1704599164832916365,D3:F4:55:AB:96:20,-67
BLE,1704599165027735692,D3:F4:55:AB:96:20,-68
BLE,1704599165215030580,D3:F4:55:AB:96:20,-68
BLE,1704599165356595587,DF:DF:EE:00:00:04,-52
BLE,1704599165407113789,D3:F4:55:AB:96:20,-71
BLE,1704599165787512675,D3:F4:55:AB:96:20,-70
BLE,1704599165899403759,DF:DF:EE:00:00:04,-52
BLE,1704599166169687348,D3:F4:55:AB:96:20,-71
BLE,1704599166365204007,D3:F4:55:AB:96:20,-68
BLE,1704599166559034503,D3:F4:55:AB:96:20,-68
BLE,1704599166755154743,D3:F4:55:AB:96:20,-71
BLE,1704599166951233442,D3:F4:55:AB:96:20,-68
BLE,1704599167146229393,D3:F4:55:AB:96:20,-68
BLE,1704599167338938142,D3:F4:55:AB:96:20,-71
BLE,1704599167721030440,D3:F4:55:AB:96:20,-71
BLE,1704599168290189086,D3:F4:55:AB:96:20,-68
BLE,1704599168482180087,D3:F4:55:AB:96:20,-68
BLE,1704599168676320291,D3:F4:55:AB:96:20,-68
BLE,1704599168871067576,D3:F4:55:AB:96:20,-71
BLE,1704599168922831400,DF:DF:EE:00:00:04,-55
BLE,1704599169250781631,D3:F4:55:AB:96:20,-71
BLE,1704599169447012954,D3:F4:55:AB:96:20,-68
BLE,1704599169449531489,DF:DF:EE:00:00:04,-51
BLE,1704599169451113401,DF:DF:EE:00:00:04,-52
BLE,1704599169636489711,D3:F4:55:AB:96:20,-71
BLE,1704599170016986222,D3:F4:55:AB:96:20,-71
BLE,1704599170209522222,D3:F4:55:AB:96:20,-68
BLE,1704599170407293833,D3:F4:55:AB:96:20,-68
BLE,1704599170454890875,DF:DF:EE:00:00:04,-54
BLE,1704599170596235300,D3:F4:55:AB:96:20,-68
BLE,1704599170789168423,D3:F4:55:AB:96:20,-68
BLE,1704599170922290619,DF:DF:EE:00:00:04,-54
BLE,1704599170977893558,D3:F4:55:AB:96:20,-68
BLE,1704599171171487471,D3:F4:55:AB:96:20,-68
BLE,1704599171360714687,D3:F4:55:AB:96:20,-68
BLE,1704599171554066518,D3:F4:55:AB:96:20,-68
BLE,1704599171740141118,D3:F4:55:AB:96:20,-68
BLE,1704599171939781557,D3:F4:55:AB:96:20,-68
BLE,1704599172130361062,D3:F4:55:AB:96:20,-71
BLE,1704599172198674468,DF:DF:EE:00:00:04,-52
BLE,1704599172523005791,D3:F4:55:AB:96:20,-69
BLE,1704599172715065334,D3:F4:55:AB:96:20,-54
BLE,1704599172821510432,DF:A6:DC:DC:2E:81,-72
BLE,1704599172821538640,DF:DF:EE:00:00:01,-72
BLE,1704599172908960371,D3:F4:55:AB:96:20,-68
BLE,1704599173099233960,D3:F4:55:AB:96:20,-71
BLE,1704599173288925925,D3:F4:55:AB:96:20,-68
BLE,1704599173472949363,DF:DF:EE:00:00:04,-50
BLE,1704599173482709130,D3:F4:55:AB:96:20,-71
BLE,1704599173671703138,D3:F4:55:AB:96:20,-68
BLE,1704599173859180609,D3:F4:55:AB:96:20,-68
BLE,1704599174054198227,D3:F4:55:AB:96:20,-68
BLE,1704599174245625605,D3:F4:55:AB:96:20,-71
BLE,1704599174466244656,DF:DF:EE:00:00:04,-34
BLE,1704599175017475140,D3:F4:55:AB:96:20,-68
BLE,1704599175209084684,D3:F4:55:AB:96:20,-67
BLE,1704599175401366101,D3:F4:55:AB:96:20,-68
BLE,1704599175744369292,DF:DF:EE:00:00:04,-50
BLE,1704599175972180950,D3:F4:55:AB:96:20,-68
BLE,1704599176352820794,D3:F4:55:AB:96:20,-67
BLE,1704599176547138539,D3:F4:55:AB:96:20,-69
BLE,1704599176735570174,D3:F4:55:AB:96:20,-68
BLE,1704599176929102921,D3:F4:55:AB:96:20,-69
BLE,1704599177012155455,DF:DF:EE:00:00:04,-53
BLE,1704599177120917839,D3:F4:55:AB:96:20,-68
BLE,1704599177313341297,D3:F4:55:AB:96:20,-69
BLE,1704599177885642059,D3:F4:55:AB:96:20,-68
BLE,1704599178080173345,D3:F4:55:AB:96:20,-68
BLE,1704599178274431090,D3:F4:55:AB:96:20,-71
BLE,1704599178289652426,DF:DF:EE:00:00:04,-50
BLE,1704599178658404717,D3:F4:55:AB:96:20,-71
BLE,1704599178821658085,DF:DF:EE:00:00:04,-54
BLE,1704599178854571124,D3:F4:55:AB:96:20,-68
BLE,1704599179045442044,D3:F4:55:AB:96:20,-68
BLE,1704599179241031953,D3:F4:55:AB:96:20,-71
BLE,1704599179287222416,DF:DF:EE:00:00:04,-52
BLE,1704599179434367075,D3:F4:55:AB:96:20,-67
BLE,1704599179631961228,D3:F4:55:AB:96:20,-69
BLE,1704599179819341699,DF:DF:EE:00:00:04,-50
BLE,1704599179821878026,D3:F4:55:AB:96:20,-68
BLE,1704599180013558486,D3:F4:55:AB:96:20,-68
BLE,1704599180200519750,D3:F4:55:AB:96:20,-68
BLE,1704599180391271004,D3:F4:55:AB:96:20,-70
BLE,1704599180963924849,D3:F4:55:AB:96:20,-53
BLE,1704599181156662640,D3:F4:55:AB:96:20,-70
BLE,1704599181535871487,D3:F4:55:AB:96:20,-69
BLE,1704599181567257197,DF:DF:EE:00:00:04,-40
BLE,1704599181919432074,D3:F4:55:AB:96:20,-70
BLE,1704599182100694186,DF:DF:EE:00:00:04,-65
BLE,1704599182113176903,D3:F4:55:AB:96:20,-66
BLE,1704599182309280143,D3:F4:55:AB:96:20,-52
BLE,1704599182695075016,D3:F4:55:AB:96:20,-69
BLE,1704599183012758148,DF:A6:DC:DC:2E:81,-72
BLE,1704599183012793023,DF:DF:EE:00:00:01,-72
BLE,1704599183081122429,D3:F4:55:AB:96:20,-68
BLE,1704599183103165496,DF:DF:EE:00:00:04,-50
BLE,1704599183465551388,D3:F4:55:AB:96:20,-68
BLE,1704599183564901380,DF:DF:EE:00:00:04,-52
BLE,1704599183657709930,D3:F4:55:AB:96:20,-69
BLE,1704599183848189101,D3:F4:55:AB:96:20,-67
BLE,1704599184037368901,D3:F4:55:AB:96:20,-71
BLE,1704599184038926897,D3:F4:55:AB:96:20,-68
BLE,1704599184104659893,DF:DF:EE:00:00:04,-52
BLE,1704599184566080277,DF:DF:EE:00:00:04,-50
BLE,1704599184612949905,D3:F4:55:AB:96:20,-68
BLE,1704599184999236818,D3:F4:55:AB:96:20,-71
BLE,1704599185104562961,DF:DF:EE:00:00:04,-35
BLE,1704599185192167316,D3:F4:55:AB:96:20,-69
BLE,1704599185384489983,D3:F4:55:AB:96:20,-70
BLE,1704599185557059951,DF:A6:DC:DC:2E:81,-58
BLE,1704599185557096159,DF:DF:EE:00:00:01,-58
BLE,1704599185574679613,D3:F4:55:AB:96:20,-52
BLE,1704599185960358819,D3:F4:55:AB:96:20,-54
BLE,1704599186099560916,DF:DF:EE:00:00:04,-34
BLE,1704599186150335825,D3:F4:55:AB:96:20,-70
BLE,1704599186341519037,D3:F4:55:AB:96:20,-52
BLE,1704599186726574911,D3:F4:55:AB:96:20,-63
BLE,1704599186923676148,D3:F4:55:AB:96:20,-52
BLE,1704599187309497979,D3:F4:55:AB:96:20,-52
BLE,1704599187692151484,D3:F4:55:AB:96:20,-67
BLE,1704599187840249891,DF:DF:EE:00:00:04,-53
BLE,1704599187881664325,D3:F4:55:AB:96:20,-71
BLE,1704599188369426932,DF:DF:EE:00:00:04,-50
BLE,1704599188472157457,D3:F4:55:AB:96:20,-68
BLE,1704599188659146970,D3:F4:55:AB:96:20,-68
BLE,1704599188834580514,DF:DF:EE:00:00:04,-40
BLE,1704599189234514683,D3:F4:55:AB:96:20,-71
BLE,1704599189617321188,D3:F4:55:AB:96:20,-71
BLE,1704599190001933105,D3:F4:55:AB:96:20,-68
BLE,1704599190114022313,DF:DF:EE:00:00:04,-54
BLE,1704599190191196363,D3:F4:55:AB:96:20,-66
BLE,1704599190385406275,D3:F4:55:AB:96:20,-68
BLE,1704599190580895725,D3:F4:55:AB:96:20,-71
BLE,1704599190963130190,D3:F4:55:AB:96:20,-71
BLE,1704599191394241819,DF:DF:EE:00:00:04,-52
BLE,1704599191731013027,D3:F4:55:AB:96:20,-71
BLE,1704599192110461290,D3:F4:55:AB:96:20,-71
BLE,1704599192305431742,D3:F4:55:AB:96:20,-68
BLE,1704599192501713690,D3:F4:55:AB:96:20,-69
BLE,1704599192669518504,DF:DF:EE:00:00:04,-50
BLE,1704599192697627847,D3:F4:55:AB:96:20,-71
BLE,1704599192894126587,D3:F4:55:AB:96:20,-68
BLE,1704599193202956867,DF:DF:EE:00:00:04,-54
BLE,1704599193667066869,D3:F4:55:AB:96:20,-71
BLE,1704599193672134147,DF:DF:EE:00:00:04,-55
BLE,1704599193857100500,D3:F4:55:AB:96:20,-68
BLE,1704599194056954605,D3:F4:55:AB:96:20,-68
BLE,1704599194199769526,DF:DF:EE:00:00:04,-50
BLE,1704599194243369663,D3:F4:55:AB:96:20,-69
BLE,1704599194438335989,D3:F4:55:AB:96:20,-68
BLE,1704599194626020001,D3:F4:55:AB:96:20,-68
BLE,1704599194663127196,DF:DF:EE:00:00:04,-55
BLE,1704599194822256533,D3:F4:55:AB:96:20,-52
BLE,1704599195015999112,D3:F4:55:AB:96:20,-71
BLE,1704599195212265894,D3:F4:55:AB:96:20,-68
BLE,1704599195601051133,D3:F4:55:AB:96:20,-70
BLE,1704599195796696000,D3:F4:55:AB:96:20,-69
BLE,1704599195937465509,DF:DF:EE:00:00:04,-52
BLE,1704599195988904333,D3:F4:55:AB:96:20,-68
BLE,1704599196174380185,D3:F4:55:AB:96:20,-68
BLE,1704599196373500584,D3:F4:55:AB:96:20,-68
BLE,1704599196481803052,DF:DF:EE:00:00:04,-54
BLE,1704599196567032581,D3:F4:55:AB:96:20,-71
BLE,1704599196940253902,DF:DF:EE:00:00:04,-50
BLE,1704599196947314634,D3:F4:55:AB:96:20,-71
BLE,1704599197526819252,D3:F4:55:AB:96:20,-67
BLE,1704599197716048510,D3:F4:55:AB:96:20,-71
BLE,1704599198101531925,D3:F4:55:AB:96:20,-68
BLE,1704599198206920776,DF:DF:EE:00:00:04,-52
BLE,1704599198290178226,D3:F4:55:AB:96:20,-67
BLE,1704599198479944816,D3:F4:55:AB:96:20,-71
BLE,1704599198857429752,D3:F4:55:AB:96:20,-68
BLE,1704599199052359245,D3:F4:55:AB:96:20,-68
BLE,1704599199249901523,D3:F4:55:AB:96:20,-69
BLE,1704599199441595608,D3:F4:55:AB:96:20,-68
BLE,1704599199481869253,DF:DF:EE:00:00:04,-50
BLE,1704599199634916022,D3:F4:55:AB:96:20,-68
BLE,1704599199824437196,D3:F4:55:AB:96:20,-67
BLE,1704599200025982089,DF:DF:EE:00:00:04,-50
BLE,1704599200207400909,D3:F4:55:AB:96:20,-52
BLE,1704599200398235163,D3:F4:55:AB:96:20,-68
BLE,1704599200487280848,DF:DF:EE:00:00:04,-55
BLE,1704599200593050115,D3:F4:55:AB:96:20,-70
BLE,1704599200978148947,D3:F4:55:AB:96:20,-71
BLE,1704599201027830235,DF:DF:EE:00:00:04,-54
BLE,1704599201488155330,DF:DF:EE:00:00:04,-51
BLE,1704599201738166513,D3:F4:55:AB:96:20,-68
BLE,1704599201739507968,D3:F4:55:AB:96:20,-71
BLE,1704599201929380266,D3:F4:55:AB:96:20,-68
BLE,1704599202115061867,DF:A6:DC:DC:2E:81,-71
BLE,1704599202115097367,DF:DF:EE:00:00:01,-71
BLE,1704599202312470479,D3:F4:55:AB:96:20,-68
BLE,1704599202479972210,DF:DF:EE:00:00:04,-50
BLE,1704599202507649263,D3:F4:55:AB:96:20,-71
BLE,1704599202887546859,D3:F4:55:AB:96:20,-56
BLE,1704599203023279048,DF:DF:EE:00:00:04,-52
BLE,1704599203077919031,D3:F4:55:AB:96:20,-68
BLE,1704599203265207210,D3:F4:55:AB:96:20,-68
BLE,1704599203481450815,DF:DF:EE:00:00:04,-55
BLE,1704599203850024148,D3:F4:55:AB:96:20,-67
BLE,1704599204024401695,DF:DF:EE:00:00:04,-54
BLE,1704599204430262682,D3:F4:55:AB:96:20,-69
BLE,1704599204488798155,DF:DF:EE:00:00:04,-53
BLE,1704599204617055613,D3:F4:55:AB:96:20,-67
BLE,1704599205005773311,D3:F4:55:AB:96:20,-71
BLE,1704599205194801819,D3:F4:55:AB:96:20,-68
BLE,1704599205382552206,D3:F4:55:AB:96:20,-67
BLE,1704599205757508648,DF:DF:EE:00:00:04,-54
BLE,1704599205765722169,D3:F4:55:AB:96:20,-68
BLE,1704599205962689532,D3:F4:55:AB:96:20,-67
BLE,1704599206158696647,D3:F4:55:AB:96:20,-68
BLE,1704599206347434740,D3:F4:55:AB:96:20,-68
BLE,1704599206544414853,D3:F4:55:AB:96:20,-68
BLE,1704599206735506981,D3:F4:55:AB:96:20,-71
BLE,1704599206925432779,D3:F4:55:AB:96:20,-69
BLE,1704599207039085192,DF:DF:EE:00:00:04,-55
BLE,1704599207114706495,D3:F4:55:AB:96:20,-68
BLE,1704599207202573642,DF:A6:DC:DC:2E:81,-71
BLE,1704599207202602225,DF:DF:EE:00:00:01,-71
BLE,1704599207309025907,D3:F4:55:AB:96:20,-69
BLE,1704599207572997512,DF:DF:EE:00:00:04,-53
BLE,1704599207690463707,D3:F4:55:AB:96:20,-69
BLE,1704599207885071784,D3:F4:55:AB:96:20,-71
BLE,1704599208033477065,DF:DF:EE:00:00:04,-35
BLE,1704599208081367941,D3:F4:55:AB:96:20,-53
BLE,1704599208273356525,D3:F4:55:AB:96:20,-52
BLE,1704599208468896725,D3:F4:55:AB:96:20,-69
BLE,1704599208853897808,D3:F4:55:AB:96:20,-55
BLE,1704599209242047465,D3:F4:55:AB:96:20,-52
BLE,1704599209436522585,D3:F4:55:AB:96:20,-69
BLE,1704599209631343870,D3:F4:55:AB:96:20,-67
BLE,1704599209747111652,DF:A6:DC:DC:2E:81,-58
BLE,1704599209747139652,DF:DF:EE:00:00:01,-58
BLE,1704599209822069666,D3:F4:55:AB:96:20,-55
BLE,1704599209852812836,DF:DF:EE:00:00:04,-56
BLE,1704599210203753465,D3:F4:55:AB:96:20,-70
BLE,1704599210395339842,D3:F4:55:AB:96:20,-68
BLE,1704599210587452343,D3:F4:55:AB:96:20,-71
BLE,1704599210848961205,DF:DF:EE:00:00:04,-50
BLE,1704599210968981851,D3:F4:55:AB:96:20,-71
BLE,1704599211162195891,D3:F4:55:AB:96:20,-68
BLE,1704599211314634536,DF:DF:EE:00:00:04,-55
BLE,1704599211552805625,D3:F4:55:AB:96:20,-71
BLE,1704599211744672918,D3:F4:55:AB:96:20,-67
BLE,1704599211852192805,DF:DF:EE:00:00:04,-55
BLE,1704599211936330003,D3:F4:55:AB:96:20,-71
BLE,1704599212288807837,DF:A6:DC:DC:2E:81,-72
BLE,1704599212288844629,DF:DF:EE:00:00:01,-72
BLE,1704599212309289742,DF:DF:EE:00:00:04,-51
BLE,1704599212324995701,D3:F4:55:AB:96:20,-68
BLE,1704599212520589901,D3:F4:55:AB:96:20,-71
BLE,1704599212712805401,D3:F4:55:AB:96:20,-68
BLE,1704599212910212305,D3:F4:55:AB:96:20,-68
BLE,1704599213106537170,D3:F4:55:AB:96:20,-71
BLE,1704599213299760126,D3:F4:55:AB:96:20,-65
BLE,1704599213304631988,DF:DF:EE:00:00:04,-51
BLE,1704599213495101535,D3:F4:55:AB:96:20,-68
BLE,1704599213691193983,D3:F4:55:AB:96:20,-70
BLE,1704599213846524538,DF:DF:EE:00:00:04,-52
BLE,1704599213880084075,D3:F4:55:AB:96:20,-68
BLE,1704599214073900988,D3:F4:55:AB:96:20,-54
BLE,1704599214455941079,D3:F4:55:AB:96:20,-71
BLE,1704599214649196493,D3:F4:55:AB:96:20,-68
BLE,1704599214846534063,DF:DF:EE:00:00:04,-40
BLE,1704599214921608743,DF:DF:EE:00:00:04,-50
BLE,1704599215030245211,D3:F4:55:AB:96:20,-68
BLE,1704599215228035113,D3:F4:55:AB:96:20,-68
BLE,1704599215607205419,D3:F4:55:AB:96:20,-68
BLE,1704599215801094665,D3:F4:55:AB:96:20,-68
BLE,1704599215993587081,D3:F4:55:AB:96:20,-68
BLE,1704599216081100354,DF:DF:EE:00:00:04,-54
BLE,1704599216110670194,DF:A6:DC:DC:2E:81,-72
BLE,1704599216110696277,DF:DF:EE:00:00:01,-72
BLE,1704599216180738262,D3:F4:55:AB:96:20,-68
BLE,1704599216373865593,D3:F4:55:AB:96:20,-68
BLE,1704599216567347173,D3:F4:55:AB:96:20,-71
BLE,1704599216619772245,DF:DF:EE:00:00:04,-54
BLE,1704599216762488249,D3:F4:55:AB:96:20,-67
BLE,1704599216952728005,D3:F4:55:AB:96:20,-71
BLE,1704599217337957337,D3:F4:55:AB:96:20,-70
BLE,1704599217529886171,D3:F4:55:AB:96:20,-68
BLE,1704599217618934315,DF:DF:EE:00:00:04,-50
BLE,1704599217725819162,D3:F4:55:AB:96:20,-68
BLE,1704599217921655236,D3:F4:55:AB:96:20,-70
BLE,1704599218076511209,DF:DF:EE:00:00:04,-52
BLE,1704599218117878809,D3:F4:55:AB:96:20,-68
BLE,1704599218507822379,D3:F4:55:AB:96:20,-71
BLE,1704599218894136833,D3:F4:55:AB:96:20,-68
BLE,1704599219090139365,D3:F4:55:AB:96:20,-55
BLE,1704599219865887849,D3:F4:55:AB:96:20,-68
BLE,1704599220051625658,D3:F4:55:AB:96:20,-68
BLE,1704599220626428580,DF:DF:EE:00:00:04,-54
BLE,1704599221010831456,D3:F4:55:AB:96:20,-68
BLE,1704599221202791957,D3:F4:55:AB:96:20,-69
BLE,1704599221589154994,D3:F4:55:AB:96:20,-70
BLE,1704599221780485830,D3:F4:55:AB:96:20,-68
BLE,1704599221904897798,DF:DF:EE:00:00:04,-52
BLE,1704599222165704454,D3:F4:55:AB:96:20,-53
BLE,1704599222361452528,D3:F4:55:AB:96:20,-68
BLE,1704599222549584581,D3:F4:55:AB:96:20,-68
BLE,1704599222740383668,D3:F4:55:AB:96:20,-68
BLE,1704599222928080972,D3:F4:55:AB:96:20,-68
BLE,1704599223123132507,D3:F4:55:AB:96:20,-68
BLE,1704599224444419072,DF:DF:EE:00:00:04,-52
BLE,1704599224465554725,D3:F4:55:AB:96:20,-71
BLE,1704599224655801147,D3:F4:55:AB:96:20,-68
BLE,1704599224845154197,D3:F4:55:AB:96:20,-68
BLE,1704599224986216580,DF:DF:EE:00:00:04,-53
BLE,1704599225022614402,DF:A6:DC:DC:2E:81,-72
BLE,1704599225022642444,DF:DF:EE:00:00:01,-72
BLE,1704599225042791100,D3:F4:55:AB:96:20,-68
BLE,1704599225241025084,D3:F4:55:AB:96:20,-69
BLE,1704599225437175491,D3:F4:55:AB:96:20,-71
BLE,1704599225632140318,D3:F4:55:AB:96:20,-68
BLE,1704599225824479901,D3:F4:55:AB:96:20,-68
BLE,1704599226017468024,D3:F4:55:AB:96:20,-71
BLE,1704599226208418111,D3:F4:55:AB:96:20,-68
BLE,1704599226398027243,D3:F4:55:AB:96:20,-68
BLE,1704599226595572730,D3:F4:55:AB:96:20,-67
BLE,1704599226720350739,DF:DF:EE:00:00:04,-52
BLE,1704599226791373888,D3:F4:55:AB:96:20,-69
BLE,1704599226979327357,D3:F4:55:AB:96:20,-67
BLE,1704599227263337453,DF:DF:EE:00:00:04,-55
BLE,1704599227367520265,D3:F4:55:AB:96:20,-71
BLE,1704599227563199715,D3:F4:55:AB:96:20,-68
BLE,1704599227751899974,D3:F4:55:AB:96:20,-71
BLE,1704599228137570388,D3:F4:55:AB:96:20,-71
BLE,1704599228332754131,D3:F4:55:AB:96:20,-68
BLE,1704599228715163428,DF:DF:EE:00:00:04,-51
BLE,1704599228719847833,D3:F4:55:AB:96:20,-71
BLE,1704599228909495590,D3:F4:55:AB:96:20,-68
BLE,1704599229105162581,D3:F4:55:AB:96:20,-71
BLE,1704599229253597154,DF:DF:EE:00:00:04,-50
BLE,1704599229493963571,D3:F4:55:AB:96:20,-52
BLE,1704599229687096860,D3:F4:55:AB:96:20,-71
BLE,1704599229877377032,D3:F4:55:AB:96:20,-68
BLE,1704599230063558215,D3:F4:55:AB:96:20,-69
BLE,1704599230253210389,D3:F4:55:AB:96:20,-71
BLE,1704599230446129554,D3:F4:55:AB:96:20,-68
BLE,1704599230831347219,D3:F4:55:AB:96:20,-68
BLE,1704599230993248090,DF:DF:EE:00:00:04,-52
BLE,1704599231024828341,D3:F4:55:AB:96:20,-67
BLE,1704599231217682423,D3:F4:55:AB:96:20,-71
BLE,1704599231598206142,D3:F4:55:AB:96:20,-71
BLE,1704599231790815642,D3:F4:55:AB:96:20,-68
BLE,1704599231983971640,D3:F4:55:AB:96:20,-71
BLE,1704599232261220544,DF:DF:EE:00:00:04,-55
BLE,1704599232366557312,D3:F4:55:AB:96:20,-71
BLE,1704599232560212767,D3:F4:55:AB:96:20,-67
BLE,1704599232944012394,D3:F4:55:AB:96:20,-68
BLE,1704599233138372555,D3:F4:55:AB:96:20,-68
BLE,1704599233333246382,D3:F4:55:AB:96:20,-71
BLE,1704599233540928384,DF:DF:EE:00:00:04,-54
BLE,1704599233712804729,D3:F4:55:AB:96:20,-71
BLE,1704599233908979886,D3:F4:55:AB:96:20,-68
BLE,1704599234084599096,DF:DF:EE:00:00:04,-54
BLE,1704599234104637127,D3:F4:55:AB:96:20,-67
BLE,1704599234294524050,D3:F4:55:AB:96:20,-68
BLE,1704599234489482585,D3:F4:55:AB:96:20,-68
BLE,1704599234542306573,DF:DF:EE:00:00:04,-50
BLE,1704599234680324880,D3:F4:55:AB:96:20,-71
BLE,1704599234870961343,D3:F4:55:AB:96:20,-68
BLE,1704599235056961068,D3:F4:55:AB:96:20,-68
BLE,1704599235627094878,D3:F4:55:AB:96:20,-71
BLE,1704599236010346756,D3:F4:55:AB:96:20,-71
BLE,1704599236202931297,D3:F4:55:AB:96:20,-57
BLE,1704599236392463555,D3:F4:55:AB:96:20,-70
BLE,1704599236585078137,D3:F4:55:AB:96:20,-68
BLE,1704599236778442260,D3:F4:55:AB:96:20,-71
BLE,1704599237097249764,DF:DF:EE:00:00:04,-55
BLE,1704599237156109736,D3:F4:55:AB:96:20,-71
BLE,1704599237546555221,D3:F4:55:AB:96:20,-68
BLE,1704599237758451546,DF:A6:DC:DC:2E:81,-72
BLE,1704599237758480920,DF:DF:EE:00:00:01,-72
BLE,1704599237932777092,D3:F4:55:AB:96:20,-68
BLE,1704599238119721190,D3:F4:55:AB:96:20,-68
BLE,1704599238311387983,D3:F4:55:AB:96:20,-69
BLE,1704599238373318156,DF:DF:EE:00:00:04,-52
BLE,1704599238892038099,D3:F4:55:AB:96:20,-70
BLE,1704599238913455876,DF:DF:EE:00:00:04,-52
BLE,1704599239085429388,D3:F4:55:AB:96:20,-68
BLE,1704599239278355178,D3:F4:55:AB:96:20,-68
BLE,1704599239372164226,DF:DF:EE:00:00:04,-56
BLE,1704599239474192044,D3:F4:55:AB:96:20,-70
BLE,1704599239863461990,D3:F4:55:AB:96:20,-68
BLE,1704599240051704418,D3:F4:55:AB:96:20,-69
BLE,1704599240435002963,D3:F4:55:AB:96:20,-67
BLE,1704599240632266533,D3:F4:55:AB:96:20,-68
BLE,1704599240644789459,DF:DF:EE:00:00:04,-52
BLE,1704599240819934337,D3:F4:55:AB:96:20,-68
BLE,1704599241188712504,DF:DF:EE:00:00:04,-53
BLE,1704599241209313992,D3:F4:55:AB:96:20,-55
BLE,1704599241582295522,DF:A6:DC:DC:2E:81,-58
BLE,1704599241582344272,DF:DF:EE:00:00:01,-58
BLE,1704599241588468423,D3:F4:55:AB:96:20,-55
BLE,1704599241649750138,DF:DF:EE:00:00:04,-34
BLE,1704599241780467840,D3:F4:55:AB:96:20,-68
BLE,1704599242165560006,D3:F4:55:AB:96:20,-52
BLE,1704599242184617665,DF:DF:EE:00:00:04,-39
BLE,1704599242356154386,D3:F4:55:AB:96:20,-70
BLE,1704599242649807830,DF:DF:EE:00:00:04,-53
BLE,1704599242744903208,D3:F4:55:AB:96:20,-53
BLE,1704599242933917384,D3:F4:55:AB:96:20,-66
BLE,1704599243705549919,D3:F4:55:AB:96:20,-71
BLE,1704599243918420908,DF:DF:EE:00:00:04,-55
BLE,1704599244091102917,D3:F4:55:AB:96:20,-71
BLE,1704599244285837203,D3:F4:55:AB:96:20,-66
BLE,1704599244672582989,D3:F4:55:AB:96:20,-71
BLE,1704599244862359496,D3:F4:55:AB:96:20,-67
BLE,1704599245053357583,D3:F4:55:AB:96:20,-71
BLE,1704599245192190930,DF:DF:EE:00:00:04,-53
BLE,1704599245434367675,D3:F4:55:AB:96:20,-68
BLE,1704599245435711797,D3:F4:55:AB:96:20,-71
BLE,1704599245631020414,D3:F4:55:AB:96:20,-67
BLE,1704599245731516653,DF:DF:EE:00:00:04,-52
BLE,1704599245824038288,D3:F4:55:AB:96:20,-70
BLE,1704599245825583908,D3:F4:55:AB:96:20,-68
BLE,1704599246015639039,D3:F4:55:AB:96:20,-67
BLE,1704599246197832483,DF:DF:EE:00:00:04,-50
BLE,1704599246209003162,D3:F4:55:AB:96:20,-68
BLE,1704599246400734913,D3:F4:55:AB:96:20,-69
BLE,1704599246730692347,DF:DF:EE:00:00:04,-39
BLE,1704599246976285667,D3:F4:55:AB:96:20,-52
BLE,1704599247168822542,D3:F4:55:AB:96:20,-55
BLE,1704599247188593824,DF:DF:EE:00:00:04,-35
BLE,1704599247561129355,D3:F4:55:AB:96:20,-68
BLE,1704599247747384079,D3:F4:55:AB:96:20,-66
BLE,1704599247937053586,D3:F4:55:AB:96:20,-54
BLE,1704599248192401589,DF:DF:EE:00:00:04,-55
BLE,1704599248324671620,D3:F4:55:AB:96:20,-52
BLE,1704599248514722085,D3:F4:55:AB:96:20,-66
BLE,1704599248709952077,D3:F4:55:AB:96:20,-68
BLE,1704599248903135408,D3:F4:55:AB:96:20,-71
BLE,1704599249097289320,D3:F4:55:AB:96:20,-68
BLE,1704599249287496368,D3:F4:55:AB:96:20,-71
BLE,1704599249471960888,DF:DF:EE:00:00:04,-54
BLE,1704599249667247255,D3:F4:55:AB:96:20,-71
BLE,1704599250056290244,D3:F4:55:AB:96:20,-68
BLE,1704599250432461808,D3:F4:55:AB:96:20,-71
BLE,1704599250491250030,DF:A6:DC:DC:2E:81,-72
BLE,1704599250491282613,DF:DF:EE:00:00:01,-72
BLE,1704599250750899022,DF:DF:EE:00:00:04,-53
BLE,1704599251016200999,D3:F4:55:AB:96:20,-71
BLE,1704599251292972571,DF:DF:EE:00:00:04,-55
BLE,1704599251399642544,D3:F4:55:AB:96:20,-71
BLE,1704599251588742719,D3:F4:55:AB:96:20,-68
BLE,1704599251775774399,D3:F4:55:AB:96:20,-67
BLE,1704599251966473779,D3:F4:55:AB:96:20,-71
BLE,1704599252156255327,D3:F4:55:AB:96:20,-67
BLE,1704599252349567574,D3:F4:55:AB:96:20,-71
BLE,1704599252538306542,D3:F4:55:AB:96:20,-68
BLE,1704599252736446069,D3:F4:55:AB:96:20,-68
BLE,1704599252752572069,DF:DF:EE:00:00:04,-52
BLE,1704599252924066373,D3:F4:55:AB:96:20,-68
BLE,1704599253038257159,DF:A6:DC:DC:2E:81,-72
BLE,1704599253038290617,DF:DF:EE:00:00:01,-72
BLE,1704599253113867338,D3:F4:55:AB:96:20,-71
BLE,1704599253292583748,DF:DF:EE:00:00:04,-52
BLE,1704599253309003622,D3:F4:55:AB:96:20,-68
BLE,1704599253500507458,D3:F4:55:AB:96:20,-69
BLE,1704599253686189975,D3:F4:55:AB:96:20,-68
BLE,1704599253748877312,DF:DF:EE:00:00:04,-54
BLE,1704599254066067362,D3:F4:55:AB:96:20,-52
BLE,1704599254257624989,D3:F4:55:AB:96:20,-55
BLE,1704599254454105979,D3:F4:55:AB:96:20,-66
BLE,1704599254646724645,D3:F4:55:AB:96:20,-53
BLE,1704599254837113316,D3:F4:55:AB:96:20,-66
BLE,1704599255022425585,DF:DF:EE:00:00:04,-36
BLE,1704599255028969943,D3:F4:55:AB:96:20,-53
BLE,1704599255217674077,D3:F4:55:AB:96:20,-52
BLE,1704599255408820747,D3:F4:55:AB:96:20,-70
BLE,1704599255561292684,DF:DF:EE:00:00:04,-53
BLE,1704599255604001240,D3:F4:55:AB:96:20,-52
BLE,1704599255993939393,D3:F4:55:AB:96:20,-69
BLE,1704599256186364392,D3:F4:55:AB:96:20,-68
BLE,1704599256375857900,D3:F4:55:AB:96:20,-71
BLE,1704599256569704229,D3:F4:55:AB:96:20,-68
BLE,1704599256952412609,D3:F4:55:AB:96:20,-68
BLE,1704599257141309285,D3:F4:55:AB:96:20,-71
BLE,1704599257288960901,DF:DF:EE:00:00:04,-50
BLE,1704599257522113295,D3:F4:55:AB:96:20,-71
BLE,1704599257902676764,D3:F4:55:AB:96:20,-71
BLE,1704599258091428940,D3:F4:55:AB:96:20,-68
BLE,1704599258279272494,D3:F4:55:AB:96:20,-68
BLE,1704599258471073703,D3:F4:55:AB:96:20,-68
BLE,1704599258568470700,DF:DF:EE:00:00:04,-50
BLE,1704599258659089923,D3:F4:55:AB:96:20,-68
BLE,1704599258856034786,D3:F4:55:AB:96:20,-67
BLE,1704599259051974527,D3:F4:55:AB:96:20,-71
BLE,1704599259821317777,D3:F4:55:AB:96:20,-68
BLE,1704599260008216499,D3:F4:55:AB:96:20,-68
BLE,1704599260205492111,D3:F4:55:AB:96:20,-69
BLE,1704599260394069246,D3:F4:55:AB:96:20,-67
BLE,1704599260784207357,D3:F4:55:AB:96:20,-71
BLE,1704599260843868785,DF:DF:EE:00:00:04,-51
BLE,1704599260977719812,D3:F4:55:AB:96:20,-68
BLE,1704599261167695110,D3:F4:55:AB:96:20,-70
BLE,1704599261554797271,D3:F4:55:AB:96:20,-68
BLE,1704599261741730451,D3:F4:55:AB:96:20,-68
BLE,1704599262116094311,DF:DF:EE:00:00:04,-54
BLE,1704599262129061528,D3:F4:55:AB:96:20,-68
BLE,1704599262319418116,D3:F4:55:AB:96:20,-68
BLE,1704599262509038290,D3:F4:55:AB:96:20,-68
BLE,1704599262698381589,D3:F4:55:AB:96:20,-71
BLE,1704599262891581629,D3:F4:55:AB:96:20,-66
BLE,1704599263280680576,D3:F4:55:AB:96:20,-71
BLE,1704599263386577926,DF:DF:EE:00:00:04,-51
BLE,1704599263659502799,D3:F4:55:AB:96:20,-68
BLE,1704599263849843096,D3:F4:55:AB:96:20,-69
BLE,1704599263925066567,DF:DF:EE:00:00:04,-50
BLE,1704599264041365973,D3:F4:55:AB:96:20,-68
BLE,1704599264236818465,D3:F4:55:AB:96:20,-69
BLE,1704599264390686232,DF:DF:EE:00:00:04,-55
BLE,1704599264429634922,D3:F4:55:AB:96:20,-71
BLE,1704599264811188347,D3:F4:55:AB:96:20,-70
BLE,1704599264925340801,DF:DF:EE:00:00:04,-52
BLE,1704599265001106979,D3:F4:55:AB:96:20,-67
BLE,1704599265186490913,D3:F4:55:AB:96:20,-52
BLE,1704599265379024205,D3:F4:55:AB:96:20,-69
BLE,1704599265392388836,DF:DF:EE:00:00:04,-51
BLE,1704599265567471965,D3:F4:55:AB:96:20,-68
BLE,1704599265759948714,D3:F4:55:AB:96:20,-71
BLE,1704599265934004179,DF:DF:EE:00:00:04,-52
BLE,1704599265950170637,D3:F4:55:AB:96:20,-68
BLE,1704599266140506183,D3:F4:55:AB:96:20,-71
BLE,1704599266333082724,D3:F4:55:AB:96:20,-69
BLE,1704599266393878275,DF:DF:EE:00:00:04,-55
BLE,1704599266530817419,D3:F4:55:AB:96:20,-69
BLE,1704599266716651686,D3:F4:55:AB:96:20,-69
BLE,1704599267029673247,DF:A6:DC:DC:2E:81,-58
BLE,1704599267029710747,DF:DF:EE:00:00:01,-58
BLE,1704599267096153908,D3:F4:55:AB:96:20,-53
BLE,1704599267484521565,D3:F4:55:AB:96:20,-67
BLE,1704599267485903853,D3:F4:55:AB:96:20,-71
BLE,1704599267667748880,DF:DF:EE:00:00:04,-52
BLE,1704599267872656639,D3:F4:55:AB:96:20,-71
BLE,1704599268215535998,DF:DF:EE:00:00:04,-54
BLE,1704599268255652185,D3:F4:55:AB:96:20,-70
BLE,1704599268646598919,D3:F4:55:AB:96:20,-67
BLE,1704599268667229282,DF:DF:EE:00:00:04,-55
BLE,1704599269212580114,DF:DF:EE:00:00:04,-51
BLE,1704599269415605753,D3:F4:55:AB:96:20,-68
BLE,1704599269573091094,DF:A6:DC:DC:2E:81,-69
BLE,1704599269573118177,DF:DF:EE:00:00:01,-69
BLE,1704599269609499749,D3:F4:55:AB:96:20,-67
BLE,1704599269665344146,DF:DF:EE:00:00:04,-50
BLE,1704599269796371388,D3:F4:55:AB:96:20,-68
BLE,1704599269987907015,D3:F4:55:AB:96:20,-71
BLE,1704599270206255239,DF:DF:EE:00:00:04,-50
BLE,1704599270372204808,D3:F4:55:AB:96:20,-71
BLE,1704599270373745179,D3:F4:55:AB:96:20,-68
BLE,1704599270751685197,D3:F4:55:AB:96:20,-71
BLE,1704599271135050950,D3:F4:55:AB:96:20,-71
BLE,1704599271329755236,D3:F4:55:AB:96:20,-67
BLE,1704599271914152008,D3:F4:55:AB:96:20,-67
BLE,1704599272213492355,DF:DF:EE:00:00:04,-52
BLE,1704599272303120497,D3:F4:55:AB:96:20,-71
BLE,1704599272666260761,DF:DF:EE:00:00:04,-52
BLE,1704599273064387268,D3:F4:55:AB:96:20,-69
BLE,1704599273401862266,DF:A6:DC:DC:2E:81,-72
BLE,1704599273401901099,DF:DF:EE:00:00:01,-72
BLE,1704599273451739220,D3:F4:55:AB:96:20,-71
BLE,1704599273644221552,D3:F4:55:AB:96:20,-68
BLE,1704599273837640675,D3:F4:55:AB:96:20,-71
BLE,1704599273839037963,D3:F4:55:AB:96:20,-68
BLE,1704599273946322559,DF:DF:EE:00:00:04,-52
BLE,1704599274028225888,D3:F4:55:AB:96:20,-68
BLE,1704599274223924837,D3:F4:55:AB:96:20,-68
BLE,1704599274409543771,D3:F4:55:AB:96:20,-67
BLE,1704599274598548363,D3:F4:55:AB:96:20,-71
BLE,1704599275181342640,D3:F4:55:AB:96:20,-71
BLE,1704599275375179553,D3:F4:55:AB:96:20,-68
BLE,1704599275561420819,D3:F4:55:AB:96:20,-68
BLE,1704599275759033555,D3:F4:55:AB:96:20,-68
BLE,1704599275952691385,D3:F4:55:AB:96:20,-71
BLE,1704599276143175515,D3:F4:55:AB:96:20,-68
BLE,1704599276499514422,DF:DF:EE:00:00:04,-54
BLE,1704599276525224438,D3:F4:55:AB:96:20,-68
BLE,1704599276911827308,D3:F4:55:AB:96:20,-68
BLE,1704599277035747070,DF:DF:EE:00:00:04,-54
BLE,1704599277106375344,D3:F4:55:AB:96:20,-67
BLE,1704599277296443892,D3:F4:55:AB:96:20,-71
BLE,1704599277494660960,DF:DF:EE:00:00:04,-50
BLE,1704599277676579945,D3:F4:55:AB:96:20,-67
BLE,1704599277868696113,D3:F4:55:AB:96:20,-68
BLE,1704599278826446998,D3:F4:55:AB:96:20,-70
BLE,1704599279219291269,D3:F4:55:AB:96:20,-67
BLE,1704599279411845726,D3:F4:55:AB:96:20,-71
BLE,1704599279799638593,D3:F4:55:AB:96:20,-71
BLE,1704599279989969724,D3:F4:55:AB:96:20,-68
BLE,1704599280185872423,D3:F4:55:AB:96:20,-68
BLE,1704599280374345183,D3:F4:55:AB:96:20,-67
BLE,1704599280563873107,D3:F4:55:AB:96:20,-71
BLE,1704599280758206893,D3:F4:55:AB:96:20,-68
BLE,1704599280953906676,D3:F4:55:AB:96:20,-69
BLE,1704599281037565750,DF:DF:EE:00:00:04,-52
BLE,1704599281139763026,D3:F4:55:AB:96:20,-68
BLE,1704599281529432722,D3:F4:55:AB:96:20,-71
BLE,1704599281718332564,D3:F4:55:AB:96:20,-67
BLE,1704599281907042490,D3:F4:55:AB:96:20,-66
BLE,1704599282099393490,D3:F4:55:AB:96:20,-67
BLE,1704599282289207705,D3:F4:55:AB:96:20,-66
BLE,1704599282311222773,DF:A6:DC:DC:2E:81,-72
BLE,1704599282311250898,DF:DF:EE:00:00:01,-72
BLE,1704599282481711121,D3:F4:55:AB:96:20,-67
BLE,1704599282668180720,D3:F4:55:AB:96:20,-68
BLE,1704599282857036896,D3:F4:55:AB:96:20,-71
BLE,1704599283049138021,D3:F4:55:AB:96:20,-53
BLE,1704599283314775997,DF:DF:EE:00:00:04,-55
BLE,1704599283818762437,D3:F4:55:AB:96:20,-66
BLE,1704599284202195524,D3:F4:55:AB:96:20,-68
BLE,1704599284594671420,DF:DF:EE:00:00:04,-55
BLE,1704599284774618869,D3:F4:55:AB:96:20,-68
BLE,1704599285154966797,D3:F4:55:AB:96:20,-71
BLE,1704599285345391011,D3:F4:55:AB:96:20,-74
BLE,1704599285541292668,D3:F4:55:AB:96:20,-67
BLE,1704599285727626600,D3:F4:55:AB:96:20,-67
BLE,1704599285859146092,DF:DF:EE:00:00:04,-54
BLE,1704599286132187215,DF:A6:DC:DC:2E:81,-72
BLE,1704599286132220132,DF:DF:EE:00:00:01,-72
BLE,1704599286298082576,D3:F4:55:AB:96:20,-71
BLE,1704599286868012844,DF:DF:EE:00:00:04,-55
BLE,1704599287063929543,D3:F4:55:AB:96:20,-71
BLE,1704599287259843409,D3:F4:55:AB:96:20,-68
BLE,1704599287394631975,DF:DF:EE:00:00:04,-50
BLE,1704599287639783546,D3:F4:55:AB:96:20,-67
BLE,1704599287839181278,D3:F4:55:AB:96:20,-68
BLE,1704599287859357684,DF:DF:EE:00:00:04,-55
BLE,1704599288419386311,D3:F4:55:AB:96:20,-68
BLE,1704599288615572426,D3:F4:55:AB:96:20,-71
BLE,1704599288674964314,DF:A6:DC:DC:2E:81,-72
BLE,1704599288675003939,DF:DF:EE:00:00:01,-72
BLE,1704599288804817768,D3:F4:55:AB:96:20,-67
BLE,1704599288859964624,DF:DF:EE:00:00:04,-50
BLE,1704599288993939984,D3:F4:55:AB:96:20,-66
BLE,1704599289373459998,D3:F4:55:AB:96:20,-68
BLE,1704599289572212398,D3:F4:55:AB:96:20,-67
BLE,1704599289758067498,D3:F4:55:AB:96:20,-67
BLE,1704599289954924153,D3:F4:55:AB:96:20,-67
BLE,1704599290146137448,D3:F4:55:AB:96:20,-71
BLE,1704599290673665910,DF:DF:EE:00:00:04,-55
BLE,1704599291102461378,D3:F4:55:AB:96:20,-68
BLE,1704599291670297986,DF:DF:EE:00:00:04,-51
BLE,1704599292058597268,D3:F4:55:AB:96:20,-71
BLE,1704599292130583414,DF:DF:EE:00:00:04,-52
BLE,1704599292447031050,D3:F4:55:AB:96:20,-68
BLE,1704599292829955179,D3:F4:55:AB:96:20,-68
BLE,1704599293136998840,DF:DF:EE:00:00:04,-52
BLE,1704599293402354233,D3:F4:55:AB:96:20,-66
BLE,1704599293595974980,D3:F4:55:AB:96:20,-67
BLE,1704599293763910668,DF:A6:DC:DC:2E:81,-72
BLE,1704599293763940168,DF:DF:EE:00:00:01,-72
BLE,1704599293781900247,D3:F4:55:AB:96:20,-67
BLE,1704599293972624292,D3:F4:55:AB:96:20,-55
BLE,1704599294671230101,DF:DF:EE:00:00:04,-52
BLE,1704599294737017389,D3:F4:55:AB:96:20,-71
BLE,1704599295132410944,DF:DF:EE:00:00:04,-51
BLE,1704599295315216052,D3:F4:55:AB:96:20,-67
BLE,1704599295512472040,D3:F4:55:AB:96:20,-69
BLE,1704599295698710431,D3:F4:55:AB:96:20,-67
BLE,1704599295740725405,DF:DF:EE:00:00:04,-51
BLE,1704599295893307716,D3:F4:55:AB:96:20,-68
BLE,1704599296307727347,DF:A6:DC:DC:2E:81,-72
BLE,1704599296307760181,DF:DF:EE:00:00:01,-72
BLE,1704599296860073245,D3:F4:55:AB:96:20,-67
BLE,1704599296906973206,DF:DF:EE:00:00:04,-55
BLE,1704599297052823036,D3:F4:55:AB:96:20,-71
BLE,1704599297247672279,D3:F4:55:AB:96:20,-69
BLE,1704599297445974639,DF:DF:EE:00:00:04,-54
BLE,1704599297447109011,D3:F4:55:AB:96:20,-69
BLE,1704599297639162220,D3:F4:55:AB:96:20,-69
BLE,1704599298016999987,D3:F4:55:AB:96:20,-68
BLE,1704599298591328411,D3:F4:55:AB:96:20,-67
BLE,1704599298848391993,DF:A6:DC:DC:2E:81,-72
BLE,1704599298848425326,DF:DF:EE:00:00:01,-72
BLE,1704599298972517920,D3:F4:55:AB:96:20,-67
BLE,1704599299160106308,D3:F4:55:AB:96:20,-68
BLE,1704599300319392919,D3:F4:55:AB:96:20,-71
BLE,1704599300986384352,DF:DF:EE:00:00:04,-50
BLE,1704599301443875871,DF:DF:EE:00:00:04,-52
BLE,1704599301460131954,D3:F4:55:AB:96:20,-68
BLE,1704599301655777445,D3:F4:55:AB:96:20,-67
BLE,1704599301852466976,D3:F4:55:AB:96:20,-68
BLE,1704599302237056976,D3:F4:55:AB:96:20,-68
BLE,1704599302433462674,D3:F4:55:AB:96:20,-71
BLE,1704599302725224707,DF:DF:EE:00:00:04,-52
BLE,1704599302817454842,D3:F4:55:AB:96:20,-70
BLE,1704599303205174459,D3:F4:55:AB:96:20,-68
BLE,1704599303391853224,D3:F4:55:AB:96:20,-67
BLE,1704599303585371554,D3:F4:55:AB:96:20,-68
BLE,1704599303722448323,DF:DF:EE:00:00:04,-54
BLE,1704599303773817189,D3:F4:55:AB:96:20,-66
BLE,1704599303967999398,D3:F4:55:AB:96:20,-69
BLE,1704599304155271476,D3:F4:55:AB:96:20,-52
BLE,1704599304352619675,D3:F4:55:AB:96:20,-69
BLE,1704599304540081334,D3:F4:55:AB:96:20,-52
BLE,1704599304730425260,D3:F4:55:AB:96:20,-55
BLE,1704599305117542433,D3:F4:55:AB:96:20,-52
BLE,1704599305305175423,D3:F4:55:AB:96:20,-66
BLE,1704599305693390920,D3:F4:55:AB:96:20,-55
BLE,1704599306075152429,D3:F4:55:AB:96:20,-70
BLE,1704599306265154108,D3:F4:55:AB:96:20,-68
BLE,1704599306453832507,D3:F4:55:AB:96:20,-67
BLE,1704599307019993534,D3:F4:55:AB:96:20,-71
BLE,1704599307210249961,D3:F4:55:AB:96:20,-67
BLE,1704599307396486005,D3:F4:55:AB:96:20,-67
BLE,1704599307590653857,D3:F4:55:AB:96:20,-67
BLE,1704599307780228956,D3:F4:55:AB:96:20,-67
BLE,1704599307809702206,DF:DF:EE:00:00:04,-52
BLE,1704599307977294700,D3:F4:55:AB:96:20,-67
BLE,1704599308172186129,D3:F4:55:AB:96:20,-71
BLE,1704599308273882474,DF:DF:EE:00:00:04,-51
BLE,1704599308752614077,D3:F4:55:AB:96:20,-55
BLE,1704599308806625452,DF:DF:EE:00:00:04,-55
BLE,1704599309330152967,D3:F4:55:AB:96:20,-65
BLE,1704599309527802831,D3:F4:55:AB:96:20,-68
BLE,1704599309716703686,D3:F4:55:AB:96:20,-52
BLE,1704599309804733439,DF:DF:EE:00:00:04,-34
BLE,1704599309905496333,D3:F4:55:AB:96:20,-70
BLE,1704599310289773280,D3:F4:55:AB:96:20,-69
BLE,1704599310302827752,DF:A6:DC:DC:2E:81,-72
BLE,1704599310302917627,DF:DF:EE:00:00:01,-72
BLE,1704599310482250729,D3:F4:55:AB:96:20,-62
BLE,1704599310678057776,D3:F4:55:AB:96:20,-52
BLE,1704599310811388769,DF:DF:EE:00:00:04,-54
BLE,1704599310875680598,D3:F4:55:AB:96:20,-67
BLE,1704599311066774809,D3:F4:55:AB:96:20,-53
BLE,1704599311261747363,D3:F4:55:AB:96:20,-67
BLE,1704599311267330232,DF:DF:EE:00:00:04,-50
BLE,1704599311449760350,D3:F4:55:AB:96:20,-68
BLE,1704599311579928120,DF:A6:DC:DC:2E:81,-72
BLE,1704599311579954203,DF:DF:EE:00:00:01,-72
BLE,1704599311642718712,D3:F4:55:AB:96:20,-68
BLE,1704599311809014884,DF:DF:EE:00:00:04,-50
BLE,1704599311836009280,D3:F4:55:AB:96:20,-71
BLE,1704599312215263019,D3:F4:55:AB:96:20,-68
BLE,1704599312265382011,DF:DF:EE:00:00:04,-53
BLE,1704599312409844784,D3:F4:55:AB:96:20,-67
BLE,1704599312815258968,DF:DF:EE:00:00:04,-55
BLE,1704599312985589022,D3:F4:55:AB:96:20,-71
BLE,1704599313312788453,DF:DF:EE:00:00:04,-51
BLE,1704599313764111122,DF:DF:EE:00:00:04,-50
BLE,1704599313940395751,D3:F4:55:AB:96:20,-67
BLE,1704599314127062542,D3:F4:55:AB:96:20,-67
BLE,1704599314323124544,D3:F4:55:AB:96:20,-68
BLE,1704599314510596286,D3:F4:55:AB:96:20,-67
BLE,1704599314702704530,D3:F4:55:AB:96:20,-68
BLE,1704599314897947123,D3:F4:55:AB:96:20,-70
BLE,1704599315045397497,DF:DF:EE:00:00:04,-50
BLE,1704599315091645687,D3:F4:55:AB:96:20,-68
BLE,1704599315585002166,DF:DF:EE:00:00:04,-51
BLE,1704599315671539890,D3:F4:55:AB:96:20,-67
BLE,1704599315864989123,D3:F4:55:AB:96:20,-71
BLE,1704599316039058354,DF:DF:EE:00:00:04,-50
BLE,1704599316250382768,D3:F4:55:AB:96:20,-71
BLE,1704599316584970095,DF:DF:EE:00:00:04,-66
BLE,1704599316630453792,D3:F4:55:AB:96:20,-55
BLE,1704599316667118689,DF:A6:DC:DC:2E:81,-69
BLE,1704599316667146356,DF:DF:EE:00:00:01,-69
BLE,1704599317008714248,D3:F4:55:AB:96:20,-66
BLE,1704599317199887126,D3:F4:55:AB:96:20,-63
BLE,1704599317785458822,D3:F4:55:AB:96:20,-69
BLE,1704599317980335418,D3:F4:55:AB:96:20,-55
BLE,1704599318170954466,D3:F4:55:AB:96:20,-69
BLE,1704599318324243332,DF:DF:EE:00:00:04,-55
BLE,1704599318358629790,D3:F4:55:AB:96:20,-63
BLE,1704599318745514339,D3:F4:55:AB:96:20,-55
BLE,1704599318938740699,D3:F4:55:AB:96:20,-52
BLE,1704599319136357147,D3:F4:55:AB:96:20,-69
BLE,1704599319213207494,DF:A6:DC:DC:2E:81,-72
BLE,1704599319213240869,DF:DF:EE:00:00:01,-72
BLE,1704599319519278355,D3:F4:55:AB:96:20,-68
BLE,1704599319706596890,D3:F4:55:AB:96:20,-67
BLE,1704599319899033298,D3:F4:55:AB:96:20,-67
BLE,1704599320089423265,D3:F4:55:AB:96:20,-68
BLE,1704599320281795924,D3:F4:55:AB:96:20,-68
BLE,1704599320664973630,D3:F4:55:AB:96:20,-68
BLE,1704599320860447137,D3:F4:55:AB:96:20,-71
BLE,1704599321242296313,D3:F4:55:AB:96:20,-71
BLE,1704599321412853157,DF:DF:EE:00:00:04,-51
BLE,1704599321432616739,D3:F4:55:AB:96:20,-67
BLE,1704599321754165635,DF:A6:DC:DC:2E:81,-72
BLE,1704599321754194426,DF:DF:EE:00:00:01,-72
BLE,1704599321820897360,D3:F4:55:AB:96:20,-68
BLE,1704599321868450665,DF:DF:EE:00:00:04,-50
BLE,1704599322012669482,D3:F4:55:AB:96:20,-67
BLE,1704599322204356438,D3:F4:55:AB:96:20,-68
BLE,1704599322395338859,D3:F4:55:AB:96:20,-68
BLE,1704599322583198806,D3:F4:55:AB:96:20,-68
BLE,1704599322773107277,D3:F4:55:AB:96:20,-71
BLE,1704599323544795852,D3:F4:55:AB:96:20,-63
BLE,1704599323732808173,D3:F4:55:AB:96:20,-67
BLE,1704599324121641456,D3:F4:55:AB:96:20,-70
BLE,1704599324150431420,DF:DF:EE:00:00:04,-50
BLE,1704599324316906798,D3:F4:55:AB:96:20,-68
BLE,1704599324684284180,DF:DF:EE:00:00:04,-52
BLE,1704599325096869970,D3:F4:55:AB:96:20,-68
BLE,1704599325144344733,DF:DF:EE:00:00:04,-54
BLE,1704599325285126372,D3:F4:55:AB:96:20,-67
BLE,1704599325475216841,D3:F4:55:AB:96:20,-71
BLE,1704599325578230384,DF:A6:DC:DC:2E:81,-72
BLE,1704599325578258508,DF:DF:EE:00:00:01,-72
BLE,1704599325860709986,D3:F4:55:AB:96:20,-68
BLE,1704599326247910241,D3:F4:55:AB:96:20,-68
BLE,1704599326426019312,DF:DF:EE:00:00:04,-55
BLE,1704599326628281346,D3:F4:55:AB:96:20,-68
BLE,1704599326964155578,DF:DF:EE:00:00:04,-54
BLE,1704599327010732683,D3:F4:55:AB:96:20,-68
BLE,1704599327197697554,D3:F4:55:AB:96:20,-68
BLE,1704599327956439239,D3:F4:55:AB:96:20,-57
BLE,1704599328117402081,DF:A6:DC:DC:2E:81,-72
BLE,1704599328117432080,DF:DF:EE:00:00:01,-72
BLE,1704599328143199320,D3:F4:55:AB:96:20,-67
BLE,1704599328335492271,D3:F4:55:AB:96:20,-68
BLE,1704599328427722863,DF:DF:EE:00:00:04,-55
BLE,1704599328523512759,D3:F4:55:AB:96:20,-66
BLE,1704599328719500678,D3:F4:55:AB:96:20,-68
BLE,1704599328915609055,D3:F4:55:AB:96:20,-71
BLE,1704599329109355994,D3:F4:55:AB:96:20,-68
BLE,1704599329303122224,D3:F4:55:AB:96:20,-68
BLE,1704599329491125629,D3:F4:55:AB:96:20,-68
BLE,1704599329689913358,D3:F4:55:AB:96:20,-68
BLE,1704599330073433852,D3:F4:55:AB:96:20,-68
BLE,1704599330265698262,D3:F4:55:AB:96:20,-71
BLE,1704599330455942814,D3:F4:55:AB:96:20,-67
BLE,1704599330645320415,D3:F4:55:AB:96:20,-71
BLE,1704599330660704368,DF:A6:DC:DC:2E:81,-72
BLE,1704599330660731367,DF:DF:EE:00:00:01,-72
BLE,1704599330699613662,DF:DF:EE:00:00:04,-55
BLE,1704599330836968621,D3:F4:55:AB:96:20,-67
BLE,1704599331023994992,D3:F4:55:AB:96:20,-66
BLE,1704599331781232731,D3:F4:55:AB:96:20,-67
BLE,1704599331974994087,DF:DF:EE:00:00:04,-53
BLE,1704599332170633509,D3:F4:55:AB:96:20,-68
BLE,1704599332365834894,D3:F4:55:AB:96:20,-68
BLE,1704599332507169153,DF:DF:EE:00:00:04,-50
BLE,1704599332552881890,D3:F4:55:AB:96:20,-68
BLE,1704599332751467329,D3:F4:55:AB:96:20,-68
BLE,1704599332942012628,D3:F4:55:AB:96:20,-70
BLE,1704599333136144939,D3:F4:55:AB:96:20,-68
BLE,1704599333335256999,D3:F4:55:AB:96:20,-67
BLE,1704599333529063812,D3:F4:55:AB:96:20,-71
BLE,1704599333724989732,D3:F4:55:AB:96:20,-66
BLE,1704599333920316908,D3:F4:55:AB:96:20,-68
BLE,1704599334115258670,D3:F4:55:AB:96:20,-69
BLE,1704599334238202751,DF:DF:EE:00:00:04,-51
BLE,1704599334311593462,D3:F4:55:AB:96:20,-68
BLE,1704599334702810391,D3:F4:55:AB:96:20,-68
BLE,1704599334779561448,DF:DF:EE:00:00:04,-50
BLE,1704599334892157659,D3:F4:55:AB:96:20,-68
BLE,1704599335085456435,D3:F4:55:AB:96:20,-68
BLE,1704599335246825523,DF:DF:EE:00:00:04,-54
BLE,1704599335855083693,D3:F4:55:AB:96:20,-68
BLE,1704599336044023923,D3:F4:55:AB:96:20,-66
BLE,1704599336433552242,D3:F4:55:AB:96:20,-70
BLE,1704599336780852794,DF:DF:EE:00:00:04,-50
BLE,1704599337015300220,D3:F4:55:AB:96:20,-71
BLE,1704599337205836270,D3:F4:55:AB:96:20,-67
BLE,1704599337398524134,D3:F4:55:AB:96:20,-71
BLE,1704599337589063975,D3:F4:55:AB:96:20,-68
BLE,1704599337774492359,D3:F4:55:AB:96:20,-66
BLE,1704599338169205384,D3:F4:55:AB:96:20,-68
BLE,1704599338357962449,D3:F4:55:AB:96:20,-68
BLE,1704599338553121667,D3:F4:55:AB:96:20,-67
BLE,1704599338748296469,D3:F4:55:AB:96:20,-71
BLE,1704599338937284948,D3:F4:55:AB:96:20,-67
BLE,1704599339248798470,DF:DF:EE:00:00:04,-55
BLE,1704599339519768545,D3:F4:55:AB:96:20,-68
BLE,1704599339705703342,D3:F4:55:AB:96:20,-67
BLE,1704599339905144399,D3:F4:55:AB:96:20,-68
BLE,1704599340092133229,D3:F4:55:AB:96:20,-68
BLE,1704599340288034274,D3:F4:55:AB:96:20,-68
BLE,1704599340673516794,D3:F4:55:AB:96:20,-68
BLE,1704599340864823670,D3:F4:55:AB:96:20,-70
BLE,1704599341059089104,DF:DF:EE:00:00:04,-51
BLE,1704599341248453580,D3:F4:55:AB:96:20,-71
BLE,1704599341441029321,D3:F4:55:AB:96:20,-68
BLE,1704599341515864894,DF:DF:EE:00:00:04,-52
BLE,1704599341636746284,D3:F4:55:AB:96:20,-68
BLE,1704599341826717963,D3:F4:55:AB:96:20,-68
BLE,1704599341828055577,D3:F4:55:AB:96:20,-71
BLE,1704599342023068047,D3:F4:55:AB:96:20,-67
BLE,1704599342053107708,DF:DF:EE:00:00:04,-52
BLE,1704599342213683179,D3:F4:55:AB:96:20,-71
BLE,1704599342403799315,D3:F4:55:AB:96:20,-67
BLE,1704599342513637758,DF:DF:EE:00:00:04,-54
BLE,1704599342593062584,D3:F4:55:AB:96:20,-71
BLE,1704599342785306577,D3:F4:55:AB:96:20,-67
BLE,1704599342971776994,D3:F4:55:AB:96:20,-68
BLE,1704599343358136131,D3:F4:55:AB:96:20,-71
BLE,1704599343734286730,D3:F4:55:AB:96:20,-67
BLE,1704599343793583518,DF:DF:EE:00:00:04,-55
BLE,1704599344305784337,D3:F4:55:AB:96:20,-71
BLE,1704599344337241445,DF:DF:EE:00:00:04,-54
BLE,1704599344659259462,DF:A6:DC:DC:2E:81,-72
BLE,1704599344659289795,DF:DF:EE:00:00:01,-72
BLE,1704599344696003650,D3:F4:55:AB:96:20,-68
BLE,1704599344884873047,D3:F4:55:AB:96:20,-68
BLE,1704599345267532132,D3:F4:55:AB:96:20,-68
BLE,1704599345330678263,DF:DF:EE:00:00:04,-51
BLE,1704599345651402832,D3:F4:55:AB:96:20,-66
BLE,1704599345652774612,D3:F4:55:AB:96:20,-70
BLE,1704599345791558143,DF:DF:EE:00:00:04,-52
BLE,1704599346045215489,D3:F4:55:AB:96:20,-67
BLE,1704599346235612457,D3:F4:55:AB:96:20,-66
BLE,1704599346426532253,D3:F4:55:AB:96:20,-67
BLE,1704599346613600998,D3:F4:55:AB:96:20,-68
BLE,1704599347000899294,D3:F4:55:AB:96:20,-67
BLE,1704599347066153074,DF:DF:EE:00:00:04,-50
BLE,1704599347191200887,D3:F4:55:AB:96:20,-67
BLE,1704599347203551782,DF:A6:DC:DC:2E:81,-74
BLE,1704599347203577449,DF:DF:EE:00:00:01,-74
BLE,1704599347386099816,D3:F4:55:AB:96:20,-71
BLE,1704599347767819493,D3:F4:55:AB:96:20,-71
BLE,1704599348068105235,DF:DF:EE:00:00:04,-55
BLE,1704599348538156537,D3:F4:55:AB:96:20,-70
BLE,1704599348602831280,DF:DF:EE:00:00:04,-52
BLE,1704599348729886243,D3:F4:55:AB:96:20,-53
BLE,1704599348924870755,D3:F4:55:AB:96:20,-67
BLE,1704599349065954432,DF:DF:EE:00:00:04,-51
BLE,1704599349114326563,D3:F4:55:AB:96:20,-68
BLE,1704599349306189393,D3:F4:55:AB:96:20,-67
BLE,1704599349692164992,D3:F4:55:AB:96:20,-52
BLE,1704599349887381835,D3:F4:55:AB:96:20,-69
BLE,1704599350072477139,DF:DF:EE:00:00:04,-54
BLE,1704599350078164340,D3:F4:55:AB:96:20,-67
BLE,1704599350270261585,D3:F4:55:AB:96:20,-71
BLE,1704599350464886725,D3:F4:55:AB:96:20,-66
BLE,1704599350607262516,DF:DF:EE:00:00:04,-52
BLE,1704599350657479173,D3:F4:55:AB:96:20,-67
BLE,1704599351023824730,DF:A6:DC:DC:2E:81,-72
BLE,1704599351023866396,DF:DF:EE:00:00:01,-72
BLE,1704599351230588475,D3:F4:55:AB:96:20,-68
BLE,1704599351428161381,D3:F4:55:AB:96:20,-68
BLE,1704599352008128708,D3:F4:55:AB:96:20,-67
BLE,1704599352062961118,DF:DF:EE:00:00:04,-50
BLE,1704599352202450101,D3:F4:55:AB:96:20,-71
BLE,1704599352973492723,D3:F4:55:AB:96:20,-68
BLE,1704599353164750183,D3:F4:55:AB:96:20,-68
BLE,1704599353333853706,DF:DF:EE:00:00:04,-55
BLE,1704599353359516529,D3:F4:55:AB:96:20,-67
BLE,1704599353555208368,D3:F4:55:AB:96:20,-71
BLE,1704599353749960049,D3:F4:55:AB:96:20,-68
BLE,1704599353876398809,DF:DF:EE:00:00:04,-55
BLE,1704599354143576707,D3:F4:55:AB:96:20,-67
BLE,1704599354332521770,D3:F4:55:AB:96:20,-68
BLE,1704599354523249235,D3:F4:55:AB:96:20,-71
BLE,1704599354713806326,D3:F4:55:AB:96:20,-69
BLE,1704599354880759950,DF:DF:EE:00:00:04,-52
BLE,1704599355106280036,D3:F4:55:AB:96:20,-71
BLE,1704599355302251206,D3:F4:55:AB:96:20,-67
BLE,1704599355336344416,DF:DF:EE:00:00:04,-54
BLE,1704599355879411723,DF:DF:EE:00:00:04,-54
BLE,1704599356067754875,D3:F4:55:AB:96:20,-67
BLE,1704599356112958824,DF:A6:DC:DC:2E:81,-71
BLE,1704599356112985741,DF:DF:EE:00:00:01,-71
BLE,1704599356333962157,DF:DF:EE:00:00:04,-51
BLE,1704599356450016630,D3:F4:55:AB:96:20,-68
BLE,1704599356647027916,D3:F4:55:AB:96:20,-67
BLE,1704599356843752371,D3:F4:55:AB:96:20,-67
BLE,1704599357033985423,D3:F4:55:AB:96:20,-68
BLE,1704599357225775712,D3:F4:55:AB:96:20,-68
BLE,1704599357417072796,D3:F4:55:AB:96:20,-68
BLE,1704599357609883535,DF:DF:EE:00:00:04,-54
BLE,1704599357798339935,D3:F4:55:AB:96:20,-68
BLE,1704599357992091999,D3:F4:55:AB:96:20,-67
BLE,1704599358570442381,D3:F4:55:AB:96:20,-71
BLE,1704599358759254487,D3:F4:55:AB:96:20,-67
BLE,1704599358880857288,DF:DF:EE:00:00:04,-51
BLE,1704599359343288530,D3:F4:55:AB:96:20,-67
BLE,1704599359528646331,D3:F4:55:AB:96:20,-68
BLE,1704599359728362636,D3:F4:55:AB:96:20,-68
BLE,1704599359933254730,DF:A6:DC:DC:2E:81,-72
BLE,1704599359933281813,DF:DF:EE:00:00:01,-72
BLE,1704599360155129722,DF:DF:EE:00:00:04,-55
BLE,1704599360501489907,D3:F4:55:AB:96:20,-66
BLE,1704599360692537619,DF:DF:EE:00:00:04,-54
BLE,1704599360698295986,D3:F4:55:AB:96:20,-68
BLE,1704599361083378384,D3:F4:55:AB:96:20,-68
BLE,1704599361159256949,DF:DF:EE:00:00:04,-52
BLE,1704599361282020157,D3:F4:55:AB:96:20,-67
BLE,1704599361473661363,D3:F4:55:AB:96:20,-69
BLE,1704599361666883098,D3:F4:55:AB:96:20,-67
BLE,1704599362054121895,D3:F4:55:AB:96:20,-66
BLE,1704599362627676443,D3:F4:55:AB:96:20,-68
BLE,1704599362966305319,DF:DF:EE:00:00:04,-54
BLE,1704599363212486479,D3:F4:55:AB:96:20,-69
BLE,1704599363431407412,DF:DF:EE:00:00:04,-52
BLE,1704599363603991197,D3:F4:55:AB:96:20,-68
BLE,1704599363799236498,D3:F4:55:AB:96:20,-68
BLE,1704599364178805943,D3:F4:55:AB:96:20,-67
BLE,1704599364366807264,D3:F4:55:AB:96:20,-69
BLE,1704599364429991269,DF:DF:EE:00:00:04,-55
BLE,1704599364557155148,D3:F4:55:AB:96:20,-70
BLE,1704599364939006866,D3:F4:55:AB:96:20,-69
BLE,1704599364962697081,DF:DF:EE:00:00:04,-52
BLE,1704599365326904656,D3:F4:55:AB:96:20,-67
BLE,1704599365516518297,D3:F4:55:AB:96:20,-68
BLE,1704599366087232661,D3:F4:55:AB:96:20,-71
BLE,1704599366280109524,D3:F4:55:AB:96:20,-68
BLE,1704599366665281671,D3:F4:55:AB:96:20,-68
BLE,1704599366697194192,DF:DF:EE:00:00:04,-53
BLE,1704599366856054718,D3:F4:55:AB:96:20,-68
BLE,1704599367231598614,D3:F4:55:AB:96:20,-71
BLE,1704599367233898511,DF:DF:EE:00:00:04,-52
BLE,1704599367427475910,D3:F4:55:AB:96:20,-67
BLE,1704599368191424217,D3:F4:55:AB:96:20,-67
BLE,1704599368960966935,D3:F4:55:AB:96:20,-68
BLE,1704599369234795277,DF:DF:EE:00:00:04,-52
BLE,1704599369701055486,DF:DF:EE:00:00:04,-50
BLE,1704599369722966383,D3:F4:55:AB:96:20,-66
BLE,1704599369917370317,D3:F4:55:AB:96:20,-67
BLE,1704599370104964974,D3:F4:55:AB:96:20,-68
BLE,1704599370108451361,DF:A6:DC:DC:2E:81,-72
BLE,1704599370108477528,DF:DF:EE:00:00:01,-72
BLE,1704599370295265567,D3:F4:55:AB:96:20,-71
BLE,1704599370674156643,D3:F4:55:AB:96:20,-71
BLE,1704599370695806751,DF:DF:EE:00:00:04,-51
BLE,1704599370863523452,D3:F4:55:AB:96:20,-68
BLE,1704599371054096668,D3:F4:55:AB:96:20,-66
BLE,1704599371248253437,D3:F4:55:AB:96:20,-68
BLE,1704599371443020825,D3:F4:55:AB:96:20,-71
BLE,1704599371822787435,D3:F4:55:AB:96:20,-70
BLE,1704599372216270595,D3:F4:55:AB:96:20,-67
BLE,1704599372237802120,DF:DF:EE:00:00:04,-54
BLE,1704599372310438254,DF:DF:EE:00:00:04,-51
BLE,1704599372789964600,D3:F4:55:AB:96:20,-69
BLE,1704599373471449274,DF:DF:EE:00:00:04,-66
BLE,1704599373939032722,D3:F4:55:AB:96:20,-69
BLE,1704599374315408319,D3:F4:55:AB:96:20,-67
BLE,1704599374471285870,DF:DF:EE:00:00:04,-50
BLE,1704599374704845471,D3:F4:55:AB:96:20,-71
BLE,1704599375282320361,D3:F4:55:AB:96:20,-68
BLE,1704599375472375081,D3:F4:55:AB:96:20,-70
BLE,1704599375665394026,D3:F4:55:AB:96:20,-68
BLE,1704599375744073109,DF:DF:EE:00:00:04,-54
BLE,1704599375861542528,D3:F4:55:AB:96:20,-67
BLE,1704599376239563569,D3:F4:55:AB:96:20,-67
BLE,1704599376289326855,DF:DF:EE:00:00:04,-56
BLE,1704599376433684380,D3:F4:55:AB:96:20,-71
BLE,1704599376742825256,DF:DF:EE:00:00:04,-50
BLE,1704599376816815336,D3:F4:55:AB:96:20,-71
BLE,1704599377203262848,D3:F4:55:AB:96:20,-71
BLE,1704599377286674848,DF:DF:EE:00:00:04,-50
BLE,1704599377586674510,D3:F4:55:AB:96:20,-71
BLE,1704599377742473271,DF:DF:EE:00:00:04,-52
BLE,1704599377756324986,DF:A6:DC:DC:2E:81,-72
BLE,1704599377756350903,DF:DF:EE:00:00:01,-72
BLE,1704599377776339733,D3:F4:55:AB:96:20,-68
BLE,1704599377966760409,D3:F4:55:AB:96:20,-70
BLE,1704599378740347676,D3:F4:55:AB:96:20,-67
BLE,1704599378932512294,D3:F4:55:AB:96:20,-71
BLE,1704599379322577984,D3:F4:55:AB:96:20,-68
BLE,1704599379512574746,D3:F4:55:AB:96:20,-67
BLE,1704599379708128794,D3:F4:55:AB:96:20,-68
BLE,1704599379895263539,D3:F4:55:AB:96:20,-67
BLE,1704599380283029873,D3:F4:55:AB:96:20,-71
BLE,1704599380472890636,D3:F4:55:AB:96:20,-69
BLE,1704599380658943807,D3:F4:55:AB:96:20,-68
BLE,1704599380852452623,D3:F4:55:AB:96:20,-67
BLE,1704599381044456576,D3:F4:55:AB:96:20,-67
BLE,1704599381236731277,D3:F4:55:AB:96:20,-68
BLE,1704599381303135839,DF:DF:EE:00:00:04,-54
BLE,1704599381561732394,DF:A6:DC:DC:2E:81,-72
BLE,1704599381561761977,DF:DF:EE:00:00:01,-72
BLE,1704599381618686535,D3:F4:55:AB:96:20,-67
BLE,1704599381813032219,D3:F4:55:AB:96:20,-71
BLE,1704599382003753225,D3:F4:55:AB:96:20,-67
BLE,1704599382192314375,D3:F4:55:AB:96:20,-68
BLE,1704599382964413154,D3:F4:55:AB:96:20,-69
BLE,1704599383155483074,D3:F4:55:AB:96:20,-68
BLE,1704599383353831474,D3:F4:55:AB:96:20,-69
BLE,1704599383735138821,D3:F4:55:AB:96:20,-68
BLE,1704599383853218402,DF:DF:EE:00:00:04,-51
BLE,1704599384388999437,DF:DF:EE:00:00:04,-54
BLE,1704599384512715054,D3:F4:55:AB:96:20,-71
BLE,1704599385093583082,D3:F4:55:AB:96:20,-52
BLE,1704599385382742460,DF:A6:DC:DC:2E:81,-72
BLE,1704599385382774210,DF:DF:EE:00:00:01,-72
BLE,1704599385480666546,D3:F4:55:AB:96:20,-69
BLE,1704599385675628849,D3:F4:55:AB:96:20,-68
BLE,1704599385870147948,D3:F4:55:AB:96:20,-67
BLE,1704599386065740288,D3:F4:55:AB:96:20,-71
BLE,1704599386124482748,DF:DF:EE:00:00:04,-50
BLE,1704599386260526301,D3:F4:55:AB:96:20,-66
BLE,1704599386643242219,D3:F4:55:AB:96:20,-69
BLE,1704599386665215533,DF:DF:EE:00:00:04,-51
BLE,1704599386841982491,D3:F4:55:AB:96:20,-67
BLE,1704599387027666081,D3:F4:55:AB:96:20,-68
BLE,1704599387216810934,D3:F4:55:AB:96:20,-71
BLE,1704599387408238684,D3:F4:55:AB:96:20,-68
BLE,1704599387598213655,D3:F4:55:AB:96:20,-71
BLE,1704599388549502080,D3:F4:55:AB:96:20,-68
BLE,1704599388664209690,DF:DF:EE:00:00:04,-55
BLE,1704599388735489252,D3:F4:55:AB:96:20,-68
BLE,1704599388933404780,D3:F4:55:AB:96:20,-68
BLE,1704599389129513199,DF:DF:EE:00:00:04,-52
BLE,1704599389510983586,D3:F4:55:AB:96:20,-71
BLE,1704599389664329909,DF:DF:EE:00:00:04,-52
BLE,1704599389702025881,D3:F4:55:AB:96:20,-67
BLE,1704599389900483155,D3:F4:55:AB:96:20,-69
BLE,1704599390094657382,D3:F4:55:AB:96:20,-71
BLE,1704599390124933666,DF:DF:EE:00:00:04,-54
BLE,1704599390289414478,D3:F4:55:AB:96:20,-68
BLE,1704599390674140046,D3:F4:55:AB:96:20,-67
BLE,1704599390864749053,D3:F4:55:AB:96:20,-67
BLE,1704599391126521414,DF:DF:EE:00:00:04,-52
BLE,1704599391249884034,D3:F4:55:AB:96:20,-68
BLE,1704599391446137910,D3:F4:55:AB:96:20,-70
BLE,1704599391660267217,DF:DF:EE:00:00:04,-51
BLE,1704599391732166649,DF:DF:EE:00:00:04,-50
BLE,1704599391755290036,DF:A6:DC:DC:2E:81,-72
BLE,1704599391755315035,DF:DF:EE:00:00:01,-72
BLE,1704599391827361799,D3:F4:55:AB:96:20,-71
BLE,1704599392016773733,D3:F4:55:AB:96:20,-67
BLE,1704599392590661862,D3:F4:55:AB:96:20,-71
BLE,1704599392970348055,D3:F4:55:AB:96:20,-66
BLE,1704599393164087828,DF:DF:EE:00:00:04,-56
BLE,1704599393166273309,D3:F4:55:AB:96:20,-69
BLE,1704599393355557619,D3:F4:55:AB:96:20,-71
BLE,1704599393628538052,DF:DF:EE:00:00:04,-52
BLE,1704599393744548984,D3:F4:55:AB:96:20,-67
BLE,1704599393931920352,D3:F4:55:AB:96:20,-68
BLE,1704599394121654616,D3:F4:55:AB:96:20,-71
BLE,1704599394511275351,D3:F4:55:AB:96:20,-67
BLE,1704599394706976940,D3:F4:55:AB:96:20,-71
BLE,1704599394899497639,DF:DF:EE:00:00:04,-50
BLE,1704599395094817148,D3:F4:55:AB:96:20,-68
BLE,1704599395286745393,D3:F4:55:AB:96:20,-67
BLE,1704599395668473820,D3:F4:55:AB:96:20,-66
BLE,1704599396049666959,D3:F4:55:AB:96:20,-68
BLE,1704599396178785072,DF:DF:EE:00:00:04,-55
BLE,1704599396715737806,DF:DF:EE:00:00:04,-54
BLE,1704599396820000546,D3:F4:55:AB:96:20,-71
BLE,1704599396837562438,DF:A6:DC:DC:2E:81,-73
BLE,1704599396837589480,DF:DF:EE:00:00:01,-73
BLE,1704599397205013028,D3:F4:55:AB:96:20,-71
BLE,1704599397399344961,D3:F4:55:AB:96:20,-67
BLE,1704599397781270386,D3:F4:55:AB:96:20,-52
BLE,1704599397974200123,D3:F4:55:AB:96:20,-67
BLE,1704599398163588599,D3:F4:55:AB:96:20,-68
BLE,1704599398360790009,D3:F4:55:AB:96:20,-68
BLE,1704599398448390557,DF:DF:EE:00:00:04,-55
BLE,1704599398547078177,D3:F4:55:AB:96:20,-67
BLE,1704599398741644609,D3:F4:55:AB:96:20,-66
BLE,1704599398928447024,D3:F4:55:AB:96:20,-68
BLE,1704599399124656608,D3:F4:55:AB:96:20,-68
BLE,1704599399379408946,DF:A6:DC:DC:2E:81,-73
BLE,1704599399379440112,DF:DF:EE:00:00:01,-73
BLE,1704599399513278226,D3:F4:55:AB:96:20,-68
BLE,1704599399707993657,D3:F4:55:AB:96:20,-67
BLE,1704599399900146859,D3:F4:55:AB:96:20,-66
BLE,1704599400094393877,D3:F4:55:AB:96:20,-67
BLE,1704599400266302793,DF:DF:EE:00:00:04,-52
BLE,1704599400475450351,D3:F4:55:AB:96:20,-67
BLE,1704599400728534952,DF:DF:EE:00:00:04,-50
BLE,1704599400857622607,D3:F4:55:AB:96:20,-68
BLE,1704599401244753362,D3:F4:55:AB:96:20,-68
BLE,1704599401269227030,DF:DF:EE:00:00:04,-50
BLE,1704599401735768778,DF:DF:EE:00:00:04,-54
BLE,1704599401922212487,DF:A6:DC:DC:2E:81,-72
BLE,1704599401922243737,DF:DF:EE:00:00:01,-72
BLE,1704599402012086974,D3:F4:55:AB:96:20,-66
BLE,1704599402596750053,D3:F4:55:AB:96:20,-67
BLE,1704599402789537375,D3:F4:55:AB:96:20,-68
BLE,1704599402980388588,D3:F4:55:AB:96:20,-68
BLE,1704599403002537900,DF:DF:EE:00:00:04,-51
BLE,1704599403172348459,D3:F4:55:AB:96:20,-68
BLE,1704599403359195831,D3:F4:55:AB:96:20,-68
BLE,1704599403558598347,D3:F4:55:AB:96:20,-68
BLE,1704599403744307521,D3:F4:55:AB:96:20,-52
BLE,1704599403939517614,D3:F4:55:AB:96:20,-68
BLE,1704599404127491518,D3:F4:55:AB:96:20,-66
BLE,1704599404283398028,DF:DF:EE:00:00:04,-50
BLE,1704599404466740264,DF:A6:DC:DC:2E:81,-72
BLE,1704599404466776930,DF:DF:EE:00:00:01,-72
BLE,1704599404511725173,D3:F4:55:AB:96:20,-68
BLE,1704599404707322847,D3:F4:55:AB:96:20,-67
BLE,1704599404902515731,D3:F4:55:AB:96:20,-71
BLE,1704599405291081516,D3:F4:55:AB:96:20,-68
BLE,1704599406091756928,DF:DF:EE:00:00:04,-52
BLE,1704599406245206709,D3:F4:55:AB:96:20,-67
BLE,1704599406562339434,DF:DF:EE:00:00:04,-52
BLE,1704599406821849356,D3:F4:55:AB:96:20,-68
BLE,1704599407007162700,DF:A6:DC:DC:2E:81,-73
BLE,1704599407007199116,DF:DF:EE:00:00:01,-73
BLE,1704599407011838285,D3:F4:55:AB:96:20,-70
BLE,1704599407095569658,DF:DF:EE:00:00:04,-50
BLE,1704599407560715626,DF:DF:EE:00:00:04,-55
BLE,1704599407594916669,D3:F4:55:AB:96:20,-68
BLE,1704599407792226120,D3:F4:55:AB:96:20,-68
BLE,1704599407987393088,D3:F4:55:AB:96:20,-68
BLE,1704599408100267255,DF:DF:EE:00:00:04,-55
BLE,1704599408177444600,D3:F4:55:AB:96:20,-68
BLE,1704599408371780034,D3:F4:55:AB:96:20,-68
BLE,1704599408755085488,D3:F4:55:AB:96:20,-67
BLE,1704599408944808295,D3:F4:55:AB:96:20,-68
BLE,1704599409135012139,D3:F4:55:AB:96:20,-67
BLE,1704599409329430322,D3:F4:55:AB:96:20,-71
BLE,1704599409550024907,DF:A6:DC:DC:2E:81,-72
BLE,1704599409550054366,DF:DF:EE:00:00:01,-72
BLE,1704599409717308196,D3:F4:55:AB:96:20,-71
BLE,1704599410104067371,D3:F4:55:AB:96:20,-67
BLE,1704599410369512910,DF:DF:EE:00:00:04,-51
BLE,1704599410834081258,DF:DF:EE:00:00:04,-50
BLE,1704599410878435173,D3:F4:55:AB:96:20,-68
BLE,1704599411072864148,D3:F4:55:AB:96:20,-68
BLE,1704599411267378580,D3:F4:55:AB:96:20,-71
BLE,1704599411370978118,DF:DF:EE:00:00:04,-50
BLE,1704599411456896638,D3:F4:55:AB:96:20,-68
BLE,1704599411834822514,DF:DF:EE:00:00:04,-55
BLE,1704599412038139663,D3:F4:55:AB:96:20,-67
BLE,1704599412092620200,DF:A6:DC:DC:2E:81,-72
BLE,1704599412092650034,DF:DF:EE:00:00:01,-72
BLE,1704599412611595629,D3:F4:55:AB:96:20,-66
BLE,1704599412806191144,D3:F4:55:AB:96:20,-67
BLE,1704599412999109839,D3:F4:55:AB:96:20,-71
BLE,1704599413101891425,DF:DF:EE:00:00:04,-49
BLE,1704599413575074700,D3:F4:55:AB:96:20,-67
BLE,1704599414155841271,D3:F4:55:AB:96:20,-52
BLE,1704599414348330429,D3:F4:55:AB:96:20,-71
BLE,1704599414379051168,DF:DF:EE:00:00:04,-54
BLE,1704599414537112576,D3:F4:55:AB:96:20,-68
BLE,1704599414730032439,D3:F4:55:AB:96:20,-69
BLE,1704599414924455330,D3:F4:55:AB:96:20,-68
BLE,1704599415113711224,D3:F4:55:AB:96:20,-70
BLE,1704599415305095057,D3:F4:55:AB:96:20,-68
BLE,1704599415495018029,D3:F4:55:AB:96:20,-71
BLE,1704599415689596835,D3:F4:55:AB:96:20,-52
BLE,1704599416073656284,D3:F4:55:AB:96:20,-66
BLE,1704599416269554787,D3:F4:55:AB:96:20,-67
BLE,1704599416457913189,D3:F4:55:AB:96:20,-68
BLE,1704599416653645986,D3:F4:55:AB:96:20,-67
BLE,1704599416927349246,DF:DF:EE:00:00:04,-50
BLE,1704599417037019606,D3:F4:55:AB:96:20,-68
BLE,1704599417232949152,D3:F4:55:AB:96:20,-70
BLE,1704599417234485805,D3:F4:55:AB:96:20,-68
BLE,1704599417421993380,D3:F4:55:AB:96:20,-68
BLE,1704599417615185032,D3:F4:55:AB:96:20,-71
BLE,1704599417809605882,D3:F4:55:AB:96:20,-69
BLE,1704599418001299171,D3:F4:55:AB:96:20,-67
BLE,1704599418190431816,D3:F4:55:AB:96:20,-68
BLE,1704599418206132891,DF:DF:EE:00:00:04,-55
BLE,1704599418572732196,D3:F4:55:AB:96:20,-68
BLE,1704599418768377535,D3:F4:55:AB:96:20,-68
BLE,1704599418957401973,D3:F4:55:AB:96:20,-68
BLE,1704599419343886525,D3:F4:55:AB:96:20,-69
BLE,1704599419532592549,D3:F4:55:AB:96:20,-68
BLE,1704599419722240022,D3:F4:55:AB:96:20,-68
BLE,1704599419913881604,D3:F4:55:AB:96:20,-68
BLE,1704599420101157223,D3:F4:55:AB:96:20,-67
BLE,1704599420298434548,D3:F4:55:AB:96:20,-67
BLE,1704599420477294488,DF:DF:EE:00:00:04,-55
BLE,1704599420489975380,D3:F4:55:AB:96:20,-71
BLE,1704599420686133132,D3:F4:55:AB:96:20,-68
BLE,1704599420883884912,D3:F4:55:AB:96:20,-68
BLE,1704599421076838107,D3:F4:55:AB:96:20,-71
BLE,1704599421269745053,D3:F4:55:AB:96:20,-52
BLE,1704599421461275969,D3:F4:55:AB:96:20,-71
BLE,1704599421655926859,D3:F4:55:AB:96:20,-67
BLE,1704599421754725312,DF:DF:EE:00:00:04,-52
BLE,1704599421851377533,D3:F4:55:AB:96:20,-68
BLE,1704599422039576769,D3:F4:55:AB:96:20,-67
BLE,1704599422285982219,DF:DF:EE:00:00:04,-50
BLE,1704599422434584749,D3:F4:55:AB:96:20,-68
BLE,1704599422628072565,D3:F4:55:AB:96:20,-71
BLE,1704599422818535699,D3:F4:55:AB:96:20,-68
BLE,1704599423013914540,D3:F4:55:AB:96:20,-71
BLE,1704599423209614129,D3:F4:55:AB:96:20,-66
BLE,1704599423566046562,DF:A6:DC:DC:2E:81,-72
BLE,1704599423566076020,DF:DF:EE:00:00:01,-72
BLE,1704599424026653944,DF:DF:EE:00:00:04,-52
BLE,1704599424170890595,D3:F4:55:AB:96:20,-67
BLE,1704599424360024072,D3:F4:55:AB:96:20,-71
BLE,1704599424552905644,D3:F4:55:AB:96:20,-68
BLE,1704599424933894535,D3:F4:55:AB:96:20,-67
BLE,1704599425027705155,DF:DF:EE:00:00:04,-50
BLE,1704599425125384659,D3:F4:55:AB:96:20,-71
BLE,1704599425315257089,D3:F4:55:AB:96:20,-67
BLE,1704599425571572580,DF:DF:EE:00:00:04,-50
BLE,1704599425893592097,D3:F4:55:AB:96:20,-71
BLE,1704599426025995681,DF:DF:EE:00:00:04,-52
BLE,1704599426085710550,D3:F4:55:AB:96:20,-67
BLE,1704599426278122333,D3:F4:55:AB:96:20,-70
BLE,1704599426279656195,D3:F4:55:AB:96:20,-68
BLE,1704599426562155172,DF:DF:EE:00:00:04,-50
BLE,1704599426667329863,D3:F4:55:AB:96:20,-67
BLE,1704599426854403400,D3:F4:55:AB:96:20,-68
BLE,1704599427235315583,D3:F4:55:AB:96:20,-68
BLE,1704599427811512484,D3:F4:55:AB:96:20,-68
BLE,1704599427997966568,D3:F4:55:AB:96:20,-68
BLE,1704599428388855625,D3:F4:55:AB:96:20,-71
BLE,1704599428773997064,D3:F4:55:AB:96:20,-71
BLE,1704599428847004653,DF:DF:EE:00:00:04,-54
BLE,1704599428965276524,D3:F4:55:AB:96:20,-67
BLE,1704599429163005262,D3:F4:55:AB:96:20,-68
BLE,1704599429551119010,D3:F4:55:AB:96:20,-68
BLE,1704599429842545536,DF:DF:EE:00:00:04,-51
BLE,1704599429934800086,D3:F4:55:AB:96:20,-68
BLE,1704599430303582206,DF:DF:EE:00:00:04,-52
BLE,1704599430329950649,D3:F4:55:AB:96:20,-69
BLE,1704599430705445920,D3:F4:55:AB:96:20,-71
BLE,1704599430838261459,DF:DF:EE:00:00:04,-51
BLE,1704599431097374510,D3:F4:55:AB:96:20,-67
BLE,1704599431483326567,D3:F4:55:AB:96:20,-67
BLE,1704599432057852649,D3:F4:55:AB:96:20,-70
BLE,1704599432438895456,D3:F4:55:AB:96:20,-71
BLE,1704599432634106549,D3:F4:55:AB:96:20,-68
BLE,1704599432833044652,D3:F4:55:AB:96:20,-67
BLE,1704599433030258311,D3:F4:55:AB:96:20,-68
BLE,1704599433116417622,DF:DF:EE:00:00:04,-52
BLE,1704599433219889535,D3:F4:55:AB:96:20,-68
BLE,1704599433416637490,D3:F4:55:AB:96:20,-67
BLE,1704599433611515086,D3:F4:55:AB:96:20,-71
BLE,1704599433805738062,D3:F4:55:AB:96:20,-68
BLE,1704599434185832544,D3:F4:55:AB:96:20,-67
BLE,1704599434760778414,D3:F4:55:AB:96:20,-71
BLE,1704599434762153611,D3:F4:55:AB:96:20,-68
BLE,1704599434847038098,DF:DF:EE:00:00:04,-52
BLE,1704599434952951408,D3:F4:55:AB:96:20,-52
BLE,1704599435021747699,DF:A6:DC:DC:2E:81,-58
BLE,1704599435021774615,DF:DF:EE:00:00:01,-58
BLE,1704599435149864528,D3:F4:55:AB:96:20,-67
BLE,1704599435719187612,D3:F4:55:AB:96:20,-68
BLE,1704599435914318998,D3:F4:55:AB:96:20,-68
BLE,1704599436104946171,D3:F4:55:AB:96:20,-71
BLE,1704599436124237716,DF:DF:EE:00:00:04,-51
BLE,1704599436663042392,DF:DF:EE:00:00:04,-50
BLE,1704599436870560506,D3:F4:55:AB:96:20,-71
BLE,1704599437257311848,D3:F4:55:AB:96:20,-60
BLE,1704599437828139419,D3:F4:55:AB:96:20,-67
BLE,1704599438018094765,D3:F4:55:AB:96:20,-61
BLE,1704599438207796238,D3:F4:55:AB:96:20,-68
BLE,1704599438979291398,D3:F4:55:AB:96:20,-52
BLE,1704599439175486066,D3:F4:55:AB:96:20,-69
BLE,1704599439365520286,D3:F4:55:AB:96:20,-52
BLE,1704599439560679713,D3:F4:55:AB:96:20,-69
BLE,1704599439671806978,DF:DF:EE:00:00:04,-39
BLE,1704599439755023814,D3:F4:55:AB:96:20,-60
BLE,1704599439947883427,D3:F4:55:AB:96:20,-68
BLE,1704599440211896352,DF:DF:EE:00:00:04,-54
BLE,1704599440327826410,D3:F4:55:AB:96:20,-68
BLE,1704599440527530298,D3:F4:55:AB:96:20,-52
BLE,1704599440673497434,DF:DF:EE:00:00:04,-53
BLE,1704599440714546586,D3:F4:55:AB:96:20,-68
BLE,1704599441098117621,D3:F4:55:AB:96:20,-68
BLE,1704599441477615400,D3:F4:55:AB:96:20,-67
BLE,1704599441670068517,D3:F4:55:AB:96:20,-52
BLE,1704599441945601345,DF:DF:EE:00:00:04,-54
BLE,1704599442050150540,D3:F4:55:AB:96:20,-71
BLE,1704599442432531420,D3:F4:55:AB:96:20,-55
BLE,1704599442817594776,D3:F4:55:AB:96:20,-68
BLE,1704599442952879211,DF:DF:EE:00:00:04,-50
BLE,1704599443006935002,D3:F4:55:AB:96:20,-52
BLE,1704599443205089237,D3:F4:55:AB:96:20,-68
BLE,1704599443401251697,D3:F4:55:AB:96:20,-71
BLE,1704599443595104510,D3:F4:55:AB:96:20,-52
BLE,1704599443977648971,D3:F4:55:AB:96:20,-68
BLE,1704599444170455043,D3:F4:55:AB:96:20,-52
BLE,1704599444363190907,D3:F4:55:AB:96:20,-71
BLE,1704599444749527461,D3:F4:55:AB:96:20,-71
BLE,1704599445136458885,D3:F4:55:AB:96:20,-67
BLE,1704599445193171779,DF:A6:DC:DC:2E:81,-74
BLE,1704599445193200987,DF:DF:EE:00:00:01,-74
BLE,1704599445491915951,DF:DF:EE:00:00:04,-52
BLE,1704599445716718085,D3:F4:55:AB:96:20,-71
BLE,1704599446035653336,DF:DF:EE:00:00:04,-55
BLE,1704599446092128481,D3:F4:55:AB:96:20,-68
BLE,1704599446480479143,D3:F4:55:AB:96:20,-55
BLE,1704599447246384184,D3:F4:55:AB:96:20,-55
BLE,1704599447825099105,D3:F4:55:AB:96:20,-68
BLE,1704599448020106450,D3:F4:55:AB:96:20,-52
BLE,1704599448213338518,D3:F4:55:AB:96:20,-69
BLE,1704599448409292230,D3:F4:55:AB:96:20,-52
BLE,1704599448605534689,D3:F4:55:AB:96:20,-68
BLE,1704599448767710562,DF:DF:EE:00:00:04,-34
BLE,1704599448801407485,D3:F4:55:AB:96:20,-55
BLE,1704599448993405522,D3:F4:55:AB:96:20,-52
BLE,1704599449189061944,D3:F4:55:AB:96:20,-69
BLE,1704599449376716935,D3:F4:55:AB:96:20,-52
BLE,1704599449569522756,D3:F4:55:AB:96:20,-69
BLE,1704599449953725037,D3:F4:55:AB:96:20,-67
BLE,1704599450050269426,DF:DF:EE:00:00:04,-50
BLE,1704599450146147612,D3:F4:55:AB:96:20,-71
BLE,1704599450338684936,D3:F4:55:AB:96:20,-63
BLE,1704599450528231744,D3:F4:55:AB:96:20,-71
BLE,1704599450914438715,D3:F4:55:AB:96:20,-71
BLE,1704599451054433985,DF:DF:EE:00:00:04,-54
BLE,1704599451106529460,D3:F4:55:AB:96:20,-67
BLE,1704599451300673187,D3:F4:55:AB:96:20,-69
BLE,1704599451488365760,D3:F4:55:AB:96:20,-67
BLE,1704599451561555514,DF:A6:DC:DC:2E:81,-72
BLE,1704599451561583139,DF:DF:EE:00:00:01,-72
BLE,1704599451588255788,DF:DF:EE:00:00:04,-52
BLE,1704599451680257465,D3:F4:55:AB:96:20,-71
BLE,1704599451873979404,D3:F4:55:AB:96:20,-67
BLE,1704599452050591155,DF:DF:EE:00:00:04,-51
BLE,1704599452068170506,D3:F4:55:AB:96:20,-68
BLE,1704599452262225483,D3:F4:55:AB:96:20,-71
BLE,1704599452452776408,D3:F4:55:AB:96:20,-67
BLE,1704599452590018493,DF:DF:EE:00:00:04,-49
BLE,1704599452639608572,D3:F4:55:AB:96:20,-67
BLE,1704599452833434302,D3:F4:55:AB:96:20,-68
BLE,1704599453020310507,D3:F4:55:AB:96:20,-67
BLE,1704599453217069587,D3:F4:55:AB:96:20,-68
BLE,1704599453403316423,D3:F4:55:AB:96:20,-67
BLE,1704599453794285271,D3:F4:55:AB:96:20,-71
BLE,1704599453987080176,D3:F4:55:AB:96:20,-68
BLE,1704599454045886594,DF:DF:EE:00:00:04,-55
BLE,1704599454101505330,DF:A6:DC:DC:2E:81,-73
BLE,1704599454101533163,DF:DF:EE:00:00:01,-73
BLE,1704599454177824557,D3:F4:55:AB:96:20,-71
BLE,1704599454555375644,D3:F4:55:AB:96:20,-71
BLE,1704599454589068316,DF:DF:EE:00:00:04,-55
BLE,1704599454942126736,D3:F4:55:AB:96:20,-71
BLE,1704599455047591132,DF:DF:EE:00:00:04,-50
BLE,1704599455325289734,D3:F4:55:AB:96:20,-71
BLE,1704599455516892524,D3:F4:55:AB:96:20,-68
BLE,1704599455712487364,D3:F4:55:AB:96:20,-68
BLE,1704599455899708691,D3:F4:55:AB:96:20,-68
BLE,1704599456098271714,D3:F4:55:AB:96:20,-68
BLE,1704599456284384884,D3:F4:55:AB:96:20,-66
BLE,1704599456663488750,D3:F4:55:AB:96:20,-68
BLE,1704599456858190180,D3:F4:55:AB:96:20,-68
BLE,1704599457237034798,D3:F4:55:AB:96:20,-71
BLE,1704599457590970586,DF:DF:EE:00:00:04,-51
BLE,1704599457618291854,D3:F4:55:AB:96:20,-71
BLE,1704599458009644032,D3:F4:55:AB:96:20,-68
BLE,1704599458137805861,DF:DF:EE:00:00:04,-51
BLE,1704599458202520686,D3:F4:55:AB:96:20,-71
BLE,1704599458394199851,D3:F4:55:AB:96:20,-67
BLE,1704599458580438270,D3:F4:55:AB:96:20,-68
BLE,1704599458591412052,DF:DF:EE:00:00:04,-54
BLE,1704599458775776070,D3:F4:55:AB:96:20,-67
BLE,1704599458968494684,D3:F4:55:AB:96:20,-71
BLE,1704599459130437810,DF:DF:EE:00:00:04,-54
BLE,1704599459162122749,D3:F4:55:AB:96:20,-68
BLE,1704599459183756274,DF:A6:DC:DC:2E:81,-72
BLE,1704599459183782232,DF:DF:EE:00:00:01,-72
BLE,1704599459359665239,D3:F4:55:AB:96:20,-67
BLE,1704599459593640461,DF:DF:EE:00:00:04,-51
BLE,1704599459595354114,DF:DF:EE:00:00:04,-52
BLE,1704599459742778237,D3:F4:55:AB:96:20,-68
BLE,1704599459936769632,D3:F4:55:AB:96:20,-71
BLE,1704599460518712943,D3:F4:55:AB:96:20,-71
BLE,1704599460867982520,DF:DF:EE:00:00:04,-54
BLE,1704599460912009521,D3:F4:55:AB:96:20,-68
BLE,1704599461101348497,D3:F4:55:AB:96:20,-68
BLE,1704599461478352380,D3:F4:55:AB:96:20,-68
BLE,1704599461671178327,D3:F4:55:AB:96:20,-71
BLE,1704599461862202997,D3:F4:55:AB:96:20,-66
BLE,1704599462052344175,D3:F4:55:AB:96:20,-71
BLE,1704599462151200794,DF:DF:EE:00:00:04,-55
BLE,1704599462248512968,D3:F4:55:AB:96:20,-68
BLE,1704599462635640849,D3:F4:55:AB:96:20,-71
BLE,1704599462682518867,DF:DF:EE:00:00:04,-52
BLE,1704599463024856003,D3:F4:55:AB:96:20,-69
BLE,1704599463145226857,DF:DF:EE:00:00:04,-51
BLE,1704599463411006934,D3:F4:55:AB:96:20,-67
BLE,1704599463600755657,D3:F4:55:AB:96:20,-71
BLE,1704599463790456296,D3:F4:55:AB:96:20,-68
BLE,1704599463980657640,D3:F4:55:AB:96:20,-68
BLE,1704599464176488603,D3:F4:55:AB:96:20,-69
BLE,1704599464271192341,DF:A6:DC:DC:2E:81,-73
BLE,1704599464271220216,DF:DF:EE:00:00:01,-73
BLE,1704599464418728839,DF:DF:EE:00:00:04,-55
BLE,1704599464749967819,D3:F4:55:AB:96:20,-71
BLE,1704599465427241986,DF:DF:EE:00:00:04,-52
BLE,1704599465514925159,D3:F4:55:AB:96:20,-71
BLE,1704599465900190014,D3:F4:55:AB:96:20,-71
BLE,1704599466094798070,D3:F4:55:AB:96:20,-67
BLE,1704599466484906342,D3:F4:55:AB:96:20,-70
BLE,1704599466694936309,DF:DF:EE:00:00:04,-54
BLE,1704599466872225346,D3:F4:55:AB:96:20,-67
BLE,1704599467234466688,DF:DF:EE:00:00:04,-55
BLE,1704599467254969431,D3:F4:55:AB:96:20,-68
BLE,1704599467442097801,D3:F4:55:AB:96:20,-68
BLE,1704599467636353360,D3:F4:55:AB:96:20,-67
BLE,1704599467700496691,DF:DF:EE:00:00:04,-52
BLE,1704599468014382235,D3:F4:55:AB:96:20,-69
BLE,1704599468096120166,DF:A6:DC:DC:2E:81,-72
BLE,1704599468096150499,DF:DF:EE:00:00:01,-72
BLE,1704599468204276206,D3:F4:55:AB:96:20,-69
BLE,1704599468242832087,DF:DF:EE:00:00:04,-56
BLE,1704599468390950455,D3:F4:55:AB:96:20,-68
BLE,1704599468583482946,D3:F4:55:AB:96:20,-67
BLE,1704599468964662710,D3:F4:55:AB:96:20,-68
BLE,1704599469154076977,D3:F4:55:AB:96:20,-68
BLE,1704599469234792209,DF:DF:EE:00:00:04,-54
BLE,1704599469692013828,DF:DF:EE:00:00:04,-51
BLE,1704599469738632724,D3:F4:55:AB:96:20,-68
BLE,1704599470123044753,D3:F4:55:AB:96:20,-66
BLE,1704599470316224988,D3:F4:55:AB:96:20,-67
BLE,1704599471087513316,D3:F4:55:AB:96:20,-66
BLE,1704599471276528378,D3:F4:55:AB:96:20,-71
BLE,1704599471470023528,D3:F4:55:AB:96:20,-66
BLE,1704599471515055020,DF:DF:EE:00:00:04,-51
BLE,1704599471665315328,D3:F4:55:AB:96:20,-68
BLE,1704599471859181558,D3:F4:55:AB:96:20,-70
BLE,1704599472048761448,D3:F4:55:AB:96:20,-68
BLE,1704599472235146241,D3:F4:55:AB:96:20,-68
BLE,1704599472508488588,DF:DF:EE:00:00:04,-50
BLE,1704599472806095145,D3:F4:55:AB:96:20,-70
BLE,1704599472995042083,D3:F4:55:AB:96:20,-67
BLE,1704599473183993937,DF:A6:DC:DC:2E:81,-73
BLE,1704599473184025187,DF:DF:EE:00:00:01,-73
BLE,1704599473190388675,D3:F4:55:AB:96:20,-71
BLE,1704599473512528315,DF:DF:EE:00:00:04,-54
BLE,1704599473771703574,D3:F4:55:AB:96:20,-70
BLE,1704599473967045541,DF:DF:EE:00:00:04,-35
BLE,1704599474342590436,D3:F4:55:AB:96:20,-67
BLE,1704599474914503207,D3:F4:55:AB:96:20,-68
BLE,1704599475106275454,D3:F4:55:AB:96:20,-68
BLE,1704599475248906160,DF:DF:EE:00:00:04,-50
BLE,1704599475297965952,D3:F4:55:AB:96:20,-68
BLE,1704599475492956297,D3:F4:55:AB:96:20,-68
BLE,1704599475680221291,D3:F4:55:AB:96:20,-68
BLE,1704599475722560306,DF:A6:DC:DC:2E:81,-73
BLE,1704599475722585514,DF:DF:EE:00:00:01,-73
BLE,1704599475871405918,D3:F4:55:AB:96:20,-68
BLE,1704599476248770090,D3:F4:55:AB:96:20,-55
BLE,1704599476445070632,D3:F4:55:AB:96:20,-67
BLE,1704599476527034769,DF:DF:EE:00:00:04,-56
BLE,1704599476637635914,D3:F4:55:AB:96:20,-67
BLE,1704599476828641793,D3:F4:55:AB:96:20,-68
BLE,1704599477026172699,D3:F4:55:AB:96:20,-68
BLE,1704599477408245123,D3:F4:55:AB:96:20,-68
BLE,1704599477530522460,DF:DF:EE:00:00:04,-52
BLE,1704599477599567791,D3:F4:55:AB:96:20,-69
BLE,1704599477792682485,D3:F4:55:AB:96:20,-68
BLE,1704599478069897007,DF:DF:EE:00:00:04,-52
BLE,1704599478263643320,DF:A6:DC:DC:2E:81,-71
BLE,1704599478263674320,DF:DF:EE:00:00:01,-71
BLE,1704599478361416282,D3:F4:55:AB:96:20,-69
BLE,1704599478530522847,DF:DF:EE:00:00:04,-54
BLE,1704599478739219700,D3:F4:55:AB:96:20,-66
BLE,1704599478932539893,D3:F4:55:AB:96:20,-67
BLE,1704599479121441873,D3:F4:55:AB:96:20,-69
BLE,1704599479506736852,D3:F4:55:AB:96:20,-68
BLE,1704599479528215128,DF:DF:EE:00:00:04,-50
BLE,1704599479885893467,D3:F4:55:AB:96:20,-66
BLE,1704599480075279360,D3:F4:55:AB:96:20,-70
BLE,1704599480464789012,D3:F4:55:AB:96:20,-67
BLE,1704599480658323494,D3:F4:55:AB:96:20,-71
BLE,1704599480803759801,DF:DF:EE:00:00:04,-54
BLE,1704599480806456237,DF:A6:DC:DC:2E:81,-72
BLE,1704599480806484153,DF:DF:EE:00:00:01,-72
BLE,1704599480849274665,D3:F4:55:AB:96:20,-68
BLE,1704599481035211170,D3:F4:55:AB:96:20,-74
BLE,1704599481231071132,D3:F4:55:AB:96:20,-68
BLE,1704599481342835684,DF:DF:EE:00:00:04,-55
BLE,1704599481417164011,D3:F4:55:AB:96:20,-68
BLE,1704599481608882300,D3:F4:55:AB:96:20,-67
BLE,1704599481796452583,D3:F4:55:AB:96:20,-68
BLE,1704599481809594430,DF:DF:EE:00:00:04,-52
BLE,1704599481992645668,D3:F4:55:AB:96:20,-67
BLE,1704599482765928313,D3:F4:55:AB:96:20,-68
BLE,1704599482805569351,DF:DF:EE:00:00:04,-54
BLE,1704599483160991626,D3:F4:55:AB:96:20,-68
BLE,1704599483348805573,DF:DF:EE:00:00:04,-51
BLE,1704599483548039590,D3:F4:55:AB:96:20,-68
BLE,1704599483735260001,D3:F4:55:AB:96:20,-67
BLE,1704599483804722703,DF:DF:EE:00:00:04,-58
BLE,1704599484708843487,D3:F4:55:AB:96:20,-71
BLE,1704599485089016844,DF:DF:EE:00:00:04,-52
BLE,1704599485096056951,D3:F4:55:AB:96:20,-67
BLE,1704599485287453993,D3:F4:55:AB:96:20,-68
BLE,1704599485628770762,DF:DF:EE:00:00:04,-52
BLE,1704599485673560340,D3:F4:55:AB:96:20,-71
BLE,1704599485869781300,D3:F4:55:AB:96:20,-68
BLE,1704599485894012552,DF:A6:DC:DC:2E:81,-74
BLE,1704599485894039761,DF:DF:EE:00:00:01,-74
BLE,1704599486067803452,D3:F4:55:AB:96:20,-68
BLE,1704599486082720909,DF:DF:EE:00:00:04,-52
BLE,1704599486255234736,D3:F4:55:AB:96:20,-67
BLE,1704599486447869226,D3:F4:55:AB:96:20,-67
BLE,1704599486637836614,D3:F4:55:AB:96:20,-68
BLE,1704599487026465857,D3:F4:55:AB:96:20,-71
BLE,1704599487220369294,D3:F4:55:AB:96:20,-68
BLE,1704599487357682920,DF:DF:EE:00:00:04,-51
BLE,1704599487612210051,D3:F4:55:AB:96:20,-71
BLE,1704599487805296413,D3:F4:55:AB:96:20,-68
BLE,1704599487894206033,DF:DF:EE:00:00:04,-45
BLE,1704599487999809970,D3:F4:55:AB:96:20,-67
BLE,1704599488358955296,DF:DF:EE:00:00:04,-54
BLE,1704599488376285774,D3:F4:55:AB:96:20,-71
BLE,1704599488568554934,D3:F4:55:AB:96:20,-67
BLE,1704599488765457762,D3:F4:55:AB:96:20,-68
BLE,1704599488952445009,D3:F4:55:AB:96:20,-67
BLE,1704599489144791043,D3:F4:55:AB:96:20,-71
BLE,1704599489523656618,D3:F4:55:AB:96:20,-71
BLE,1704599489635042423,DF:DF:EE:00:00:04,-52
BLE,1704599489713310634,D3:F4:55:AB:96:20,-68
BLE,1704599489719947494,DF:A6:DC:DC:2E:81,-72
BLE,1704599489719973369,DF:DF:EE:00:00:01,-72
BLE,1704599489901141998,D3:F4:55:AB:96:20,-66
BLE,1704599490091351800,D3:F4:55:AB:96:20,-68
BLE,1704599490278527669,D3:F4:55:AB:96:20,-67
BLE,1704599490631570464,DF:DF:EE:00:00:04,-54
BLE,1704599490656093089,D3:F4:55:AB:96:20,-68
BLE,1704599490841480766,D3:F4:55:AB:96:20,-68
BLE,1704599491037748558,D3:F4:55:AB:96:20,-67
BLE,1704599491229315724,D3:F4:55:AB:96:20,-68
BLE,1704599491426589008,D3:F4:55:AB:96:20,-66
BLE,1704599491811037411,D3:F4:55:AB:96:20,-68
BLE,1704599491904462326,DF:DF:EE:00:00:04,-50
BLE,1704599491906100771,DF:DF:EE:00:00:04,-52
BLE,1704599492001108089,D3:F4:55:AB:96:20,-69
BLE,1704599492196604888,D3:F4:55:AB:96:20,-68
BLE,1704599493730823616,D3:F4:55:AB:96:20,-71
BLE,1704599493905184261,DF:DF:EE:00:00:04,-50
BLE,1704599493921102584,D3:F4:55:AB:96:20,-68
BLE,1704599494496606782,D3:F4:55:AB:96:20,-71
BLE,1704599494690032807,D3:F4:55:AB:96:20,-66
BLE,1704599494888966118,D3:F4:55:AB:96:20,-67
BLE,1704599495177757750,DF:DF:EE:00:00:04,-54
BLE,1704599495270626337,D3:F4:55:AB:96:20,-67
BLE,1704599495653637586,D3:F4:55:AB:96:20,-67
BLE,1704599495841735989,D3:F4:55:AB:96:20,-68
BLE,1704599496231984052,D3:F4:55:AB:96:20,-71
BLE,1704599496233428498,D3:F4:55:AB:96:20,-68
BLE,1704599496425821448,D3:F4:55:AB:96:20,-67
BLE,1704599496453936043,DF:DF:EE:00:00:04,-52
BLE,1704599496619026475,D3:F4:55:AB:96:20,-68
BLE,1704599496809474358,D3:F4:55:AB:96:20,-66
BLE,1704599496986767687,DF:DF:EE:00:00:04,-51
BLE,1704599497194265134,D3:F4:55:AB:96:20,-71
BLE,1704599497586334973,D3:F4:55:AB:96:20,-67
BLE,1704599497776241986,D3:F4:55:AB:96:20,-68
BLE,1704599497971676743,D3:F4:55:AB:96:20,-67
BLE,1704599497990347877,DF:DF:EE:00:00:04,-55
BLE,1704599498161961837,D3:F4:55:AB:96:20,-69
BLE,1704599498458098365,DF:DF:EE:00:00:04,-52
BLE,1704599498545096668,D3:F4:55:AB:96:20,-71
BLE,1704599498740020013,D3:F4:55:AB:96:20,-67
BLE,1704599498937541087,D3:F4:55:AB:96:20,-67
BLE,1704599498987031042,DF:DF:EE:00:00:04,-50
BLE,1704599499127267060,D3:F4:55:AB:96:20,-68
BLE,1704599499128755714,D3:F4:55:AB:96:20,-70
BLE,1704599499319329096,D3:F4:55:AB:96:20,-67
BLE,1704599499993121627,DF:DF:EE:00:00:04,-39
BLE,1704599500274690195,D3:F4:55:AB:96:20,-53
BLE,1704599500276219640,D3:F4:55:AB:96:20,-60
BLE,1704599500471427817,D3:F4:55:AB:96:20,-66
BLE,1704599501171956412,DF:A6:DC:DC:2E:81,-58
BLE,1704599501172010828,DF:DF:EE:00:00:01,-58
BLE,1704599501244144216,D3:F4:55:AB:96:20,-60
BLE,1704599501434676432,D3:F4:55:AB:96:20,-68
BLE,1704599501450129551,DF:DF:EE:00:00:04,-66
BLE,1704599501825763779,D3:F4:55:AB:96:20,-53
BLE,1704599502217092083,D3:F4:55:AB:96:20,-71
BLE,1704599502414760821,D3:F4:55:AB:96:20,-71
BLE,1704599502606946023,D3:F4:55:AB:96:20,-68
BLE,1704599502797872611,D3:F4:55:AB:96:20,-69
BLE,1704599502988846032,D3:F4:55:AB:96:20,-68
BLE,1704599503175423365,D3:F4:55:AB:96:20,-68
BLE,1704599503263904530,DF:DF:EE:00:00:04,-50
BLE,1704599503368782307,D3:F4:55:AB:96:20,-67
BLE,1704599503558987317,D3:F4:55:AB:96:20,-67
BLE,1704599503728919083,DF:DF:EE:00:00:04,-54
BLE,1704599503750714773,D3:F4:55:AB:96:20,-67
BLE,1704599503940077208,D3:F4:55:AB:96:20,-68
BLE,1704599504328336162,D3:F4:55:AB:96:20,-71
BLE,1704599504517916678,D3:F4:55:AB:96:20,-67
BLE,1704599504711446285,D3:F4:55:AB:96:20,-71
BLE,1704599504905627303,D3:F4:55:AB:96:20,-68
BLE,1704599504993635473,DF:A6:DC:DC:2E:81,-74
BLE,1704599504993662514,DF:DF:EE:00:00:01,-74
BLE,1704599505005891869,DF:DF:EE:00:00:04,-52
BLE,1704599505479382725,D3:F4:55:AB:96:20,-69
BLE,1704599505538180768,DF:DF:EE:00:00:04,-50
BLE,1704599505672150297,D3:F4:55:AB:96:20,-66
BLE,1704599506056930156,D3:F4:55:AB:96:20,-68
BLE,1704599506249340564,D3:F4:55:AB:96:20,-52
BLE,1704599506441664890,D3:F4:55:AB:96:20,-60
BLE,1704599506541777749,DF:DF:EE:00:00:04,-55
BLE,1704599506631834443,D3:F4:55:AB:96:20,-68
BLE,1704599507000396689,DF:DF:EE:00:00:04,-57
BLE,1704599507215214699,D3:F4:55:AB:96:20,-67
BLE,1704599507403124146,D3:F4:55:AB:96:20,-68
BLE,1704599507537821961,DF:A6:DC:DC:2E:81,-71
BLE,1704599507537848669,DF:DF:EE:00:00:01,-71
BLE,1704599507542139924,DF:DF:EE:00:00:04,-50
BLE,1704599507593361031,D3:F4:55:AB:96:20,-69
BLE,1704599507972730478,D3:F4:55:AB:96:20,-71
BLE,1704599508002644349,DF:DF:EE:00:00:04,-54
BLE,1704599508166808580,D3:F4:55:AB:96:20,-67
BLE,1704599508357037799,D3:F4:55:AB:96:20,-71
BLE,1704599508544312418,DF:DF:EE:00:00:04,-54
BLE,1704599508551969769,D3:F4:55:AB:96:20,-66
BLE,1704599508746748199,D3:F4:55:AB:96:20,-68
BLE,1704599508935272557,D3:F4:55:AB:96:20,-68
BLE,1704599509000896459,DF:DF:EE:00:00:04,-50
BLE,1704599509126607517,D3:F4:55:AB:96:20,-67
BLE,1704599509313999884,D3:F4:55:AB:96:20,-67
BLE,1704599509539476387,DF:DF:EE:00:00:04,-50
BLE,1704599509693280415,D3:F4:55:AB:96:20,-67
BLE,1704599509886787897,D3:F4:55:AB:96:20,-71
BLE,1704599510009141525,DF:DF:EE:00:00:04,-55
BLE,1704599510271196968,D3:F4:55:AB:96:20,-71
BLE,1704599510652119276,D3:F4:55:AB:96:20,-71
BLE,1704599510845618175,D3:F4:55:AB:96:20,-68
BLE,1704599511045248106,D3:F4:55:AB:96:20,-67
BLE,1704599511232114020,D3:F4:55:AB:96:20,-66
BLE,1704599511424645135,D3:F4:55:AB:96:20,-68
BLE,1704599511772188435,DF:DF:EE:00:00:04,-51
BLE,1704599511808318087,D3:F4:55:AB:96:20,-67
BLE,1704599511996544281,D3:F4:55:AB:96:20,-68
BLE,1704599512578192886,D3:F4:55:AB:96:20,-67
BLE,1704599512769593803,D3:F4:55:AB:96:20,-70
BLE,1704599513147852300,D3:F4:55:AB:96:20,-71
BLE,1704599513530834633,D3:F4:55:AB:96:20,-71
BLE,1704599513587814899,DF:DF:EE:00:00:04,-54
BLE,1704599513719935444,D3:F4:55:AB:96:20,-68
BLE,1704599513909612001,D3:F4:55:AB:96:20,-67
BLE,1704599514047038084,DF:DF:EE:00:00:04,-65
BLE,1704599514304610773,D3:F4:55:AB:96:20,-68
BLE,1704599514493605752,D3:F4:55:AB:96:20,-68
BLE,1704599514684614464,D3:F4:55:AB:96:20,-68
BLE,1704599515049480700,DF:DF:EE:00:00:04,-54
BLE,1704599515067037676,D3:F4:55:AB:96:20,-67
BLE,1704599515258422344,D3:F4:55:AB:96:20,-68
BLE,1704599515454491513,D3:F4:55:AB:96:20,-67
BLE,1704599515642177378,D3:F4:55:AB:96:20,-66
BLE,1704599515835412404,D3:F4:55:AB:96:20,-67
BLE,1704599516024223552,D3:F4:55:AB:96:20,-66
BLE,1704599516314449505,DF:DF:EE:00:00:04,-50
BLE,1704599516417393881,D3:F4:55:AB:96:20,-68
BLE,1704599516987486375,D3:F4:55:AB:96:20,-68
BLE,1704599517317309617,DF:DF:EE:00:00:04,-55
BLE,1704599517373059728,D3:F4:55:AB:96:20,-68
BLE,1704599518354674687,D3:F4:55:AB:96:20,-68
BLE,1704599518541046938,D3:F4:55:AB:96:20,-68
BLE,1704599518588421870,DF:DF:EE:00:00:04,-51
BLE,1704599518735023417,D3:F4:55:AB:96:20,-68
BLE,1704599518922117579,D3:F4:55:AB:96:20,-52
BLE,1704599519113623995,D3:F4:55:AB:96:20,-71
BLE,1704599519506761158,D3:F4:55:AB:96:20,-67
BLE,1704599519869671786,DF:DF:EE:00:00:04,-50
BLE,1704599520082342439,D3:F4:55:AB:96:20,-69
BLE,1704599520252259413,DF:A6:DC:DC:2E:81,-73
BLE,1704599520252294538,DF:DF:EE:00:00:01,-73
BLE,1704599520275829047,D3:F4:55:AB:96:20,-67
BLE,1704599520654299209,D3:F4:55:AB:96:20,-68
BLE,1704599520846215538,D3:F4:55:AB:96:20,-71
BLE,1704599521622403783,D3:F4:55:AB:96:20,-67
BLE,1704599521688018810,DF:DF:EE:00:00:04,-54
BLE,1704599521819002156,D3:F4:55:AB:96:20,-69
BLE,1704599522144665184,DF:DF:EE:00:00:04,-51
BLE,1704599522207145403,D3:F4:55:AB:96:20,-53
BLE,1704599522405546053,D3:F4:55:AB:96:20,-68
BLE,1704599522597055927,D3:F4:55:AB:96:20,-71
BLE,1704599522793053638,D3:F4:55:AB:96:20,-66
BLE,1704599522991795618,D3:F4:55:AB:96:20,-68
BLE,1704599523381465727,D3:F4:55:AB:96:20,-68
BLE,1704599523574551422,D3:F4:55:AB:96:20,-68
BLE,1704599523764593725,D3:F4:55:AB:96:20,-66
BLE,1704599524079040014,DF:A6:DC:DC:2E:81,-74
BLE,1704599524079073181,DF:DF:EE:00:00:01,-74
BLE,1704599524142286353,DF:DF:EE:00:00:04,-51
BLE,1704599524151228985,D3:F4:55:AB:96:20,-71
BLE,1704599524529627398,D3:F4:55:AB:96:20,-68
BLE,1704599524683456967,DF:DF:EE:00:00:04,-50
BLE,1704599524917395898,D3:F4:55:AB:96:20,-71
BLE,1704599525148157356,DF:DF:EE:00:00:04,-54
BLE,1704599525492225811,D3:F4:55:AB:96:20,-69
BLE,1704599525686882492,DF:DF:EE:00:00:04,-54
BLE,1704599525688092481,D3:F4:55:AB:96:20,-67
BLE,1704599525878038827,D3:F4:55:AB:96:20,-68
BLE,1704599526071004523,D3:F4:55:AB:96:20,-67
BLE,1704599526153069993,DF:DF:EE:00:00:04,-52
BLE,1704599526260674746,D3:F4:55:AB:96:20,-68
BLE,1704599527033556311,D3:F4:55:AB:96:20,-71
BLE,1704599527422354844,DF:DF:EE:00:00:04,-55
BLE,1704599527803466984,D3:F4:55:AB:96:20,-67
BLE,1704599527963402626,DF:DF:EE:00:00:04,-55
BLE,1704599527990776519,D3:F4:55:AB:96:20,-68
BLE,1704599528186990062,D3:F4:55:AB:96:20,-67
BLE,1704599528376908325,D3:F4:55:AB:96:20,-69
BLE,1704599528417426523,DF:DF:EE:00:00:04,-50
BLE,1704599528569460024,D3:F4:55:AB:96:20,-68
BLE,1704599528758680168,D3:F4:55:AB:96:20,-69
BLE,1704599528949850087,D3:F4:55:AB:96:20,-68
BLE,1704599529331873636,D3:F4:55:AB:96:20,-67
BLE,1704599529696200293,DF:DF:EE:00:00:04,-55
BLE,1704599529708391565,D3:F4:55:AB:96:20,-69
BLE,1704599530234834513,DF:DF:EE:00:00:04,-55
BLE,1704599530671858220,D3:F4:55:AB:96:20,-67
BLE,1704599530689484070,DF:DF:EE:00:00:04,-50
BLE,1704599530864498335,D3:F4:55:AB:96:20,-67
BLE,1704599531233820992,DF:DF:EE:00:00:04,-50
BLE,1704599531432447806,D3:F4:55:AB:96:20,-67
BLE,1704599531624923255,D3:F4:55:AB:96:20,-71
BLE,1704599531696312732,DF:DF:EE:00:00:04,-55
BLE,1704599531819744601,D3:F4:55:AB:96:20,-67
BLE,1704599532010724439,D3:F4:55:AB:96:20,-68
BLE,1704599532201224988,D3:F4:55:AB:96:20,-67
BLE,1704599532236089067,DF:DF:EE:00:00:04,-54
BLE,1704599532395306091,D3:F4:55:AB:96:20,-68
BLE,1704599532777480222,D3:F4:55:AB:96:20,-69
BLE,1704599533160707011,D3:F4:55:AB:96:20,-68
BLE,1704599533356100644,D3:F4:55:AB:96:20,-70
BLE,1704599533692961743,DF:DF:EE:00:00:04,-52
BLE,1704599533747057700,D3:F4:55:AB:96:20,-68
BLE,1704599533933935823,D3:F4:55:AB:96:20,-68
BLE,1704599534127236598,D3:F4:55:AB:96:20,-68
BLE,1704599534229472272,DF:DF:EE:00:00:04,-52
BLE,1704599534271300042,DF:A6:DC:DC:2E:81,-58
BLE,1704599534271326667,DF:DF:EE:00:00:01,-58
BLE,1704599534315729165,D3:F4:55:AB:96:20,-68
BLE,1704599534508550362,D3:F4:55:AB:96:20,-68
BLE,1704599534702006386,D3:F4:55:AB:96:20,-71
BLE,1704599534892281896,D3:F4:55:AB:96:20,-68
BLE,1704599535230810023,DF:DF:EE:00:00:04,-55
BLE,1704599535468681295,D3:F4:55:AB:96:20,-70
BLE,1704599535661995904,D3:F4:55:AB:96:20,-68
BLE,1704599535727922678,DF:DF:EE:00:00:04,-55
BLE,1704599536048841204,D3:F4:55:AB:96:20,-68
BLE,1704599536195155129,DF:DF:EE:00:00:04,-63
BLE,1704599536239550210,D3:F4:55:AB:96:20,-68
BLE,1704599536431083085,D3:F4:55:AB:96:20,-68
BLE,1704599536620099230,D3:F4:55:AB:96:20,-71
BLE,1704599536731347119,DF:DF:EE:00:00:04,-52
BLE,1704599536810096909,DF:A6:DC:DC:2E:81,-72
BLE,1704599536810124701,DF:DF:EE:00:00:01,-72
BLE,1704599536815746111,D3:F4:55:AB:96:20,-66
BLE,1704599537008803806,D3:F4:55:AB:96:20,-67
BLE,1704599537591345569,D3:F4:55:AB:96:20,-67
BLE,1704599537786721911,D3:F4:55:AB:96:20,-71
BLE,1704599537983310534,D3:F4:55:AB:96:20,-67
BLE,1704599538185985272,DF:DF:EE:00:00:04,-50
BLE,1704599538372705104,D3:F4:55:AB:96:20,-71
BLE,1704599538568480567,D3:F4:55:AB:96:20,-68
BLE,1704599538733735206,DF:DF:EE:00:00:04,-52
BLE,1704599539139709552,D3:F4:55:AB:96:20,-71
BLE,1704599539192058482,DF:DF:EE:00:00:04,-55
BLE,1704599539335340974,D3:F4:55:AB:96:20,-66
BLE,1704599539352569287,DF:A6:DC:DC:2E:81,-72
BLE,1704599539352593620,DF:DF:EE:00:00:01,-72
BLE,1704599539719659171,D3:F4:55:AB:96:20,-71
BLE,1704599539911276419,D3:F4:55:AB:96:20,-67
BLE,1704599540108040582,D3:F4:55:AB:96:20,-71
BLE,1704599540185915296,DF:DF:EE:00:00:04,-50
BLE,1704599540299141627,D3:F4:55:AB:96:20,-67
BLE,1704599541067487688,D3:F4:55:AB:96:20,-67
BLE,1704599541260094345,D3:F4:55:AB:96:20,-67
BLE,1704599541453949283,D3:F4:55:AB:96:20,-71
BLE,1704599541645213409,D3:F4:55:AB:96:20,-67
BLE,1704599541835837083,D3:F4:55:AB:96:20,-71
BLE,1704599542031224966,D3:F4:55:AB:96:20,-66
BLE,1704599542220641692,D3:F4:55:AB:96:20,-71
BLE,1704599542416613820,D3:F4:55:AB:96:20,-68
BLE,1704599542607298993,D3:F4:55:AB:96:20,-68
BLE,1704599542750242238,DF:DF:EE:00:00:04,-51
BLE,1704599542799746360,D3:F4:55:AB:96:20,-66
BLE,1704599543177972107,D3:F4:55:AB:96:20,-67
BLE,1704599543287241597,DF:DF:EE:00:00:04,-54
BLE,1704599543560342529,D3:F4:55:AB:96:20,-68
BLE,1704599543943430402,D3:F4:55:AB:96:20,-68
BLE,1704599544141550470,D3:F4:55:AB:96:20,-67
BLE,1704599544290289791,DF:DF:EE:00:00:04,-52
BLE,1704599544335123369,D3:F4:55:AB:96:20,-69
BLE,1704599544527892441,D3:F4:55:AB:96:20,-68
BLE,1704599544722160792,D3:F4:55:AB:96:20,-68
BLE,1704599545296390251,D3:F4:55:AB:96:20,-67
BLE,1704599545688234800,D3:F4:55:AB:96:20,-70
BLE,1704599545689752829,D3:F4:55:AB:96:20,-68
BLE,1704599545879010764,D3:F4:55:AB:96:20,-53
BLE,1704599546027877084,DF:DF:EE:00:00:04,-54
BLE,1704599546270471483,D3:F4:55:AB:96:20,-71
BLE,1704599546459243714,D3:F4:55:AB:96:20,-68
BLE,1704599546648232693,D3:F4:55:AB:96:20,-67
BLE,1704599547298971878,DF:DF:EE:00:00:04,-50
BLE,1704599547838776254,DF:DF:EE:00:00:04,-50
BLE,1704599548007282657,D3:F4:55:AB:96:20,-68
BLE,1704599548306049579,DF:DF:EE:00:00:04,-55
BLE,1704599548386381981,D3:F4:55:AB:96:20,-71
BLE,1704599548770452637,D3:F4:55:AB:96:20,-71
BLE,1704599549149851334,D3:F4:55:AB:96:20,-71
BLE,1704599549535605684,D3:F4:55:AB:96:20,-71
BLE,1704599549587752658,DF:DF:EE:00:00:04,-55
BLE,1704599549729096792,D3:F4:55:AB:96:20,-67
BLE,1704599550117312038,D3:F4:55:AB:96:20,-71
BLE,1704599550313538956,D3:F4:55:AB:96:20,-66
BLE,1704599550509872581,D3:F4:55:AB:96:20,-68
BLE,1704599550705484463,D3:F4:55:AB:96:20,-71
BLE,1704599550898970654,D3:F4:55:AB:96:20,-68
BLE,1704599551285256625,D3:F4:55:AB:96:20,-71
BLE,1704599551669028450,D3:F4:55:AB:96:20,-71
BLE,1704599552128689174,DF:DF:EE:00:00:04,-54
BLE,1704599552246420591,D3:F4:55:AB:96:20,-69
BLE,1704599552629158092,D3:F4:55:AB:96:20,-67
BLE,1704599552827287036,D3:F4:55:AB:96:20,-52
BLE,1704599553215226493,D3:F4:55:AB:96:20,-69
BLE,1704599553400274130,DF:DF:EE:00:00:04,-52
BLE,1704599553410753916,D3:F4:55:AB:96:20,-67
BLE,1704599553800459692,D3:F4:55:AB:96:20,-68
BLE,1704599553996299863,D3:F4:55:AB:96:20,-68
BLE,1704599554182805321,D3:F4:55:AB:96:20,-67
BLE,1704599554379308445,D3:F4:55:AB:96:20,-68
BLE,1704599554403382741,DF:DF:EE:00:00:04,-55
BLE,1704599554938708113,DF:DF:EE:00:00:04,-55
BLE,1704599555525238177,D3:F4:55:AB:96:20,-68
BLE,1704599555713089915,D3:F4:55:AB:96:20,-68
BLE,1704599555944381785,DF:DF:EE:00:00:04,-52
BLE,1704599556098016023,D3:F4:55:AB:96:20,-68
BLE,1704599556402489897,DF:DF:EE:00:00:04,-54
BLE,1704599556871039545,D3:F4:55:AB:96:20,-71
BLE,1704599557065765059,D3:F4:55:AB:96:20,-52
BLE,1704599557067213421,D3:F4:55:AB:96:20,-55
BLE,1704599557458823472,D3:F4:55:AB:96:20,-67
BLE,1704599557648051408,D3:F4:55:AB:96:20,-66
BLE,1704599557673744815,DF:DF:EE:00:00:04,-51
BLE,1704599557838481583,D3:F4:55:AB:96:20,-71
BLE,1704599557840004153,D3:F4:55:AB:96:20,-68
BLE,1704599558029269755,D3:F4:55:AB:96:20,-68
BLE,1704599558415562685,D3:F4:55:AB:96:20,-52
BLE,1704599558437963328,DF:A6:DC:DC:2E:81,-58
BLE,1704599558437993494,DF:DF:EE:00:00:01,-58
BLE,1704599558678245122,DF:DF:EE:00:00:04,-54
BLE,1704599558804472884,D3:F4:55:AB:96:20,-71
BLE,1704599558996720918,D3:F4:55:AB:96:20,-67
BLE,1704599559193046335,D3:F4:55:AB:96:20,-68
BLE,1704599559378394054,D3:F4:55:AB:96:20,-67
BLE,1704599559570586964,D3:F4:55:AB:96:20,-71
BLE,1704599559763701283,D3:F4:55:AB:96:20,-68
BLE,1704599559944410291,DF:DF:EE:00:00:04,-50
BLE,1704599560147087570,D3:F4:55:AB:96:20,-68
BLE,1704599560340007600,D3:F4:55:AB:96:20,-68
BLE,1704599560526771973,D3:F4:55:AB:96:20,-68
BLE,1704599560724054840,D3:F4:55:AB:96:20,-67
BLE,1704599560918214775,D3:F4:55:AB:96:20,-71
BLE,1704599561226355368,DF:DF:EE:00:00:04,-50
BLE,1704599561690148514,D3:F4:55:AB:96:20,-67
BLE,1704599561879796696,D3:F4:55:AB:96:20,-67
BLE,1704599562073082931,D3:F4:55:AB:96:20,-67
BLE,1704599562269198283,D3:F4:55:AB:96:20,-69
BLE,1704599562465478207,D3:F4:55:AB:96:20,-65
BLE,1704599562498384255,DF:DF:EE:00:00:04,-40
BLE,1704599562656534642,D3:F4:55:AB:96:20,-52
BLE,1704599562850428090,D3:F4:55:AB:96:20,-70
BLE,1704599563229757695,D3:F4:55:AB:96:20,-66
BLE,1704599564197134914,D3:F4:55:AB:96:20,-53
BLE,1704599564583170785,D3:F4:55:AB:96:20,-71
BLE,1704599564774823964,D3:F4:55:AB:96:20,-67
BLE,1704599564961817314,D3:F4:55:AB:96:20,-68
BLE,1704599565155534764,D3:F4:55:AB:96:20,-67
BLE,1704599565312908366,DF:DF:EE:00:00:04,-63
BLE,1704599565938541107,D3:F4:55:AB:96:20,-69
BLE,1704599566083103628,DF:A6:DC:DC:2E:81,-72
BLE,1704599566083138295,DF:DF:EE:00:00:01,-72
BLE,1704599566903320310,D3:F4:55:AB:96:20,-60
BLE,1704599567287687156,D3:F4:55:AB:96:20,-60
BLE,1704599567483048673,D3:F4:55:AB:96:20,-66
BLE,1704599567586603644,DF:DF:EE:00:00:04,-39
BLE,1704599568045728414,DF:DF:EE:00:00:04,-34
BLE,1704599568058277748,D3:F4:55:AB:96:20,-69
BLE,1704599568439003422,D3:F4:55:AB:96:20,-66
BLE,1704599568583704943,DF:DF:EE:00:00:04,-34
BLE,1704599568625234238,DF:A6:DC:DC:2E:81,-91
BLE,1704599568625260238,DF:DF:EE:00:00:01,-91
BLE,1704599569209983135,D3:F4:55:AB:96:20,-66
BLE,1704599569399494960,D3:F4:55:AB:96:20,-71
BLE,1704599569595265639,D3:F4:55:AB:96:20,-67
BLE,1704599569978454164,D3:F4:55:AB:96:20,-67
BLE,1704599570173139396,D3:F4:55:AB:96:20,-69
BLE,1704599570318388744,DF:DF:EE:00:00:04,-51
BLE,1704599570365585275,D3:F4:55:AB:96:20,-71
BLE,1704599570751970102,D3:F4:55:AB:96:20,-71
BLE,1704599570944052859,D3:F4:55:AB:96:20,-68
BLE,1704599571170992687,DF:A6:DC:DC:2E:81,-72
BLE,1704599571171034062,DF:DF:EE:00:00:01,-72
BLE,1704599571322108269,DF:DF:EE:00:00:04,-54
BLE,1704599571326277852,D3:F4:55:AB:96:20,-66
BLE,1704599571520283049,D3:F4:55:AB:96:20,-68
BLE,1704599571716617431,D3:F4:55:AB:96:20,-71
BLE,1704599571910530587,D3:F4:55:AB:96:20,-67
BLE,1704599572297825988,D3:F4:55:AB:96:20,-69
BLE,1704599572328104479,DF:DF:EE:00:00:04,-52
BLE,1704599572488169138,D3:F4:55:AB:96:20,-67
BLE,1704599572677040803,D3:F4:55:AB:96:20,-68
BLE,1704599572867011998,DF:DF:EE:00:00:04,-52
BLE,1704599573062815927,D3:F4:55:AB:96:20,-68
BLE,1704599573254078026,D3:F4:55:AB:96:20,-67
BLE,1704599573321825311,DF:DF:EE:00:00:04,-55
BLE,1704599573630800532,D3:F4:55:AB:96:20,-71
BLE,1704599574214426857,D3:F4:55:AB:96:20,-71
BLE,1704599574596326728,D3:F4:55:AB:96:20,-70
BLE,1704599575173492200,D3:F4:55:AB:96:20,-77
BLE,1704599575371007279,D3:F4:55:AB:96:20,-52
BLE,1704599575595863544,DF:DF:EE:00:00:04,-39
BLE,1704599575759447168,D3:F4:55:AB:96:20,-52
BLE,1704599575953277450,D3:F4:55:AB:96:20,-69
BLE,1704599576135822344,DF:DF:EE:00:00:04,-72
BLE,1704599576605959838,DF:DF:EE:00:00:04,-63
BLE,1704599576915379763,D3:F4:55:AB:96:20,-71
BLE,1704599577297140552,D3:F4:55:AB:96:20,-70
BLE,1704599577492570694,D3:F4:55:AB:96:20,-67
BLE,1704599577683379505,D3:F4:55:AB:96:20,-71
BLE,1704599577874286775,DF:DF:EE:00:00:04,-58
BLE,1704599578445507639,D3:F4:55:AB:96:20,-71
BLE,1704599578640842781,D3:F4:55:AB:96:20,-66
BLE,1704599578836134090,D3:F4:55:AB:96:20,-67
BLE,1704599579023039316,D3:F4:55:AB:96:20,-66
BLE,1704599579160094621,DF:DF:EE:00:00:04,-50
BLE,1704599579406671004,D3:F4:55:AB:96:20,-67
BLE,1704599579602542765,D3:F4:55:AB:96:20,-67
BLE,1704599579788157920,D3:F4:55:AB:96:20,-67
BLE,1704599579977239125,D3:F4:55:AB:96:20,-71
BLE,1704599580164462181,DF:DF:EE:00:00:04,-54
BLE,1704599580734465557,D3:F4:55:AB:96:20,-68
BLE,1704599581121471294,D3:F4:55:AB:96:20,-71
BLE,1704599581311761028,D3:F4:55:AB:96:20,-67
BLE,1704599581428005164,DF:DF:EE:00:00:04,-50
BLE,1704599581696699369,D3:F4:55:AB:96:20,-67
BLE,1704599581893550496,D3:F4:55:AB:96:20,-67
BLE,1704599581968638833,DF:DF:EE:00:00:04,-51
BLE,1704599582081233839,D3:F4:55:AB:96:20,-67
BLE,1704599582430155871,DF:DF:EE:00:00:04,-52
BLE,1704599582849936741,D3:F4:55:AB:96:20,-68
BLE,1704599582975033248,DF:DF:EE:00:00:04,-54
BLE,1704599583618645434,D3:F4:55:AB:96:20,-71
BLE,1704599583810884191,D3:F4:55:AB:96:20,-68
BLE,1704599583967275261,DF:DF:EE:00:00:04,-55
BLE,1704599583997963165,D3:F4:55:AB:96:20,-68
BLE,1704599584190042922,D3:F4:55:AB:96:20,-67
BLE,1704599584379298666,D3:F4:55:AB:96:20,-66
BLE,1704599584429208129,DF:DF:EE:00:00:04,-52
BLE,1704599584956724761,D3:F4:55:AB:96:20,-67
BLE,1704599585728169886,D3:F4:55:AB:96:20,-68
BLE,1704599585922186957,D3:F4:55:AB:96:20,-68
BLE,1704599586108551813,D3:F4:55:AB:96:20,-68
BLE,1704599586435085693,DF:DF:EE:00:00:04,-52
BLE,1704599586493430822,D3:F4:55:AB:96:20,-66
BLE,1704599586683805096,D3:F4:55:AB:96:20,-70
BLE,1704599586879068156,D3:F4:55:AB:96:20,-66
BLE,1704599587274250853,D3:F4:55:AB:96:20,-67
BLE,1704599587468356382,D3:F4:55:AB:96:20,-71
BLE,1704599587660647971,D3:F4:55:AB:96:20,-67
BLE,1704599587708332247,DF:DF:EE:00:00:04,-50
BLE,1704599588236467374,D3:F4:55:AB:96:20,-71
BLE,1704599588249635743,DF:DF:EE:00:00:04,-50
BLE,1704599588433734621,D3:F4:55:AB:96:20,-70
BLE,1704599588710737077,DF:DF:EE:00:00:04,-55
BLE,1704599588812227151,D3:F4:55:AB:96:20,-67
BLE,1704599589193545778,D3:F4:55:AB:96:20,-67
BLE,1704599589387438560,D3:F4:55:AB:96:20,-69
BLE,1704599589582759368,D3:F4:55:AB:96:20,-70
BLE,1704599589711207925,DF:DF:EE:00:00:04,-50
BLE,1704599589776597400,D3:F4:55:AB:96:20,-68
BLE,1704599589975580798,D3:F4:55:AB:96:20,-68
BLE,1704599590169976824,D3:F4:55:AB:96:20,-71
BLE,1704599590551056995,D3:F4:55:AB:96:20,-71
BLE,1704599590743615081,D3:F4:55:AB:96:20,-67
BLE,1704599590935633214,D3:F4:55:AB:96:20,-71
BLE,1704599591533605105,DF:A6:DC:DC:2E:81,-72
BLE,1704599591533643646,DF:DF:EE:00:00:01,-72
BLE,1704599591900350252,D3:F4:55:AB:96:20,-71
BLE,1704599592243800505,DF:DF:EE:00:00:04,-55
BLE,1704599592702534779,DF:DF:EE:00:00:04,-50
BLE,1704599593044148467,D3:F4:55:AB:96:20,-68
BLE,1704599593237849751,D3:F4:55:AB:96:20,-68
BLE,1704599593812405332,D3:F4:55:AB:96:20,-71
BLE,1704599594006700609,D3:F4:55:AB:96:20,-52
BLE,1704599594204810474,D3:F4:55:AB:96:20,-67
BLE,1704599594390183590,D3:F4:55:AB:96:20,-69
BLE,1704599595153746668,D3:F4:55:AB:96:20,-68
BLE,1704599595348823896,D3:F4:55:AB:96:20,-68
BLE,1704599595802012142,DF:DF:EE:00:00:04,-54
BLE,1704599595918292819,D3:F4:55:AB:96:20,-68
BLE,1704599596257158451,DF:DF:EE:00:00:04,-51
BLE,1704599596616683962,DF:A6:DC:DC:2E:81,-73
BLE,1704599596616715961,DF:DF:EE:00:00:01,-73
BLE,1704599596869496282,D3:F4:55:AB:96:20,-68
BLE,1704599597263005247,DF:DF:EE:00:00:04,-55
BLE,1704599597802302345,DF:DF:EE:00:00:04,-55
BLE,1704599597836997875,D3:F4:55:AB:96:20,-66
BLE,1704599598033802836,D3:F4:55:AB:96:20,-67
BLE,1704599598223822364,D3:F4:55:AB:96:20,-71
BLE,1704599598603752630,D3:F4:55:AB:96:20,-71
BLE,1704599598798308655,DF:DF:EE:00:00:04,-50
BLE,1704599598799681558,D3:F4:55:AB:96:20,-66
BLE,1704599598993397299,D3:F4:55:AB:96:20,-68
BLE,1704599599183602367,D3:F4:55:AB:96:20,-66
BLE,1704599599256279811,DF:DF:EE:00:00:04,-52
BLE,1704599599372630655,D3:F4:55:AB:96:20,-71
BLE,1704599599567786924,D3:F4:55:AB:96:20,-68
BLE,1704599599801813556,DF:DF:EE:00:00:04,-52
BLE,1704599599961363554,D3:F4:55:AB:96:20,-68
BLE,1704599600148446736,D3:F4:55:AB:96:20,-69
BLE,1704599600728767594,D3:F4:55:AB:96:20,-67
BLE,1704599600797144206,DF:DF:EE:00:00:04,-54
BLE,1704599601109110939,D3:F4:55:AB:96:20,-68
BLE,1704599601300853575,D3:F4:55:AB:96:20,-68
BLE,1704599601693526339,D3:F4:55:AB:96:20,-68
BLE,1704599601706607959,DF:A6:DC:DC:2E:81,-74
BLE,1704599601706633000,DF:DF:EE:00:00:01,-74
BLE,1704599601881854009,D3:F4:55:AB:96:20,-67
BLE,1704599602081187736,D3:F4:55:AB:96:20,-68
BLE,1704599602267599717,D3:F4:55:AB:96:20,-67
BLE,1704599602463422229,D3:F4:55:AB:96:20,-67
BLE,1704599602658373416,D3:F4:55:AB:96:20,-70
BLE,1704599602848647775,D3:F4:55:AB:96:20,-68
BLE,1704599603041488484,D3:F4:55:AB:96:20,-69
BLE,1704599603303373714,DF:DF:EE:00:00:04,-50
BLE,1704599603805508265,D3:F4:55:AB:96:20,-71
BLE,1704599604000905323,D3:F4:55:AB:96:20,-68
BLE,1704599604578318085,D3:F4:55:AB:96:20,-68
BLE,1704599604766216426,D3:F4:55:AB:96:20,-68
BLE,1704599605127201130,DF:DF:EE:00:00:04,-50
BLE,1704599605348872427,D3:F4:55:AB:96:20,-68
BLE,1704599605588168423,DF:DF:EE:00:00:04,-54
BLE,1704599605739010799,D3:F4:55:AB:96:20,-71
BLE,1704599606118963981,DF:DF:EE:00:00:04,-52
BLE,1704599606311369861,D3:F4:55:AB:96:20,-67
BLE,1704599606505928469,D3:F4:55:AB:96:20,-70
BLE,1704599606587761989,DF:DF:EE:00:00:04,-51
BLE,1704599606694774884,D3:F4:55:AB:96:20,-67
BLE,1704599606888936704,D3:F4:55:AB:96:20,-71
BLE,1704599607081477332,D3:F4:55:AB:96:20,-68
BLE,1704599607122234302,DF:DF:EE:00:00:04,-55
BLE,1704599607274898243,D3:F4:55:AB:96:20,-67
BLE,1704599607586536313,DF:DF:EE:00:00:04,-52
BLE,1704599608049833125,D3:F4:55:AB:96:20,-67
BLE,1704599608241286014,D3:F4:55:AB:96:20,-68
BLE,1704599608623571839,D3:F4:55:AB:96:20,-69
BLE,1704599608858546212,DF:DF:EE:00:00:04,-50
BLE,1704599609199137411,D3:F4:55:AB:96:20,-52
BLE,1704599609589011994,D3:F4:55:AB:96:20,-71
BLE,1704599609780990003,D3:F4:55:AB:96:20,-68
BLE,1704599609975987732,D3:F4:55:AB:96:20,-67
BLE,1704599610163156413,D3:F4:55:AB:96:20,-66
BLE,1704599610394280783,DF:DF:EE:00:00:04,-52
BLE,1704599610553857864,D3:F4:55:AB:96:20,-71
BLE,1704599610743102858,D3:F4:55:AB:96:20,-67
BLE,1704599610929809877,D3:F4:55:AB:96:20,-66
BLE,1704599611321015448,D3:F4:55:AB:96:20,-71
BLE,1704599611400144578,DF:DF:EE:00:00:04,-50
BLE,1704599611517287205,D3:F4:55:AB:96:20,-68
BLE,1704599611518623275,D3:F4:55:AB:96:20,-71
BLE,1704599611861634283,DF:DF:EE:00:00:04,-52
BLE,1704599611898107295,D3:F4:55:AB:96:20,-68
BLE,1704599612289328157,D3:F4:55:AB:96:20,-71
BLE,1704599612399122774,DF:DF:EE:00:00:04,-53
BLE,1704599612855036868,DF:DF:EE:00:00:04,-54
BLE,1704599612872633777,D3:F4:55:AB:96:20,-71
BLE,1704599613064091207,D3:F4:55:AB:96:20,-68
BLE,1704599613260136926,D3:F4:55:AB:96:20,-67
BLE,1704599613395524163,DF:DF:EE:00:00:04,-54
BLE,1704599613449261713,D3:F4:55:AB:96:20,-68
BLE,1704599613645419346,D3:F4:55:AB:96:20,-67
BLE,1704599613833066856,D3:F4:55:AB:96:20,-68
BLE,1704599614028512914,D3:F4:55:AB:96:20,-67
BLE,1704599614221696286,D3:F4:55:AB:96:20,-71
BLE,1704599614419159073,DF:A6:DC:DC:2E:81,-72
BLE,1704599614419188948,DF:DF:EE:00:00:01,-72
BLE,1704599614604050986,D3:F4:55:AB:96:20,-71
BLE,1704599615136299154,DF:DF:EE:00:00:04,-50
BLE,1704599615960175216,D3:F4:55:AB:96:20,-69
BLE,1704599616139058605,DF:DF:EE:00:00:04,-54
BLE,1704599616155667773,D3:F4:55:AB:96:20,-71
BLE,1704599616346146172,D3:F4:55:AB:96:20,-67
BLE,1704599616532570361,D3:F4:55:AB:96:20,-67
BLE,1704599617299841319,D3:F4:55:AB:96:20,-67
BLE,1704599617301193972,D3:F4:55:AB:96:20,-71
BLE,1704599617406803256,DF:DF:EE:00:00:04,-50
BLE,1704599617489950346,D3:F4:55:AB:96:20,-67
BLE,1704599617681199737,D3:F4:55:AB:96:20,-66
BLE,1704599617951489217,DF:DF:EE:00:00:04,-50
BLE,1704599618265541179,D3:F4:55:AB:96:20,-68
BLE,1704599618460254494,D3:F4:55:AB:96:20,-69
BLE,1704599618645520403,D3:F4:55:AB:96:20,-67
BLE,1704599619217086472,D3:F4:55:AB:96:20,-71
BLE,1704599619410563049,D3:F4:55:AB:96:20,-67
BLE,1704599619501174482,DF:A6:DC:DC:2E:81,-72
BLE,1704599619501199815,DF:DF:EE:00:00:01,-72
BLE,1704599620220498500,DF:DF:EE:00:00:04,-58
BLE,1704599620380423869,D3:F4:55:AB:96:20,-66
BLE,1704599620676563717,DF:DF:EE:00:00:04,-52
BLE,1704599620958945661,D3:F4:55:AB:96:20,-67
BLE,1704599621149361602,D3:F4:55:AB:96:20,-71
BLE,1704599621540948210,D3:F4:55:AB:96:20,-67
BLE,1704599621925509388,D3:F4:55:AB:96:20,-67
BLE,1704599622882604709,D3:F4:55:AB:96:20,-71
BLE,1704599623074361262,D3:F4:55:AB:96:20,-68
BLE,1704599623230048631,DF:DF:EE:00:00:04,-54
BLE,1704599623261219571,D3:F4:55:AB:96:20,-66
BLE,1704599623456203883,D3:F4:55:AB:96:20,-67
BLE,1704599624029523436,D3:F4:55:AB:96:20,-71
BLE,1704599624499797428,DF:DF:EE:00:00:04,-50
BLE,1704599624604401847,D3:F4:55:AB:96:20,-68
BLE,1704599624791794526,D3:F4:55:AB:96:20,-68
BLE,1704599624987629288,D3:F4:55:AB:96:20,-68
BLE,1704599625174286683,D3:F4:55:AB:96:20,-66
BLE,1704599625366439315,D3:F4:55:AB:96:20,-67
BLE,1704599625500388526,DF:DF:EE:00:00:04,-54
BLE,1704599625552954253,D3:F4:55:AB:96:20,-69
BLE,1704599625743882147,D3:F4:55:AB:96:20,-71
BLE,1704599625867007549,DF:A6:DC:DC:2E:81,-73
BLE,1704599625867046215,DF:DF:EE:00:00:01,-73
BLE,1704599626328335964,D3:F4:55:AB:96:20,-70
BLE,1704599626498177484,DF:DF:EE:00:00:04,-50
BLE,1704599626522093496,D3:F4:55:AB:96:20,-67
BLE,1704599627280552083,D3:F4:55:AB:96:20,-67
BLE,1704599628243898468,D3:F4:55:AB:96:20,-62
BLE,1704599628818887295,D3:F4:55:AB:96:20,-53
BLE,1704599629060201730,DF:DF:EE:00:00:04,-55
BLE,1704599629200520877,D3:F4:55:AB:96:20,-53
BLE,1704599629397387420,D3:F4:55:AB:96:20,-52
BLE,1704599629588439147,D3:F4:55:AB:96:20,-55
BLE,1704599629784174326,D3:F4:55:AB:96:20,-67
BLE,1704599629979645592,D3:F4:55:AB:96:20,-66
BLE,1704599630167631307,D3:F4:55:AB:96:20,-66
BLE,1704599630561964138,D3:F4:55:AB:96:20,-52
BLE,1704599630751040509,D3:F4:55:AB:96:20,-67
BLE,1704599630866308655,DF:DF:EE:00:00:04,-50
BLE,1704599630947793012,D3:F4:55:AB:96:20,-67
BLE,1704599631133626873,D3:F4:55:AB:96:20,-68
BLE,1704599631330590874,DF:DF:EE:00:00:04,-54
BLE,1704599631703300670,D3:F4:55:AB:96:20,-71
BLE,1704599632079963385,D3:F4:55:AB:96:20,-83
BLE,1704599632850688100,D3:F4:55:AB:96:20,-70
BLE,1704599633233115341,D3:F4:55:AB:96:20,-55
BLE,1704599633606971583,DF:DF:EE:00:00:04,-44
BLE,1704599633622434805,D3:F4:55:AB:96:20,-52
BLE,1704599634197121010,D3:F4:55:AB:96:20,-52
BLE,1704599634589897273,D3:F4:55:AB:96:20,-67
BLE,1704599634601463491,DF:DF:EE:00:00:04,-51
BLE,1704599634776894498,DF:A6:DC:DC:2E:81,-72
BLE,1704599634776929956,DF:DF:EE:00:00:01,-72
BLE,1704599635170606585,D3:F4:55:AB:96:20,-55
BLE,1704599635553485238,D3:F4:55:AB:96:20,-71
BLE,1704599635749048003,D3:F4:55:AB:96:20,-69
BLE,1704599636329531775,D3:F4:55:AB:96:20,-67
BLE,1704599636600011879,DF:DF:EE:00:00:04,-50
BLE,1704599637099596830,D3:F4:55:AB:96:20,-67
BLE,1704599637140320175,DF:DF:EE:00:00:04,-50
BLE,1704599637608271358,DF:DF:EE:00:00:04,-62
BLE,1704599637686947243,D3:F4:55:AB:96:20,-71
BLE,1704599637878609005,D3:F4:55:AB:96:20,-67
BLE,1704599638142356883,DF:DF:EE:00:00:04,-52
BLE,1704599638213354761,DF:DF:EE:00:00:04,-54
BLE,1704599638267249684,D3:F4:55:AB:96:20,-68
BLE,1704599638849498480,D3:F4:55:AB:96:20,-67
BLE,1704599639375417254,DF:DF:EE:00:00:04,-52
BLE,1704599639428337186,D3:F4:55:AB:96:20,-68
BLE,1704599639867089950,DF:A6:DC:DC:2E:81,-73
BLE,1704599639867118867,DF:DF:EE:00:00:01,-73
BLE,1704599640000321501,D3:F4:55:AB:96:20,-68
BLE,1704599640652133982,DF:DF:EE:00:00:04,-50
BLE,1704599640779739255,D3:F4:55:AB:96:20,-68
BLE,1704599641160420638,D3:F4:55:AB:96:20,-67
BLE,1704599641189278435,DF:DF:EE:00:00:04,-50
BLE,1704599641354514251,D3:F4:55:AB:96:20,-71
BLE,1704599641546076764,D3:F4:55:AB:96:20,-68
BLE,1704599641651054262,DF:DF:EE:00:00:04,-52
BLE,1704599641733802273,D3:F4:55:AB:96:20,-68
BLE,1704599642122663950,D3:F4:55:AB:96:20,-70
BLE,1704599642192916918,DF:DF:EE:00:00:04,-53
BLE,1704599642194331863,DF:DF:EE:00:00:04,-55
BLE,1704599642405669429,DF:A6:DC:DC:2E:81,-73
BLE,1704599642405726887,DF:DF:EE:00:00:01,-73
BLE,1704599642500126032,D3:F4:55:AB:96:20,-68
BLE,1704599642691816543,D3:F4:55:AB:96:20,-68
BLE,1704599642880732499,D3:F4:55:AB:96:20,-68
BLE,1704599643075461772,D3:F4:55:AB:96:20,-67
BLE,1704599643263740359,D3:F4:55:AB:96:20,-68
BLE,1704599643456760149,D3:F4:55:AB:96:20,-69
BLE,1704599643833457906,D3:F4:55:AB:96:20,-71
BLE,1704599644183027140,DF:DF:EE:00:00:04,-50
BLE,1704599644208732426,D3:F4:55:AB:96:20,-68
BLE,1704599644402272252,D3:F4:55:AB:96:20,-72
BLE,1704599644647192527,DF:DF:EE:00:00:04,-64
BLE,1704599644975517514,D3:F4:55:AB:96:20,-68
BLE,1704599645188131317,DF:DF:EE:00:00:04,-62
BLE,1704599645363386034,D3:F4:55:AB:96:20,-70
BLE,1704599645557885767,D3:F4:55:AB:96:20,-68
BLE,1704599645648002997,DF:DF:EE:00:00:04,-50
BLE,1704599645752355418,D3:F4:55:AB:96:20,-68
BLE,1704599646187398594,DF:DF:EE:00:00:04,-50
BLE,1704599646257394857,DF:DF:EE:00:00:04,-50
BLE,1704599646329514057,D3:F4:55:AB:96:20,-71
BLE,1704599646522087351,D3:F4:55:AB:96:20,-67
BLE,1704599647289825804,D3:F4:55:AB:96:20,-67
BLE,1704599647486068896,D3:F4:55:AB:96:20,-67
BLE,1704599647674719021,D3:F4:55:AB:96:20,-52
BLE,1704599647970246209,DF:DF:EE:00:00:04,-52
BLE,1704599648060623227,D3:F4:55:AB:96:20,-70
BLE,1704599648424451570,DF:DF:EE:00:00:04,-53
BLE,1704599648831821354,D3:F4:55:AB:96:20,-68
BLE,1704599649023420742,D3:F4:55:AB:96:20,-66
BLE,1704599649429141543,DF:DF:EE:00:00:04,-51
BLE,1704599649600220009,D3:F4:55:AB:96:20,-69
BLE,1704599649785694458,D3:F4:55:AB:96:20,-67
BLE,1704599650564410260,D3:F4:55:AB:96:20,-68
BLE,1704599650756107146,D3:F4:55:AB:96:20,-67
BLE,1704599650951126500,D3:F4:55:AB:96:20,-68
BLE,1704599651337839823,D3:F4:55:AB:96:20,-67
BLE,1704599651698072951,DF:DF:EE:00:00:04,-50
BLE,1704599651911133501,D3:F4:55:AB:96:20,-71
BLE,1704599652106610058,D3:F4:55:AB:96:20,-68
BLE,1704599652492379766,D3:F4:55:AB:96:20,-71
BLE,1704599652577444503,DF:A6:DC:DC:2E:81,-73
BLE,1704599652577470587,DF:DF:EE:00:00:01,-73
BLE,1704599652875876621,D3:F4:55:AB:96:20,-71
BLE,1704599653262419904,D3:F4:55:AB:96:20,-71
BLE,1704599653457579631,D3:F4:55:AB:96:20,-67
BLE,1704599653514825729,DF:DF:EE:00:00:04,-54
BLE,1704599653847612921,D3:F4:55:AB:96:20,-70
BLE,1704599653971860145,DF:DF:EE:00:00:04,-50
BLE,1704599654232668511,D3:F4:55:AB:96:20,-67
BLE,1704599654422731414,D3:F4:55:AB:96:20,-68
BLE,1704599654511317992,DF:DF:EE:00:00:04,-50
BLE,1704599654804580994,D3:F4:55:AB:96:20,-68
BLE,1704599655964782588,D3:F4:55:AB:96:20,-68
BLE,1704599656545035321,D3:F4:55:AB:96:20,-71
BLE,1704599656933651126,D3:F4:55:AB:96:20,-68
BLE,1704599657122192960,D3:F4:55:AB:96:20,-68
BLE,1704599657312601651,D3:F4:55:AB:96:20,-71
BLE,1704599657503284631,D3:F4:55:AB:96:20,-67
BLE,1704599657521151954,DF:DF:EE:00:00:04,-54
BLE,1704599657664495779,DF:A6:DC:DC:2E:81,-72
BLE,1704599657664522570,DF:DF:EE:00:00:01,-72
BLE,1704599657700316006,D3:F4:55:AB:96:20,-67
BLE,1704599657887534521,D3:F4:55:AB:96:20,-52
BLE,1704599657979354816,DF:DF:EE:00:00:04,-50
BLE,1704599658084797102,D3:F4:55:AB:96:20,-68
BLE,1704599658467542090,D3:F4:55:AB:96:20,-67
BLE,1704599658518677373,DF:DF:EE:00:00:04,-51
BLE,1704599658658509317,D3:F4:55:AB:96:20,-71
BLE,1704599659432535457,D3:F4:55:AB:96:20,-68
BLE,1704599659475434573,DF:DF:EE:00:00:04,-55
BLE,1704599659822331250,D3:F4:55:AB:96:20,-68
BLE,1704599660207032093,DF:A6:DC:DC:2E:81,-72
BLE,1704599660207064926,DF:DF:EE:00:00:01,-72
BLE,1704599660475025097,DF:DF:EE:00:00:04,-50
BLE,1704599661171485508,D3:F4:55:AB:96:20,-68
BLE,1704599661366374030,D3:F4:55:AB:96:20,-67
BLE,1704599661477493925,DF:DF:EE:00:00:04,-54
BLE,1704599661557690878,D3:F4:55:AB:96:20,-66
BLE,1704599661946721845,D3:F4:55:AB:96:20,-71
BLE,1704599662018008595,DF:DF:EE:00:00:04,-55
BLE,1704599662139975091,D3:F4:55:AB:96:20,-68
BLE,1704599662328853922,D3:F4:55:AB:96:20,-71
BLE,1704599662475918877,DF:DF:EE:00:00:04,-50
BLE,1704599662717705349,D3:F4:55:AB:96:20,-67
BLE,1704599662750549023,DF:A6:DC:DC:2E:81,-74
BLE,1704599662750575523,DF:DF:EE:00:00:01,-74
BLE,1704599662905976562,D3:F4:55:AB:96:20,-67
BLE,1704599663098360441,D3:F4:55:AB:96:20,-68
BLE,1704599663284573715,D3:F4:55:AB:96:20,-67
BLE,1704599663481201136,D3:F4:55:AB:96:20,-68
BLE,1704599663668924687,D3:F4:55:AB:96:20,-66
BLE,1704599663751107120,DF:DF:EE:00:00:04,-66
BLE,1704599663857629020,D3:F4:55:AB:96:20,-71
BLE,1704599664246635279,D3:F4:55:AB:96:20,-67
BLE,1704599664436238186,D3:F4:55:AB:96:20,-69
BLE,1704599664629973636,D3:F4:55:AB:96:20,-67
BLE,1704599664819711667,D3:F4:55:AB:96:20,-69
BLE,1704599665009643904,D3:F4:55:AB:96:20,-68
BLE,1704599665023423142,DF:DF:EE:00:00:04,-51
BLE,1704599665205238419,D3:F4:55:AB:96:20,-70
BLE,1704599665399672278,D3:F4:55:AB:96:20,-66
BLE,1704599665966906765,D3:F4:55:AB:96:20,-68
BLE,1704599666156060760,D3:F4:55:AB:96:20,-70
BLE,1704599666303864833,DF:DF:EE:00:00:04,-50
BLE,1704599666537224722,D3:F4:55:AB:96:20,-71
BLE,1704599666571486923,DF:A6:DC:DC:2E:81,-58
BLE,1704599666571516298,DF:DF:EE:00:00:01,-58
BLE,1704599666916300413,D3:F4:55:AB:96:20,-70
BLE,1704599667489360718,D3:F4:55:AB:96:20,-68
BLE,1704599667577189345,DF:DF:EE:00:00:04,-55
BLE,1704599667677049727,D3:F4:55:AB:96:20,-66
BLE,1704599667869929186,D3:F4:55:AB:96:20,-67
BLE,1704599668064071131,D3:F4:55:AB:96:20,-71
BLE,1704599668116365820,DF:DF:EE:00:00:04,-54
BLE,1704599668260532137,D3:F4:55:AB:96:20,-67
BLE,1704599668453797633,D3:F4:55:AB:96:20,-67
BLE,1704599668578356895,DF:DF:EE:00:00:04,-50
BLE,1704599668838423643,D3:F4:55:AB:96:20,-68
BLE,1704599669025849031,D3:F4:55:AB:96:20,-68
BLE,1704599669114353734,DF:A6:DC:DC:2E:81,-72
BLE,1704599669114381192,DF:DF:EE:00:00:01,-72
BLE,1704599669221388796,D3:F4:55:AB:96:20,-67
BLE,1704599669409051056,D3:F4:55:AB:96:20,-68
BLE,1704599669578402622,DF:DF:EE:00:00:04,-55
BLE,1704599669604160825,D3:F4:55:AB:96:20,-68
BLE,1704599669791047717,D3:F4:55:AB:96:20,-67
BLE,1704599669979658718,D3:F4:55:AB:96:20,-70
BLE,1704599670174758612,D3:F4:55:AB:96:20,-68
BLE,1704599670368617686,D3:F4:55:AB:96:20,-67
BLE,1704599670563591706,D3:F4:55:AB:96:20,-71
BLE,1704599670752636786,D3:F4:55:AB:96:20,-67
BLE,1704599670850483230,DF:DF:EE:00:00:04,-51
BLE,1704599671387293770,DF:DF:EE:00:00:04,-50
BLE,1704599671521406312,D3:F4:55:AB:96:20,-66
BLE,1704599671656507011,DF:A6:DC:DC:2E:81,-72
BLE,1704599671656535844,DF:DF:EE:00:00:01,-72
BLE,1704599671715362134,D3:F4:55:AB:96:20,-67
BLE,1704599671846724704,DF:DF:EE:00:00:04,-52
BLE,1704599672092562177,D3:F4:55:AB:96:20,-71
BLE,1704599672281733255,D3:F4:55:AB:96:20,-68
BLE,1704599672383923906,DF:DF:EE:00:00:04,-52
BLE,1704599672467815614,D3:F4:55:AB:96:20,-68
BLE,1704599672657723102,D3:F4:55:AB:96:20,-71
BLE,1704599673233174841,D3:F4:55:AB:96:20,-68
BLE,1704599673620274536,D3:F4:55:AB:96:20,-69
BLE,1704599673811971672,D3:F4:55:AB:96:20,-68
BLE,1704599673999822305,D3:F4:55:AB:96:20,-68
BLE,1704599674126132050,DF:DF:EE:00:00:04,-55
BLE,1704599674194067625,D3:F4:55:AB:96:20,-67
BLE,1704599674386697877,D3:F4:55:AB:96:20,-69
BLE,1704599674577772145,D3:F4:55:AB:96:20,-68
BLE,1704599674656481446,DF:DF:EE:00:00:04,-52
BLE,1704599675347891199,D3:F4:55:AB:96:20,-67
BLE,1704599675483734057,DF:A6:DC:DC:2E:81,-71
BLE,1704599675483763140,DF:DF:EE:00:00:01,-71
BLE,1704599675537309650,D3:F4:55:AB:96:20,-70
BLE,1704599675662543905,DF:DF:EE:00:00:04,-50
BLE,1704599675728595832,D3:F4:55:AB:96:20,-67
BLE,1704599675920791547,D3:F4:55:AB:96:20,-70
BLE,1704599675922330865,D3:F4:55:AB:96:20,-68
BLE,1704599676124915852,DF:DF:EE:00:00:04,-54
BLE,1704599676298644083,D3:F4:55:AB:96:20,-71
BLE,1704599676687923173,D3:F4:55:AB:96:20,-67
BLE,1704599676878594319,D3:F4:55:AB:96:20,-68
BLE,1704599677073861170,D3:F4:55:AB:96:20,-67
BLE,1704599677392108133,DF:DF:EE:00:00:04,-50
BLE,1704599677649026996,D3:F4:55:AB:96:20,-71
BLE,1704599677940230102,DF:DF:EE:00:00:04,-52
BLE,1704599678031146448,D3:F4:55:AB:96:20,-71
BLE,1704599678220554816,D3:F4:55:AB:96:20,-67
BLE,1704599678406825339,D3:F4:55:AB:96:20,-66
BLE,1704599678599978587,D3:F4:55:AB:96:20,-68
BLE,1704599678979070902,D3:F4:55:AB:96:20,-71
BLE,1704599679170386376,D3:F4:55:AB:96:20,-67
BLE,1704599679553315570,D3:F4:55:AB:96:20,-67
BLE,1704599679665493663,DF:DF:EE:00:00:04,-50
BLE,1704599679747753971,D3:F4:55:AB:96:20,-68
BLE,1704599680207543985,DF:DF:EE:00:00:04,-51
BLE,1704599680515510882,D3:F4:55:AB:96:20,-68
BLE,1704599680675304086,DF:DF:EE:00:00:04,-55
BLE,1704599680711163896,D3:F4:55:AB:96:20,-71
BLE,1704599680904474350,D3:F4:55:AB:96:20,-68
BLE,1704599681214942389,DF:DF:EE:00:00:04,-55
BLE,1704599681290097726,D3:F4:55:AB:96:20,-68
BLE,1704599681671154439,D3:F4:55:AB:96:20,-68
BLE,1704599681866164250,D3:F4:55:AB:96:20,-68
BLE,1704599682249411317,D3:F4:55:AB:96:20,-68
BLE,1704599682436579373,D3:F4:55:AB:96:20,-66
BLE,1704599682823346154,D3:F4:55:AB:96:20,-70
BLE,1704599683013734887,D3:F4:55:AB:96:20,-67
BLE,1704599683394324354,D3:F4:55:AB:96:20,-68
BLE,1704599683579963884,D3:F4:55:AB:96:20,-67
BLE,1704599683770977819,D3:F4:55:AB:96:20,-70
BLE,1704599683944999548,DF:DF:EE:00:00:04,-51
BLE,1704599683962439125,D3:F4:55:AB:96:20,-69
BLE,1704599684345360903,D3:F4:55:AB:96:20,-68
BLE,1704599684543086812,D3:F4:55:AB:96:20,-67
BLE,1704599684731268276,D3:F4:55:AB:96:20,-68
BLE,1704599685115043128,D3:F4:55:AB:96:20,-68
BLE,1704599685504699297,D3:F4:55:AB:96:20,-71
BLE,1704599685887052872,D3:F4:55:AB:96:20,-71
BLE,1704599686082928509,D3:F4:55:AB:96:20,-66
BLE,1704599686273290367,D3:F4:55:AB:96:20,-67
BLE,1704599686650976030,D3:F4:55:AB:96:20,-71
BLE,1704599686844463440,D3:F4:55:AB:96:20,-68
BLE,1704599687026753462,DF:DF:EE:00:00:04,-50
BLE,1704599687041401775,D3:F4:55:AB:96:20,-68
BLE,1704599687491707133,DF:DF:EE:00:00:04,-54
BLE,1704599687620767142,D3:F4:55:AB:96:20,-69
BLE,1704599687998229515,D3:F4:55:AB:96:20,-71
BLE,1704599688384558426,D3:F4:55:AB:96:20,-71
BLE,1704599689305371607,DF:DF:EE:00:00:04,-53
BLE,1704599689341895536,D3:F4:55:AB:96:20,-69
BLE,1704599689767355474,DF:DF:EE:00:00:04,-50
BLE,1704599689915756458,D3:F4:55:AB:96:20,-70
BLE,1704599690112689917,D3:F4:55:AB:96:20,-71
BLE,1704599690308562137,DF:DF:EE:00:00:04,-50
BLE,1704599690506647752,D3:F4:55:AB:96:20,-68
BLE,1704599690700585408,D3:F4:55:AB:96:20,-71
BLE,1704599690761875924,DF:A6:DC:DC:2E:81,-73
BLE,1704599690761919090,DF:DF:EE:00:00:01,-73
BLE,1704599690773878263,DF:DF:EE:00:00:04,-54
BLE,1704599691654649176,D3:F4:55:AB:96:20,-67
BLE,1704599692036809586,D3:F4:55:AB:96:20,-68
BLE,1704599692224265640,D3:F4:55:AB:96:20,-69
BLE,1704599692603206749,D3:F4:55:AB:96:20,-68
BLE,1704599692800560537,D3:F4:55:AB:96:20,-68
BLE,1704599692994411319,D3:F4:55:AB:96:20,-71
BLE,1704599693315701751,DF:DF:EE:00:00:04,-68
BLE,1704599693573856477,D3:F4:55:AB:96:20,-67
BLE,1704599693767945714,D3:F4:55:AB:96:20,-67
BLE,1704599693961171419,D3:F4:55:AB:96:20,-71
BLE,1704599694155759777,D3:F4:55:AB:96:20,-67
BLE,1704599694314514491,DF:DF:EE:00:00:04,-51
BLE,1704599694353207273,D3:F4:55:AB:96:20,-67
BLE,1704599694546097522,D3:F4:55:AB:96:20,-71
BLE,1704599694854674331,DF:DF:EE:00:00:04,-50
BLE,1704599694931393068,D3:F4:55:AB:96:20,-71
BLE,1704599695310739590,D3:F4:55:AB:96:20,-71
BLE,1704599695315377544,DF:DF:EE:00:00:04,-52
BLE,1704599695694487234,D3:F4:55:AB:96:20,-69
BLE,1704599695884474388,D3:F4:55:AB:96:20,-69
BLE,1704599696455182049,D3:F4:55:AB:96:20,-52
BLE,1704599696590760452,DF:DF:EE:00:00:04,-50
BLE,1704599696840389554,D3:F4:55:AB:96:20,-54
BLE,1704599697126778749,DF:A6:DC:DC:2E:81,-58
BLE,1704599697126815499,DF:DF:EE:00:00:01,-58
BLE,1704599697413125070,D3:F4:55:AB:96:20,-52
BLE,1704599697803551982,D3:F4:55:AB:96:20,-52
BLE,1704599697862799101,DF:DF:EE:00:00:04,-55
BLE,1704599697992691768,D3:F4:55:AB:96:20,-71
BLE,1704599698185933390,D3:F4:55:AB:96:20,-52
BLE,1704599698580535551,D3:F4:55:AB:96:20,-86
BLE,1704599698768976053,D3:F4:55:AB:96:20,-53
BLE,1704599698862738705,DF:DF:EE:00:00:04,-35
BLE,1704599699350794979,D3:F4:55:AB:96:20,-67
BLE,1704599699407861787,DF:DF:EE:00:00:04,-52
BLE,1704599699545953665,D3:F4:55:AB:96:20,-71
BLE,1704599699669981182,DF:A6:DC:DC:2E:81,-72
BLE,1704599699670008723,DF:DF:EE:00:00:01,-72
BLE,1704599700310982645,D3:F4:55:AB:96:20,-71
BLE,1704599700400446881,DF:DF:EE:00:00:04,-52
BLE,1704599700502453034,D3:F4:55:AB:96:20,-66
BLE,1704599700697304305,D3:F4:55:AB:96:20,-67
BLE,1704599700860945096,DF:DF:EE:00:00:04,-51
BLE,1704599701085270033,D3:F4:55:AB:96:20,-67
BLE,1704599701472231270,D3:F4:55:AB:96:20,-68
BLE,1704599701664744357,D3:F4:55:AB:96:20,-52
BLE,1704599701850599677,D3:F4:55:AB:96:20,-52
BLE,1704599701865650027,DF:DF:EE:00:00:04,-40
BLE,1704599702213582236,DF:A6:DC:DC:2E:81,-69
BLE,1704599702213618235,DF:DF:EE:00:00:01,-69
BLE,1704599702405314747,DF:DF:EE:00:00:04,-50
BLE,1704599702420808385,D3:F4:55:AB:96:20,-70
BLE,1704599702812517908,D3:F4:55:AB:96:20,-52
BLE,1704599702865588381,DF:DF:EE:00:00:04,-50
BLE,1704599703385318674,D3:F4:55:AB:96:20,-62
BLE,1704599703767909788,D3:F4:55:AB:96:20,-66
BLE,1704599703964035589,D3:F4:55:AB:96:20,-69
BLE,1704599704139641844,DF:DF:EE:00:00:04,-55
BLE,1704599704154377864,D3:F4:55:AB:96:20,-71
BLE,1704599704534050424,D3:F4:55:AB:96:20,-68
BLE,1704599704725920517,D3:F4:55:AB:96:20,-67
BLE,1704599704756630878,DF:A6:DC:DC:2E:81,-72
BLE,1704599704756656461,DF:DF:EE:00:00:01,-72
BLE,1704599705308507977,D3:F4:55:AB:96:20,-68
BLE,1704599705414703921,DF:DF:EE:00:00:04,-52
BLE,1704599705694314142,D3:F4:55:AB:96:20,-68
BLE,1704599705886104070,D3:F4:55:AB:96:20,-70
BLE,1704599705948190869,DF:DF:EE:00:00:04,-50
BLE,1704599706078369784,D3:F4:55:AB:96:20,-68
BLE,1704599706408654793,DF:DF:EE:00:00:04,-52
BLE,1704599706956711304,DF:DF:EE:00:00:04,-55
BLE,1704599707045894960,D3:F4:55:AB:96:20,-67
BLE,1704599707243093375,D3:F4:55:AB:96:20,-68
BLE,1704599707413027061,DF:DF:EE:00:00:04,-50
BLE,1704599707439709546,D3:F4:55:AB:96:20,-71
BLE,1704599707635473684,D3:F4:55:AB:96:20,-66
BLE,1704599707829798461,D3:F4:55:AB:96:20,-67
BLE,1704599707949942642,DF:DF:EE:00:00:04,-51
BLE,1704599708413743824,DF:DF:EE:00:00:04,-55
BLE,1704599708603490021,D3:F4:55:AB:96:20,-66
BLE,1704599708798216669,D3:F4:55:AB:96:20,-68
BLE,1704599708985775222,D3:F4:55:AB:96:20,-69
BLE,1704599709180211706,D3:F4:55:AB:96:20,-67
BLE,1704599709563113276,D3:F4:55:AB:96:20,-67
BLE,1704599709749415507,D3:F4:55:AB:96:20,-68
BLE,1704599709948771735,D3:F4:55:AB:96:20,-67
BLE,1704599710143205219,D3:F4:55:AB:96:20,-71
BLE,1704599710338386529,D3:F4:55:AB:96:20,-67
BLE,1704599710532308060,D3:F4:55:AB:96:20,-68
BLE,1704599710687358144,DF:DF:EE:00:00:04,-54
BLE,1704599710727320580,D3:F4:55:AB:96:20,-71
BLE,1704599711303041192,D3:F4:55:AB:96:20,-66
BLE,1704599711498964411,D3:F4:55:AB:96:20,-68
BLE,1704599711882127895,D3:F4:55:AB:96:20,-68
BLE,1704599712070785895,D3:F4:55:AB:96:20,-68
BLE,1704599712381015228,DF:A6:DC:DC:2E:81,-72
BLE,1704599712381046853,DF:DF:EE:00:00:01,-72
BLE,1704599712456861308,D3:F4:55:AB:96:20,-71
BLE,1704599712845849650,D3:F4:55:AB:96:20,-68
BLE,1704599712954347905,DF:DF:EE:00:00:04,-52
BLE,1704599713038386820,D3:F4:55:AB:96:20,-68
BLE,1704599713228677512,D3:F4:55:AB:96:20,-67
BLE,1704599713419798571,D3:F4:55:AB:96:20,-68
BLE,1704599713494340955,DF:DF:EE:00:00:04,-52
BLE,1704599714582162311,D3:F4:55:AB:96:20,-68
BLE,1704599714775224308,D3:F4:55:AB:96:20,-71
BLE,1704599715353583435,D3:F4:55:AB:96:20,-68
BLE,1704599715549722986,D3:F4:55:AB:96:20,-67
BLE,1704599715744873130,D3:F4:55:AB:96:20,-69
BLE,1704599715771012328,DF:DF:EE:00:00:04,-66
BLE,1704599715936925096,D3:F4:55:AB:96:20,-68
BLE,1704599716134720047,D3:F4:55:AB:96:20,-67
BLE,1704599716228756237,DF:DF:EE:00:00:04,-50
BLE,1704599716518004946,D3:F4:55:AB:96:20,-67
BLE,1704599716770775517,DF:DF:EE:00:00:04,-50
BLE,1704599717285978147,D3:F4:55:AB:96:20,-52
BLE,1704599717673571962,D3:F4:55:AB:96:20,-67
BLE,1704599718636241061,D3:F4:55:AB:96:20,-66
BLE,1704599719018413679,D3:F4:55:AB:96:20,-67
BLE,1704599719040698833,DF:DF:EE:00:00:04,-50
BLE,1704599719209899693,D3:F4:55:AB:96:20,-71
BLE,1704599720010306238,DF:A6:DC:DC:2E:81,-72
BLE,1704599720010345279,DF:DF:EE:00:00:01,-72
BLE,1704599720043444783,DF:DF:EE:00:00:04,-53
BLE,1704599720171394804,D3:F4:55:AB:96:20,-67
BLE,1704599720497871309,DF:DF:EE:00:00:04,-54
BLE,1704599720753239271,D3:F4:55:AB:96:20,-66
BLE,1704599721142312696,D3:F4:55:AB:96:20,-71
BLE,1704599721498600696,DF:DF:EE:00:00:04,-50
BLE,1704599722043736987,DF:DF:EE:00:00:04,-52
BLE,1704599722292501431,D3:F4:55:AB:96:20,-69
BLE,1704599722486289464,D3:F4:55:AB:96:20,-67
BLE,1704599722500442698,DF:DF:EE:00:00:04,-54
BLE,1704599722555687149,DF:A6:DC:DC:2E:81,-72
BLE,1704599722555716107,DF:DF:EE:00:00:01,-72
BLE,1704599722679961830,D3:F4:55:AB:96:20,-68
BLE,1704599722868873161,D3:F4:55:AB:96:20,-68
BLE,1704599723066748861,D3:F4:55:AB:96:20,-67
BLE,1704599723634222680,D3:F4:55:AB:96:20,-68
BLE,1704599724104963876,DF:DF:EE:00:00:04,-51
BLE,1704599724212651598,D3:F4:55:AB:96:20,-68
BLE,1704599724542348154,DF:DF:EE:00:00:04,-52
BLE,1704599725001108137,DF:DF:EE:00:00:04,-54
BLE,1704599725378710842,D3:F4:55:AB:96:20,-68
BLE,1704599725566692641,D3:F4:55:AB:96:20,-67
BLE,1704599726140755519,D3:F4:55:AB:96:20,-71
BLE,1704599726267996546,DF:DF:EE:00:00:04,-51
BLE,1704599726335822413,D3:F4:55:AB:96:20,-66
BLE,1704599726528453832,D3:F4:55:AB:96:20,-68
BLE,1704599727486777100,D3:F4:55:AB:96:20,-69
BLE,1704599728064970187,D3:F4:55:AB:96:20,-68
BLE,1704599728253756560,D3:F4:55:AB:96:20,-71
BLE,1704599728548898627,DF:DF:EE:00:00:04,-52
BLE,1704599729029585600,D3:F4:55:AB:96:20,-68
BLE,1704599729092145770,DF:DF:EE:00:00:04,-55
BLE,1704599729218790511,D3:F4:55:AB:96:20,-71
BLE,1704599729410181984,D3:F4:55:AB:96:20,-68
BLE,1704599729596467174,D3:F4:55:AB:96:20,-68
BLE,1704599730183670755,D3:F4:55:AB:96:20,-68
BLE,1704599730542897518,DF:DF:EE:00:00:04,-50
BLE,1704599730574288164,D3:F4:55:AB:96:20,-71
BLE,1704599730768688816,D3:F4:55:AB:96:20,-67
BLE,1704599731156613794,D3:F4:55:AB:96:20,-71
BLE,1704599731462798251,DF:A6:DC:DC:2E:81,-73
BLE,1704599731462947291,DF:DF:EE:00:00:01,-73
BLE,1704599731728152238,D3:F4:55:AB:96:20,-67
BLE,1704599731915888372,D3:F4:55:AB:96:20,-66
BLE,1704599732106087441,D3:F4:55:AB:96:20,-68
BLE,1704599732293723326,D3:F4:55:AB:96:20,-66
BLE,1704599732486622242,D3:F4:55:AB:96:20,-71
BLE,1704599732867802870,D3:F4:55:AB:96:20,-70
BLE,1704599733254920148,D3:F4:55:AB:96:20,-67
BLE,1704599733623990313,DF:DF:EE:00:00:04,-50
BLE,1704599733639957863,D3:F4:55:AB:96:20,-67
BLE,1704599734215272270,D3:F4:55:AB:96:20,-70
BLE,1704599734409074594,D3:F4:55:AB:96:20,-68
BLE,1704599734987268264,D3:F4:55:AB:96:20,-67
BLE,1704599735179733351,D3:F4:55:AB:96:20,-66
BLE,1704599735355774477,DF:DF:EE:00:00:04,-51
BLE,1704599735370154292,D3:F4:55:AB:96:20,-68
BLE,1704599735559040915,D3:F4:55:AB:96:20,-68
BLE,1704599735751365212,D3:F4:55:AB:96:20,-67
BLE,1704599735894790495,DF:DF:EE:00:00:04,-58
BLE,1704599735941907985,D3:F4:55:AB:96:20,-67
BLE,1704599736321521379,D3:F4:55:AB:96:20,-66
BLE,1704599736362798885,DF:DF:EE:00:00:04,-55
BLE,1704599736900324918,DF:DF:EE:00:00:04,-54
BLE,1704599737094994817,D3:F4:55:AB:96:20,-71
BLE,1704599737288304104,D3:F4:55:AB:96:20,-68
BLE,1704599737361040381,DF:DF:EE:00:00:04,-50
BLE,1704599737482358050,D3:F4:55:AB:96:20,-69
BLE,1704599737673840147,D3:F4:55:AB:96:20,-66
BLE,1704599737898006169,DF:DF:EE:00:00:04,-50
BLE,1704599738066535578,D3:F4:55:AB:96:20,-71
BLE,1704599738361556187,DF:DF:EE:00:00:04,-55
BLE,1704599738642344438,D3:F4:55:AB:96:20,-69
BLE,1704599738839306147,D3:F4:55:AB:96:20,-68
BLE,1704599738903979255,DF:DF:EE:00:00:04,-54
BLE,1704599739361590707,DF:DF:EE:00:00:04,-50
BLE,1704599739420271332,D3:F4:55:AB:96:20,-68
BLE,1704599739607055267,D3:F4:55:AB:96:20,-67
BLE,1704599739805259297,D3:F4:55:AB:96:20,-68
BLE,1704599739898322414,DF:DF:EE:00:00:04,-50
BLE,1704599739992862891,D3:F4:55:AB:96:20,-66
BLE,1704599740365430105,DF:DF:EE:00:00:04,-55
BLE,1704599740375207966,D3:F4:55:AB:96:20,-66
BLE,1704599740566552106,D3:F4:55:AB:96:20,-67
BLE,1704599740950503332,D3:F4:55:AB:96:20,-67
BLE,1704599741141691807,D3:F4:55:AB:96:20,-68
BLE,1704599741333949979,D3:F4:55:AB:96:20,-68
BLE,1704599741527519764,D3:F4:55:AB:96:20,-71
BLE,1704599741635003112,DF:DF:EE:00:00:04,-50
BLE,1704599742175397617,DF:DF:EE:00:00:04,-50
BLE,1704599742502633864,D3:F4:55:AB:96:20,-67
BLE,1704599742638400515,DF:DF:EE:00:00:04,-55
BLE,1704599742886498841,D3:F4:55:AB:96:20,-67
BLE,1704599743660411983,D3:F4:55:AB:96:20,-66
BLE,1704599743853615521,D3:F4:55:AB:96:20,-68
BLE,1704599743908559808,DF:DF:EE:00:00:04,-50
BLE,1704599744626772962,D3:F4:55:AB:96:20,-68
BLE,1704599744819055759,D3:F4:55:AB:96:20,-68
BLE,1704599745188924292,DF:DF:EE:00:00:04,-51
BLE,1704599745200001181,D3:F4:55:AB:96:20,-71
BLE,1704599745201345918,D3:F4:55:AB:96:20,-68
BLE,1704599745390505538,D3:F4:55:AB:96:20,-68
BLE,1704599745583949907,D3:F4:55:AB:96:20,-68
BLE,1704599745726700655,DF:DF:EE:00:00:04,-50
BLE,1704599745773659647,D3:F4:55:AB:96:20,-67
BLE,1704599745963052890,D3:F4:55:AB:96:20,-71
BLE,1704599746538086925,D3:F4:55:AB:96:20,-68
BLE,1704599746733762563,D3:F4:55:AB:96:20,-67
BLE,1704599746741656360,DF:A6:DC:DC:2E:81,-73
BLE,1704599746741682526,DF:DF:EE:00:00:01,-73
BLE,1704599747181754027,DF:DF:EE:00:00:04,-54
BLE,1704599747310470207,D3:F4:55:AB:96:20,-69
BLE,1704599747688375867,D3:F4:55:AB:96:20,-68
BLE,1704599747723092231,DF:DF:EE:00:00:04,-55
BLE,1704599748269127012,D3:F4:55:AB:96:20,-68
BLE,1704599748465397228,D3:F4:55:AB:96:20,-68
BLE,1704599748659451550,D3:F4:55:AB:96:20,-69
BLE,1704599748719486995,DF:DF:EE:00:00:04,-51
BLE,1704599749041760208,D3:F4:55:AB:96:20,-71
BLE,1704599749186532353,DF:DF:EE:00:00:04,-54
BLE,1704599749285587827,DF:A6:DC:DC:2E:81,-71
BLE,1704599749285615368,DF:DF:EE:00:00:01,-71
BLE,1704599749433723063,D3:F4:55:AB:96:20,-67
BLE,1704599749621420864,D3:F4:55:AB:96:20,-68
BLE,1704599749725513996,DF:DF:EE:00:00:04,-55
BLE,1704599749811346685,D3:F4:55:AB:96:20,-71
BLE,1704599750005655920,D3:F4:55:AB:96:20,-68
BLE,1704599750390098766,D3:F4:55:AB:96:20,-68
BLE,1704599750391439711,D3:F4:55:AB:96:20,-71
BLE,1704599750774347156,D3:F4:55:AB:96:20,-71
BLE,1704599751160524901,D3:F4:55:AB:96:20,-70
BLE,1704599751349212442,D3:F4:55:AB:96:20,-68
BLE,1704599751534559892,D3:F4:55:AB:96:20,-66
BLE,1704599752110439002,D3:F4:55:AB:96:20,-67
BLE,1704599752305987559,D3:F4:55:AB:96:20,-69
BLE,1704599752501297409,D3:F4:55:AB:96:20,-66
BLE,1704599752699167484,D3:F4:55:AB:96:20,-67
BLE,1704599752739354752,DF:DF:EE:00:00:04,-55
BLE,1704599752885190052,D3:F4:55:AB:96:20,-67
BLE,1704599753107342053,DF:A6:DC:DC:2E:81,-72
BLE,1704599753107368927,DF:DF:EE:00:00:01,-72
BLE,1704599753280750038,D3:F4:55:AB:96:20,-67
BLE,1704599753473805785,D3:F4:55:AB:96:20,-71
BLE,1704599753852564771,D3:F4:55:AB:96:20,-68
BLE,1704599754006795488,DF:DF:EE:00:00:04,-50
BLE,1704599754049471106,D3:F4:55:AB:96:20,-67
BLE,1704599754236882868,D3:F4:55:AB:96:20,-68
BLE,1704599754626757869,D3:F4:55:AB:96:20,-71
BLE,1704599754821335560,D3:F4:55:AB:96:20,-67
BLE,1704599755217364749,D3:F4:55:AB:96:20,-68
BLE,1704599755650957856,DF:A6:DC:DC:2E:81,-72
BLE,1704599755650992481,DF:DF:EE:00:00:01,-72
BLE,1704599755789539604,D3:F4:55:AB:96:20,-68
BLE,1704599755823036563,DF:DF:EE:00:00:04,-54
BLE,1704599755983816631,D3:F4:55:AB:96:20,-67
BLE,1704599756172199426,D3:F4:55:AB:96:20,-67
BLE,1704599756279434277,DF:DF:EE:00:00:04,-50
BLE,1704599756369626714,D3:F4:55:AB:96:20,-68
BLE,1704599756569291729,D3:F4:55:AB:96:20,-52
BLE,1704599756762124521,D3:F4:55:AB:96:20,-70
BLE,1704599756819901989,DF:DF:EE:00:00:04,-44
BLE,1704599757279071425,DF:DF:EE:00:00:04,-53
BLE,1704599757340986143,D3:F4:55:AB:96:20,-68
BLE,1704599757822666773,DF:DF:EE:00:00:04,-53
BLE,1704599757923878558,D3:F4:55:AB:96:20,-53
BLE,1704599758122146630,D3:F4:55:AB:96:20,-63
BLE,1704599758283351027,DF:DF:EE:00:00:04,-35
BLE,1704599758507686381,D3:F4:55:AB:96:20,-67
BLE,1704599758899601695,D3:F4:55:AB:96:20,-69
BLE,1704599759280794489,D3:F4:55:AB:96:20,-71
BLE,1704599759455659126,DF:A6:DC:DC:2E:81,-73
BLE,1704599759455691293,DF:DF:EE:00:00:01,-73
BLE,1704599759556934370,DF:DF:EE:00:00:04,-55
BLE,1704599759854071917,D3:F4:55:AB:96:20,-67
BLE,1704599760041805301,D3:F4:55:AB:96:20,-67
BLE,1704599760561974215,DF:DF:EE:00:00:04,-52
BLE,1704599761000171735,D3:F4:55:AB:96:20,-67
BLE,1704599761187128627,D3:F4:55:AB:96:20,-68
BLE,1704599761382709433,D3:F4:55:AB:96:20,-67
BLE,1704599761555927170,DF:DF:EE:00:00:04,-52
BLE,1704599761568622293,D3:F4:55:AB:96:20,-68
BLE,1704599761959413035,D3:F4:55:AB:96:20,-55
BLE,1704599762000315336,DF:A6:DC:DC:2E:81,-74
BLE,1704599762000344503,DF:DF:EE:00:00:01,-74
BLE,1704599762727254487,D3:F4:55:AB:96:20,-70
BLE,1704599762829282806,DF:DF:EE:00:00:04,-34
BLE,1704599762919554784,D3:F4:55:AB:96:20,-52
BLE,1704599763304752622,D3:F4:55:AB:96:20,-52
BLE,1704599763498661778,D3:F4:55:AB:96:20,-68
BLE,1704599763693919796,D3:F4:55:AB:96:20,-71
BLE,1704599763884783691,D3:F4:55:AB:96:20,-68
BLE,1704599764081798566,D3:F4:55:AB:96:20,-66
BLE,1704599764274797815,D3:F4:55:AB:96:20,-70
BLE,1704599764644053937,DF:DF:EE:00:00:04,-55
BLE,1704599764654629998,D3:F4:55:AB:96:20,-67
BLE,1704599764849534269,D3:F4:55:AB:96:20,-68
BLE,1704599765107866202,DF:DF:EE:00:00:04,-52
BLE,1704599765424096101,D3:F4:55:AB:96:20,-71
BLE,1704599765997473194,D3:F4:55:AB:96:20,-68
BLE,1704599766185343035,D3:F4:55:AB:96:20,-68
BLE,1704599766186660772,D3:F4:55:AB:96:20,-71
BLE,1704599766375695768,DF:DF:EE:00:00:04,-55
BLE,1704599766573885715,D3:F4:55:AB:96:20,-71
BLE,1704599766951665086,D3:F4:55:AB:96:20,-71
BLE,1704599767335668228,D3:F4:55:AB:96:20,-71
BLE,1704599767646075434,DF:DF:EE:00:00:04,-51
BLE,1704599767721964805,D3:F4:55:AB:96:20,-69
BLE,1704599767913248779,D3:F4:55:AB:96:20,-67
BLE,1704599768307220947,D3:F4:55:AB:96:20,-71
BLE,1704599769071940305,D3:F4:55:AB:96:20,-69
BLE,1704599769265815128,D3:F4:55:AB:96:20,-67
BLE,1704599769458830043,D3:F4:55:AB:96:20,-67
BLE,1704599769468716153,DF:DF:EE:00:00:04,-50
BLE,1704599769847981092,D3:F4:55:AB:96:20,-67
BLE,1704599769929677697,DF:DF:EE:00:00:04,-54
BLE,1704599770466116407,DF:DF:EE:00:00:04,-52
BLE,1704599770612888032,D3:F4:55:AB:96:20,-66
BLE,1704599770927054493,DF:DF:EE:00:00:04,-50
BLE,1704599770999228567,D3:F4:55:AB:96:20,-68
BLE,1704599771189810340,D3:F4:55:AB:96:20,-68
BLE,1704599771577414529,D3:F4:55:AB:96:20,-67
BLE,1704599771772996544,D3:F4:55:AB:96:20,-71
BLE,1704599771774325447,D3:F4:55:AB:96:20,-68
BLE,1704599771969807629,D3:F4:55:AB:96:20,-71
BLE,1704599772351800291,D3:F4:55:AB:96:20,-71
BLE,1704599772737738456,D3:F4:55:AB:96:20,-71
BLE,1704599773124633111,D3:F4:55:AB:96:20,-68
BLE,1704599773475203376,DF:DF:EE:00:00:04,-51
BLE,1704599773500181045,D3:F4:55:AB:96:20,-71
BLE,1704599773691735433,D3:F4:55:AB:96:20,-67
BLE,1704599773886455331,D3:F4:55:AB:96:20,-70
BLE,1704599774077133394,D3:F4:55:AB:96:20,-67
BLE,1704599774267989622,D3:F4:55:AB:96:20,-69
BLE,1704599774457422115,D3:F4:55:AB:96:20,-67
BLE,1704599774649426206,D3:F4:55:AB:96:20,-55
BLE,1704599774750560410,DF:DF:EE:00:00:04,-54
BLE,1704599774838638243,D3:F4:55:AB:96:20,-68
BLE,1704599775026457501,D3:F4:55:AB:96:20,-66
BLE,1704599775219908328,D3:F4:55:AB:96:20,-67
BLE,1704599775296239403,DF:DF:EE:00:00:04,-51
BLE,1704599775408692952,D3:F4:55:AB:96:20,-67
BLE,1704599775598106070,D3:F4:55:AB:96:20,-70
BLE,1704599775754372600,DF:DF:EE:00:00:04,-52
BLE,1704599775788099306,D3:F4:55:AB:96:20,-67
BLE,1704599776182173640,D3:F4:55:AB:96:20,-71
BLE,1704599776375572384,D3:F4:55:AB:96:20,-68
BLE,1704599777026304125,DF:DF:EE:00:00:04,-50
BLE,1704599777147784251,D3:F4:55:AB:96:20,-69
BLE,1704599777534359034,D3:F4:55:AB:96:20,-67
BLE,1704599777561123518,DF:DF:EE:00:00:04,-54
BLE,1704599777725910297,D3:F4:55:AB:96:20,-66
BLE,1704599778031113056,DF:DF:EE:00:00:04,-55
BLE,1704599778114664892,D3:F4:55:AB:96:20,-69
BLE,1704599778309763745,D3:F4:55:AB:96:20,-62
BLE,1704599778564437130,DF:DF:EE:00:00:04,-52
BLE,1704599778699788993,D3:F4:55:AB:96:20,-71
BLE,1704599778889367859,D3:F4:55:AB:96:20,-68
BLE,1704599779076184086,D3:F4:55:AB:96:20,-67
BLE,1704599779271815100,D3:F4:55:AB:96:20,-68
BLE,1704599779466191460,D3:F4:55:AB:96:20,-70
BLE,1704599779559902237,DF:DF:EE:00:00:04,-55
BLE,1704599779658966294,D3:F4:55:AB:96:20,-68
BLE,1704599779853747817,D3:F4:55:AB:96:20,-67
BLE,1704599780021309985,DF:DF:EE:00:00:04,-50
BLE,1704599780045544410,D3:F4:55:AB:96:20,-68
BLE,1704599780237829416,D3:F4:55:AB:96:20,-67
BLE,1704599780430202379,D3:F4:55:AB:96:20,-71
BLE,1704599780622387594,D3:F4:55:AB:96:20,-67
BLE,1704599780808152039,D3:F4:55:AB:96:20,-52
BLE,1704599781003725679,D3:F4:55:AB:96:20,-68
BLE,1704599782170710581,D3:F4:55:AB:96:20,-68
BLE,1704599782359466913,DF:A6:DC:DC:2E:81,-72
BLE,1704599782359500538,DF:DF:EE:00:00:01,-72
BLE,1704599782362365176,D3:F4:55:AB:96:20,-68
BLE,1704599782574953230,DF:DF:EE:00:00:04,-55
BLE,1704599782741954862,D3:F4:55:AB:96:20,-68
BLE,1704599782936435054,D3:F4:55:AB:96:20,-68
BLE,1704599783109807123,DF:DF:EE:00:00:04,-51
BLE,1704599783126900620,D3:F4:55:AB:96:20,-52
BLE,1704599783319990909,D3:F4:55:AB:96:20,-68
BLE,1704599783509041655,D3:F4:55:AB:96:20,-67
BLE,1704599784113913727,DF:DF:EE:00:00:04,-50
BLE,1704599784470340059,D3:F4:55:AB:96:20,-67
BLE,1704599784577060666,DF:DF:EE:00:00:04,-55
BLE,1704599784900219329,DF:A6:DC:DC:2E:81,-72
BLE,1704599784900251578,DF:DF:EE:00:00:01,-72
BLE,1704599785118595742,DF:DF:EE:00:00:04,-54
BLE,1704599785240345615,D3:F4:55:AB:96:20,-68
BLE,1704599785436245293,D3:F4:55:AB:96:20,-68
BLE,1704599785622657565,D3:F4:55:AB:96:20,-66
BLE,1704599785819847564,D3:F4:55:AB:96:20,-67
BLE,1704599786112430990,DF:DF:EE:00:00:04,-54
BLE,1704599786396980453,D3:F4:55:AB:96:20,-71
BLE,1704599786579931135,DF:DF:EE:00:00:04,-62
BLE,1704599786588434717,D3:F4:55:AB:96:20,-67
BLE,1704599786778054541,D3:F4:55:AB:96:20,-70
BLE,1704599787353264199,D3:F4:55:AB:96:20,-68
BLE,1704599787443877507,DF:A6:DC:DC:2E:81,-58
BLE,1704599787443905340,DF:DF:EE:00:00:01,-58
BLE,1704599787543789972,D3:F4:55:AB:96:20,-71
BLE,1704599787738936616,D3:F4:55:AB:96:20,-67
BLE,1704599787934192551,D3:F4:55:AB:96:20,-69
BLE,1704599788322979145,D3:F4:55:AB:96:20,-68
BLE,1704599788512357138,D3:F4:55:AB:96:20,-70
BLE,1704599788845958072,DF:DF:EE:00:00:04,-52
BLE,1704599789080866029,D3:F4:55:AB:96:20,-69
BLE,1704599789276994705,D3:F4:55:AB:96:20,-71
BLE,1704599789395000866,DF:DF:EE:00:00:04,-54
BLE,1704599789468426719,D3:F4:55:AB:96:20,-68
BLE,1704599790040328410,D3:F4:55:AB:96:20,-71
BLE,1704599790229990067,D3:F4:55:AB:96:20,-68
BLE,1704599790417360413,D3:F4:55:AB:96:20,-68
BLE,1704599790611973896,D3:F4:55:AB:96:20,-68
BLE,1704599790805150476,D3:F4:55:AB:96:20,-71
BLE,1704599790852811586,DF:DF:EE:00:00:04,-52
BLE,1704599790999691834,D3:F4:55:AB:96:20,-67
BLE,1704599791189340824,D3:F4:55:AB:96:20,-71
BLE,1704599791383636060,DF:DF:EE:00:00:04,-50
BLE,1704599791848381358,DF:DF:EE:00:00:04,-55
BLE,1704599791945808014,D3:F4:55:AB:96:20,-68
BLE,1704599792137771482,D3:F4:55:AB:96:20,-68
BLE,1704599792327118225,D3:F4:55:AB:96:20,-67
BLE,1704599792519665020,D3:F4:55:AB:96:20,-68
BLE,1704599792712494561,D3:F4:55:AB:96:20,-66
BLE,1704599792904585361,D3:F4:55:AB:96:20,-68
BLE,1704599793100141417,D3:F4:55:AB:96:20,-71
BLE,1704599793293959324,D3:F4:55:AB:96:20,-68
BLE,1704599793487455151,D3:F4:55:AB:96:20,-68
BLE,1704599793679704240,D3:F4:55:AB:96:20,-68
BLE,1704599794457940631,D3:F4:55:AB:96:20,-67
BLE,1704599794644786524,D3:F4:55:AB:96:20,-68
BLE,1704599795220125139,D3:F4:55:AB:96:20,-67
BLE,1704599795400428431,DF:DF:EE:00:00:04,-55
BLE,1704599795606000346,D3:F4:55:AB:96:20,-68
BLE,1704599795801452778,D3:F4:55:AB:96:20,-71
BLE,1704599795936021149,DF:DF:EE:00:00:04,-52
BLE,1704599795994730149,D3:F4:55:AB:96:20,-68
BLE,1704599796382230048,D3:F4:55:AB:96:20,-70
BLE,1704599796577701397,D3:F4:55:AB:96:20,-66
BLE,1704599796962780320,D3:F4:55:AB:96:20,-68
BLE,1704599797351125710,D3:F4:55:AB:96:20,-71
BLE,1704599797738479152,D3:F4:55:AB:96:20,-71
BLE,1704599797739793389,D3:F4:55:AB:96:20,-68
BLE,1704599797931546817,D3:F4:55:AB:96:20,-67
BLE,1704599798310428426,D3:F4:55:AB:96:20,-67
BLE,1704599798703637727,D3:F4:55:AB:96:20,-71
BLE,1704599798960212593,DF:DF:EE:00:00:04,-63
BLE,1704599799080405691,D3:F4:55:AB:96:20,-68
BLE,1704599799271350209,D3:F4:55:AB:96:20,-67
BLE,1704599799459039052,D3:F4:55:AB:96:20,-68
BLE,1704599799499785356,DF:DF:EE:00:00:04,-54
BLE,1704599799843956060,D3:F4:55:AB:96:20,-66
BLE,1704599799955345203,DF:DF:EE:00:00:04,-50
BLE,1704599800037622011,D3:F4:55:AB:96:20,-67
BLE,1704599800231028255,D3:F4:55:AB:96:20,-55
BLE,1704599800500393995,DF:DF:EE:00:00:04,-52
BLE,1704599800615355644,D3:F4:55:AB:96:20,-71
BLE,1704599800961097791,DF:DF:EE:00:00:04,-55
BLE,1704599801191058214,D3:F4:55:AB:96:20,-68
BLE,1704599801381788693,D3:F4:55:AB:96:20,-55
BLE,1704599801572054761,D3:F4:55:AB:96:20,-68
BLE,1704599801958230381,D3:F4:55:AB:96:20,-68
BLE,1704599802150352680,D3:F4:55:AB:96:20,-67
BLE,1704599802536108763,D3:F4:55:AB:96:20,-67
BLE,1704599802722390036,D3:F4:55:AB:96:20,-66
BLE,1704599802912752478,D3:F4:55:AB:96:20,-71
BLE,1704599803109823769,D3:F4:55:AB:96:20,-71
BLE,1704599803234125325,DF:DF:EE:00:00:04,-55
BLE,1704599803495343063,D3:F4:55:AB:96:20,-71
BLE,1704599803685424507,D3:F4:55:AB:96:20,-68
BLE,1704599804265208995,D3:F4:55:AB:96:20,-67
BLE,1704599804500009786,DF:DF:EE:00:00:04,-50
BLE,1704599804650773538,D3:F4:55:AB:96:20,-67
BLE,1704599805042220481,DF:DF:EE:00:00:04,-58
BLE,1704599805416671884,D3:F4:55:AB:96:20,-67
BLE,1704599805505263920,DF:DF:EE:00:00:04,-54
BLE,1704599805602772493,D3:F4:55:AB:96:20,-52
BLE,1704599805793333974,D3:F4:55:AB:96:20,-71
BLE,1704599806383282319,D3:F4:55:AB:96:20,-67
BLE,1704599806572154984,D3:F4:55:AB:96:20,-68
BLE,1704599806784983660,DF:DF:EE:00:00:04,-54
BLE,1704599806960854496,D3:F4:55:AB:96:20,-71
BLE,1704599807154387197,D3:F4:55:AB:96:20,-67
BLE,1704599807345705796,D3:F4:55:AB:96:20,-71
BLE,1704599807347150948,D3:F4:55:AB:96:20,-68
BLE,1704599807538992125,D3:F4:55:AB:96:20,-67
BLE,1704599808115718685,D3:F4:55:AB:96:20,-52
BLE,1704599808586559880,DF:DF:EE:00:00:04,-54
BLE,1704599808694097811,D3:F4:55:AB:96:20,-70
BLE,1704599808888035467,D3:F4:55:AB:96:20,-66
BLE,1704599809084959844,D3:F4:55:AB:96:20,-67
BLE,1704599809270942537,D3:F4:55:AB:96:20,-66
BLE,1704599809854709235,D3:F4:55:AB:96:20,-68
BLE,1704599810049999794,D3:F4:55:AB:96:20,-67
BLE,1704599810239576077,D3:F4:55:AB:96:20,-66
BLE,1704599810330485215,DF:DF:EE:00:00:04,-50
BLE,1704599810350476683,DF:A6:DC:DC:2E:81,-72
BLE,1704599810350502641,DF:DF:EE:00:00:01,-72
BLE,1704599811013433636,D3:F4:55:AB:96:20,-71
BLE,1704599811203860451,D3:F4:55:AB:96:20,-68
BLE,1704599811328740127,DF:DF:EE:00:00:04,-52
BLE,1704599811394122561,D3:F4:55:AB:96:20,-71
BLE,1704599811771050856,D3:F4:55:AB:96:20,-67
BLE,1704599811871581649,DF:DF:EE:00:00:04,-54
BLE,1704599811965538965,D3:F4:55:AB:96:20,-68
BLE,1704599812151397451,D3:F4:55:AB:96:20,-67
BLE,1704599812325639886,DF:DF:EE:00:00:04,-55
BLE,1704599812346776218,D3:F4:55:AB:96:20,-68
BLE,1704599812532934826,D3:F4:55:AB:96:20,-68
BLE,1704599812725944241,D3:F4:55:AB:96:20,-68
BLE,1704599812863755121,DF:DF:EE:00:00:04,-55
BLE,1704599812916808344,D3:F4:55:AB:96:20,-69
BLE,1704599813113687762,D3:F4:55:AB:96:20,-68
BLE,1704599813306306140,D3:F4:55:AB:96:20,-69
BLE,1704599813499287055,D3:F4:55:AB:96:20,-68
BLE,1704599813690358948,D3:F4:55:AB:96:20,-71
BLE,1704599813883070949,D3:F4:55:AB:96:20,-67
BLE,1704599814080702943,D3:F4:55:AB:96:20,-68
BLE,1704599814271255424,D3:F4:55:AB:96:20,-71
BLE,1704599814663477526,D3:F4:55:AB:96:20,-69
BLE,1704599814850203171,D3:F4:55:AB:96:20,-67
BLE,1704599814864381905,DF:DF:EE:00:00:04,-55
BLE,1704599815043126753,D3:F4:55:AB:96:20,-68
BLE,1704599815235509841,D3:F4:55:AB:96:20,-68
BLE,1704599815630885162,D3:F4:55:AB:96:20,-68
BLE,1704599815816374652,D3:F4:55:AB:96:20,-67
BLE,1704599815870445573,DF:DF:EE:00:00:04,-52
BLE,1704599815933786651,DF:DF:EE:00:00:04,-51
BLE,1704599815935214804,DF:DF:EE:00:00:04,-52
BLE,1704599816202553480,D3:F4:55:AB:96:20,-68
BLE,1704599816370126398,DF:DF:EE:00:00:04,-54
BLE,1704599816400133725,D3:F4:55:AB:96:20,-68
BLE,1704599816718217814,DF:A6:DC:DC:2E:81,-72
BLE,1704599816718272396,DF:DF:EE:00:00:01,-72
BLE,1704599816780805483,D3:F4:55:AB:96:20,-67
BLE,1704599816828009597,DF:DF:EE:00:00:04,-50
BLE,1704599816970898552,D3:F4:55:AB:96:20,-71
BLE,1704599817162943810,D3:F4:55:AB:96:20,-68
BLE,1704599817356991798,D3:F4:55:AB:96:20,-71
BLE,1704599817366394747,DF:DF:EE:00:00:04,-65
BLE,1704599817552113734,D3:F4:55:AB:96:20,-67
BLE,1704599817745851600,D3:F4:55:AB:96:20,-69
BLE,1704599817830646049,DF:DF:EE:00:00:04,-52
BLE,1704599817939348802,D3:F4:55:AB:96:20,-69
BLE,1704599818315849269,D3:F4:55:AB:96:20,-66
BLE,1704599818824311716,DF:DF:EE:00:00:04,-54
BLE,1704599819093005712,D3:F4:55:AB:96:20,-67
BLE,1704599819260685004,DF:A6:DC:DC:2E:81,-73
BLE,1704599819260715462,DF:DF:EE:00:00:01,-73
BLE,1704599819285249093,D3:F4:55:AB:96:20,-66
BLE,1704599819478670254,D3:F4:55:AB:96:20,-67
BLE,1704599820055960350,D3:F4:55:AB:96:20,-71
BLE,1704599820106959218,DF:DF:EE:00:00:04,-54
BLE,1704599820443530873,D3:F4:55:AB:96:20,-67
BLE,1704599820639539092,DF:DF:EE:00:00:04,-52
BLE,1704599820830531277,D3:F4:55:AB:96:20,-68
BLE,1704599821100314679,DF:DF:EE:00:00:04,-64
BLE,1704599821407703582,D3:F4:55:AB:96:20,-71
BLE,1704599821600716414,D3:F4:55:AB:96:20,-66
BLE,1704599821801932081,DF:A6:DC:DC:2E:81,-72
BLE,1704599821801963872,DF:DF:EE:00:00:01,-72
BLE,1704599821990284542,D3:F4:55:AB:96:20,-71
BLE,1704599822104801987,DF:DF:EE:00:00:04,-52
BLE,1704599822179359121,D3:F4:55:AB:96:20,-67
BLE,1704599822367253629,D3:F4:55:AB:96:20,-69
BLE,1704599822558049483,D3:F4:55:AB:96:20,-68
BLE,1704599822745792492,D3:F4:55:AB:96:20,-68
BLE,1704599822941609982,D3:F4:55:AB:96:20,-63
BLE,1704599823318034037,D3:F4:55:AB:96:20,-55
BLE,1704599823512072723,D3:F4:55:AB:96:20,-66
BLE,1704599823707923136,D3:F4:55:AB:96:20,-62
BLE,1704599823898200910,D3:F4:55:AB:96:20,-67
BLE,1704599824278250754,D3:F4:55:AB:96:20,-66
BLE,1704599824344484533,DF:A6:DC:DC:2E:81,-73
BLE,1704599824344511033,DF:DF:EE:00:00:01,-73
BLE,1704599824850913677,D3:F4:55:AB:96:20,-71
BLE,1704599825046448053,D3:F4:55:AB:96:20,-68
BLE,1704599825238305473,D3:F4:55:AB:96:20,-52
BLE,1704599825427193430,D3:F4:55:AB:96:20,-66
BLE,1704599825653306685,DF:DF:EE:00:00:04,-34
BLE,1704599825817758230,D3:F4:55:AB:96:20,-70
BLE,1704599826008395208,D3:F4:55:AB:96:20,-67
BLE,1704599826189656674,DF:DF:EE:00:00:04,-50
BLE,1704599826199549720,D3:F4:55:AB:96:20,-71
BLE,1704599826654656695,DF:DF:EE:00:00:04,-55
BLE,1704599827157202302,D3:F4:55:AB:96:20,-66
BLE,1704599827537546851,D3:F4:55:AB:96:20,-67
BLE,1704599827735361700,D3:F4:55:AB:96:20,-67
BLE,1704599827931969354,D3:F4:55:AB:96:20,-71
BLE,1704599828123801234,D3:F4:55:AB:96:20,-52
BLE,1704599828191716451,DF:DF:EE:00:00:04,-34
BLE,1704599828323229021,D3:F4:55:AB:96:20,-63
BLE,1704599828652272568,DF:DF:EE:00:00:04,-47
BLE,1704599828707979725,D3:F4:55:AB:96:20,-66
BLE,1704599829095146191,D3:F4:55:AB:96:20,-52
BLE,1704599829198200607,DF:DF:EE:00:00:04,-39
BLE,1704599829867118694,D3:F4:55:AB:96:20,-71
BLE,1704599830193684812,DF:DF:EE:00:00:04,-50
BLE,1704599830625611735,D3:F4:55:AB:96:20,-68
BLE,1704599830653394648,DF:DF:EE:00:00:04,-52
BLE,1704599830818447811,D3:F4:55:AB:96:20,-67
BLE,1704599831004243139,D3:F4:55:AB:96:20,-68
BLE,1704599831267407819,DF:DF:EE:00:00:04,-55
BLE,1704599831688382374,DF:DF:EE:00:00:04,-52
BLE,1704599831774041418,D3:F4:55:AB:96:20,-58
BLE,1704599831970655697,D3:F4:55:AB:96:20,-67
BLE,1704599832155812450,DF:DF:EE:00:00:04,-50
BLE,1704599832166343572,D3:F4:55:AB:96:20,-68
BLE,1704599832549454337,D3:F4:55:AB:96:20,-69
BLE,1704599833116563327,D3:F4:55:AB:96:20,-68
BLE,1704599833255380350,DF:A6:DC:DC:2E:81,-75
BLE,1704599833255412350,DF:DF:EE:00:00:01,-75
BLE,1704599833500932202,D3:F4:55:AB:96:20,-67
BLE,1704599833695381800,D3:F4:55:AB:96:20,-67
BLE,1704599834081037160,D3:F4:55:AB:96:20,-66
BLE,1704599834277101904,D3:F4:55:AB:96:20,-71
BLE,1704599834699286320,DF:DF:EE:00:00:04,-34
BLE,1704599834700760552,DF:DF:EE:00:00:04,-53
BLE,1704599835048070044,D3:F4:55:AB:96:20,-68
BLE,1704599835631942831,D3:F4:55:AB:96:20,-68
BLE,1704599835819704343,D3:F4:55:AB:96:20,-63
BLE,1704599835976400024,DF:DF:EE:00:00:04,-34
BLE,1704599836206166734,D3:F4:55:AB:96:20,-66
BLE,1704599836400387793,D3:F4:55:AB:96:20,-67
BLE,1704599836586103080,D3:F4:55:AB:96:20,-68
BLE,1704599836973291254,D3:F4:55:AB:96:20,-71
BLE,1704599837079874044,DF:A6:DC:DC:2E:81,-73
BLE,1704599837079901502,DF:DF:EE:00:00:01,-73
BLE,1704599837166473992,D3:F4:55:AB:96:20,-67
BLE,1704599837357115470,D3:F4:55:AB:96:20,-71
BLE,1704599837739255039,D3:F4:55:AB:96:20,-71
BLE,1704599837929989181,D3:F4:55:AB:96:20,-69
BLE,1704599838124834774,D3:F4:55:AB:96:20,-71
BLE,1704599838313558108,D3:F4:55:AB:96:20,-68
BLE,1704599838499777805,D3:F4:55:AB:96:20,-67
BLE,1704599838695391972,D3:F4:55:AB:96:20,-68
BLE,1704599838783517694,DF:DF:EE:00:00:04,-55
BLE,1704599838881774751,D3:F4:55:AB:96:20,-68
BLE,1704599839247140982,DF:DF:EE:00:00:04,-50
BLE,1704599839781391704,DF:DF:EE:00:00:04,-50
BLE,1704599839859015762,D3:F4:55:AB:96:20,-71
BLE,1704599840049956444,D3:F4:55:AB:96:20,-69
BLE,1704599840438171647,D3:F4:55:AB:96:20,-71
BLE,1704599840633341861,D3:F4:55:AB:96:20,-68
BLE,1704599840785887009,DF:DF:EE:00:00:04,-45
BLE,1704599840826765513,D3:F4:55:AB:96:20,-70
BLE,1704599840828104872,D3:F4:55:AB:96:20,-52
BLE,1704599840903704579,DF:A6:DC:DC:2E:81,-72
BLE,1704599840903743787,DF:DF:EE:00:00:01,-72
BLE,1704599841019286301,D3:F4:55:AB:96:20,-66
BLE,1704599841249834585,DF:DF:EE:00:00:04,-50
BLE,1704599842169042175,D3:F4:55:AB:96:20,-67
BLE,1704599842555683648,D3:F4:55:AB:96:20,-69
BLE,1704599842750707697,D3:F4:55:AB:96:20,-67
BLE,1704599842948103842,D3:F4:55:AB:96:20,-67
BLE,1704599843135296778,D3:F4:55:AB:96:20,-68
BLE,1704599843327236864,D3:F4:55:AB:96:20,-67
BLE,1704599843520607100,D3:F4:55:AB:96:20,-71
BLE,1704599843788174726,DF:DF:EE:00:00:04,-50
BLE,1704599844878165660,D3:F4:55:AB:96:20,-69
BLE,1704599845066206919,DF:DF:EE:00:00:04,-51
BLE,1704599845449302726,D3:F4:55:AB:96:20,-66
BLE,1704599845645161765,D3:F4:55:AB:96:20,-67
BLE,1704599845838031965,D3:F4:55:AB:96:20,-71
BLE,1704599846030288923,D3:F4:55:AB:96:20,-68
BLE,1704599846061077007,DF:DF:EE:00:00:04,-50
BLE,1704599846222493381,D3:F4:55:AB:96:20,-71
BLE,1704599846603583296,DF:DF:EE:00:00:04,-52
BLE,1704599846799481793,D3:F4:55:AB:96:20,-66
BLE,1704599846997446264,D3:F4:55:AB:96:20,-52
BLE,1704599847186805799,D3:F4:55:AB:96:20,-66
BLE,1704599847576354861,D3:F4:55:AB:96:20,-71
BLE,1704599847958930716,D3:F4:55:AB:96:20,-69
BLE,1704599848151086592,D3:F4:55:AB:96:20,-68
BLE,1704599848879089253,DF:DF:EE:00:00:04,-52
BLE,1704599849494391408,D3:F4:55:AB:96:20,-67
BLE,1704599849686248287,D3:F4:55:AB:96:20,-71
BLE,1704599849876089024,D3:F4:55:AB:96:20,-68
BLE,1704599850069440635,D3:F4:55:AB:96:20,-61
BLE,1704599850335123243,DF:DF:EE:00:00:04,-50
BLE,1704599850445174032,D3:F4:55:AB:96:20,-66
BLE,1704599850875095021,DF:DF:EE:00:00:04,-50
BLE,1704599851019164647,D3:F4:55:AB:96:20,-71
BLE,1704599851020657962,D3:F4:55:AB:96:20,-68
BLE,1704599851208476682,D3:F4:55:AB:96:20,-68
BLE,1704599851399493071,D3:F4:55:AB:96:20,-70
BLE,1704599851784171484,D3:F4:55:AB:96:20,-71
BLE,1704599851881981880,DF:DF:EE:00:00:04,-55
BLE,1704599852161390446,D3:F4:55:AB:96:20,-70
BLE,1704599852336412363,DF:DF:EE:00:00:04,-50
BLE,1704599852881457871,DF:DF:EE:00:00:04,-52
BLE,1704599853334529870,DF:DF:EE:00:00:04,-52
BLE,1704599853501114764,D3:F4:55:AB:96:20,-68
BLE,1704599853640510322,DF:A6:DC:DC:2E:81,-74
BLE,1704599853640536613,DF:DF:EE:00:00:01,-74
BLE,1704599853686471472,D3:F4:55:AB:96:20,-68
BLE,1704599853881146484,D3:F4:55:AB:96:20,-67
BLE,1704599854068273837,D3:F4:55:AB:96:20,-67
BLE,1704599854265153739,D3:F4:55:AB:96:20,-67
BLE,1704599854459546337,D3:F4:55:AB:96:20,-71
BLE,1704599854617912164,DF:DF:EE:00:00:04,-52
BLE,1704599854649580696,D3:F4:55:AB:96:20,-68
BLE,1704599854835888685,D3:F4:55:AB:96:20,-66
BLE,1704599855027561899,D3:F4:55:AB:96:20,-68
BLE,1704599855411667194,D3:F4:55:AB:96:20,-68
BLE,1704599855600314987,D3:F4:55:AB:96:20,-67
BLE,1704599856171431970,D3:F4:55:AB:96:20,-71
BLE,1704599856361359623,D3:F4:55:AB:96:20,-67
BLE,1704599856741065888,D3:F4:55:AB:96:20,-67
BLE,1704599857324021394,D3:F4:55:AB:96:20,-67
BLE,1704599857705939966,DF:DF:EE:00:00:04,-55
BLE,1704599857707079743,D3:F4:55:AB:96:20,-68
BLE,1704599858089947262,D3:F4:55:AB:96:20,-68
BLE,1704599858163838281,DF:DF:EE:00:00:04,-50
BLE,1704599858710815349,DF:DF:EE:00:00:04,-53
BLE,1704599858845297758,D3:F4:55:AB:96:20,-71
BLE,1704599859039332069,D3:F4:55:AB:96:20,-68
BLE,1704599859171134177,DF:DF:EE:00:00:04,-54
BLE,1704599859238686357,D3:F4:55:AB:96:20,-68
BLE,1704599859432731126,D3:F4:55:AB:96:20,-71
BLE,1704599859820049466,D3:F4:55:AB:96:20,-69
BLE,1704599860397242167,D3:F4:55:AB:96:20,-71
BLE,1704599860588541428,D3:F4:55:AB:96:20,-67
BLE,1704599860704622518,DF:DF:EE:00:00:04,-50
BLE,1704599860974110788,D3:F4:55:AB:96:20,-67
BLE,1704599861170423905,DF:DF:EE:00:00:04,-54
BLE,1704599861360235559,D3:F4:55:AB:96:20,-67
BLE,1704599861753428869,D3:F4:55:AB:96:20,-68
BLE,1704599861942660029,D3:F4:55:AB:96:20,-66
BLE,1704599862331586224,D3:F4:55:AB:96:20,-71
BLE,1704599862723837796,D3:F4:55:AB:96:20,-68
BLE,1704599863295044778,D3:F4:55:AB:96:20,-67
BLE,1704599863438470328,DF:DF:EE:00:00:04,-53
BLE,1704599863678405248,D3:F4:55:AB:96:20,-67
BLE,1704599863813835562,DF:A6:DC:DC:2E:81,-72
BLE,1704599863813862770,DF:DF:EE:00:00:01,-72
BLE,1704599863872255561,D3:F4:55:AB:96:20,-67
BLE,1704599864633973230,D3:F4:55:AB:96:20,-67
BLE,1704599864826209772,D3:F4:55:AB:96:20,-52
BLE,1704599864979739908,DF:DF:EE:00:00:04,-50
BLE,1704599865439081456,DF:DF:EE:00:00:04,-53
BLE,1704599865603579126,D3:F4:55:AB:96:20,-67
BLE,1704599865793843191,D3:F4:55:AB:96:20,-52
BLE,1704599865987628005,D3:F4:55:AB:96:20,-67
BLE,1704599866175628056,D3:F4:55:AB:96:20,-68
BLE,1704599866356877314,DF:A6:DC:DC:2E:81,-72
BLE,1704599866356909063,DF:DF:EE:00:00:01,-72
BLE,1704599866367401269,D3:F4:55:AB:96:20,-67
BLE,1704599866711312385,DF:DF:EE:00:00:04,-57
BLE,1704599866756936915,D3:F4:55:AB:96:20,-68
BLE,1704599866956854404,D3:F4:55:AB:96:20,-68
BLE,1704599867248380740,DF:DF:EE:00:00:04,-55
BLE,1704599867338462730,D3:F4:55:AB:96:20,-68
BLE,1704599867526658612,D3:F4:55:AB:96:20,-66
BLE,1704599867718223453,D3:F4:55:AB:96:20,-75
BLE,1704599867904080946,D3:F4:55:AB:96:20,-67
BLE,1704599868102504329,D3:F4:55:AB:96:20,-67
BLE,1704599868477600483,D3:F4:55:AB:96:20,-71
BLE,1704599868715481679,DF:DF:EE:00:00:04,-50
BLE,1704599868864707534,D3:F4:55:AB:96:20,-67
BLE,1704599868896796186,DF:A6:DC:DC:2E:81,-74
BLE,1704599868896823602,DF:DF:EE:00:00:01,-74
BLE,1704599869051564682,D3:F4:55:AB:96:20,-68
BLE,1704599869249413905,D3:F4:55:AB:96:20,-67
BLE,1704599869707843923,DF:DF:EE:00:00:04,-50
BLE,1704599869819814647,D3:F4:55:AB:96:20,-68
BLE,1704599870014323452,D3:F4:55:AB:96:20,-68
BLE,1704599870207806644,D3:F4:55:AB:96:20,-71
BLE,1704599870245267648,DF:DF:EE:00:00:04,-50
BLE,1704599870401148964,D3:F4:55:AB:96:20,-67
BLE,1704599870786835990,D3:F4:55:AB:96:20,-67
BLE,1704599870976613144,D3:F4:55:AB:96:20,-71
BLE,1704599871168593980,D3:F4:55:AB:96:20,-68
BLE,1704599871250502819,DF:DF:EE:00:00:04,-54
BLE,1704599871365329133,D3:F4:55:AB:96:20,-67
BLE,1704599871709943241,DF:DF:EE:00:00:04,-50
BLE,1704599872129027487,D3:F4:55:AB:96:20,-52
BLE,1704599872253934970,DF:DF:EE:00:00:04,-52
BLE,1704599872319151720,D3:F4:55:AB:96:20,-68
BLE,1704599872745546585,DF:DF:EE:00:00:04,-50
BLE,1704599873213375280,DF:DF:EE:00:00:04,-49
BLE,1704599873285390948,D3:F4:55:AB:96:20,-68
BLE,1704599873681542180,D3:F4:55:AB:96:20,-67
BLE,1704599873754482919,DF:DF:EE:00:00:04,-50
BLE,1704599873871040421,D3:F4:55:AB:96:20,-66
BLE,1704599874002901737,DF:A6:DC:DC:2E:81,-72
BLE,1704599874002929736,DF:DF:EE:00:00:01,-72
BLE,1704599874066546631,D3:F4:55:AB:96:20,-67
BLE,1704599874646511715,D3:F4:55:AB:96:20,-68
BLE,1704599874745760510,DF:DF:EE:00:00:04,-50
BLE,1704599874837424355,D3:F4:55:AB:96:20,-69
BLE,1704599875026115856,D3:F4:55:AB:96:20,-71
BLE,1704599875600531632,D3:F4:55:AB:96:20,-68
BLE,1704599875752476038,DF:DF:EE:00:00:04,-55
BLE,1704599875983202861,D3:F4:55:AB:96:20,-66
BLE,1704599876215861912,DF:DF:EE:00:00:04,-52
BLE,1704599876374326780,D3:F4:55:AB:96:20,-71
BLE,1704599876547938089,DF:A6:DC:DC:2E:81,-74
BLE,1704599876547989671,DF:DF:EE:00:00:01,-74
BLE,1704599878105339806,D3:F4:55:AB:96:20,-71
BLE,1704599878293752143,D3:F4:55:AB:96:20,-67
BLE,1704599878681502019,D3:F4:55:AB:96:20,-67
BLE,1704599878757488180,DF:DF:EE:00:00:04,-52
BLE,1704599878876313904,D3:F4:55:AB:96:20,-68
BLE,1704599879066170266,D3:F4:55:AB:96:20,-67
BLE,1704599879087148303,DF:A6:DC:DC:2E:81,-76
BLE,1704599879087174386,DF:DF:EE:00:00:01,-76
BLE,1704599879263079875,D3:F4:55:AB:96:20,-67
BLE,1704599879296585718,DF:DF:EE:00:00:04,-52
BLE,1704599879448453416,D3:F4:55:AB:96:20,-69
BLE,1704599879639617054,D3:F4:55:AB:96:20,-71
BLE,1704599879754400994,DF:DF:EE:00:00:04,-54
BLE,1704599880025280788,D3:F4:55:AB:96:20,-67
BLE,1704599880215054318,D3:F4:55:AB:96:20,-68
BLE,1704599880408807299,D3:F4:55:AB:96:20,-68
BLE,1704599880595456116,D3:F4:55:AB:96:20,-68
BLE,1704599880760428697,DF:DF:EE:00:00:04,-53
BLE,1704599880791228864,D3:F4:55:AB:96:20,-68
BLE,1704599881293000689,DF:DF:EE:00:00:04,-51
BLE,1704599881370579122,D3:F4:55:AB:96:20,-71
BLE,1704599881760566929,D3:F4:55:AB:96:20,-67
BLE,1704599882296352050,DF:DF:EE:00:00:04,-55
BLE,1704599882725096095,D3:F4:55:AB:96:20,-67
BLE,1704599882759938047,DF:DF:EE:00:00:04,-50
BLE,1704599882911729620,DF:A6:DC:DC:2E:81,-73
BLE,1704599882911759703,DF:DF:EE:00:00:01,-73
BLE,1704599883109568052,D3:F4:55:AB:96:20,-68
BLE,1704599883497191929,D3:F4:55:AB:96:20,-68
BLE,1704599883694223870,D3:F4:55:AB:96:20,-52
BLE,1704599883753039156,DF:DF:EE:00:00:04,-36
BLE,1704599883887780062,D3:F4:55:AB:96:20,-55
BLE,1704599884271604402,D3:F4:55:AB:96:20,-70
BLE,1704599884460560317,D3:F4:55:AB:96:20,-67
BLE,1704599884647545463,D3:F4:55:AB:96:20,-67
BLE,1704599884844983691,D3:F4:55:AB:96:20,-67
BLE,1704599885032612455,D3:F4:55:AB:96:20,-66
BLE,1704599885033948481,D3:F4:55:AB:96:20,-71
BLE,1704599885037915349,DF:DF:EE:00:00:04,-51
BLE,1704599885230121640,D3:F4:55:AB:96:20,-68
BLE,1704599885426304509,D3:F4:55:AB:96:20,-68
BLE,1704599885568901569,DF:DF:EE:00:00:04,-50
BLE,1704599885613169740,D3:F4:55:AB:96:20,-68
BLE,1704599885801690660,D3:F4:55:AB:96:20,-71
BLE,1704599886032245777,DF:DF:EE:00:00:04,-54
BLE,1704599886178552543,D3:F4:55:AB:96:20,-67
BLE,1704599886374420373,D3:F4:55:AB:96:20,-67
BLE,1704599886560594821,D3:F4:55:AB:96:20,-68
BLE,1704599886571914350,DF:DF:EE:00:00:04,-54
BLE,1704599886755376206,D3:F4:55:AB:96:20,-68
BLE,1704599886948128825,D3:F4:55:AB:96:20,-71
BLE,1704599887032653090,DF:DF:EE:00:00:04,-50
BLE,1704599887329439112,D3:F4:55:AB:96:20,-71
BLE,1704599887524477536,D3:F4:55:AB:96:20,-68
BLE,1704599887720701070,D3:F4:55:AB:96:20,-68
BLE,1704599887906749936,D3:F4:55:AB:96:20,-68
BLE,1704599887996919175,DF:A6:DC:DC:2E:81,-71
BLE,1704599887996945841,DF:DF:EE:00:00:01,-71
BLE,1704599888035157253,DF:DF:EE:00:00:04,-66
BLE,1704599888105511357,D3:F4:55:AB:96:20,-68
BLE,1704599888290724941,D3:F4:55:AB:96:20,-66
BLE,1704599888677706910,D3:F4:55:AB:96:20,-68
BLE,1704599889064687962,D3:F4:55:AB:96:20,-71
BLE,1704599889254810404,D3:F4:55:AB:96:20,-67
BLE,1704599889302652573,DF:DF:EE:00:00:04,-50
BLE,1704599890027568772,D3:F4:55:AB:96:20,-68
BLE,1704599890300757664,DF:DF:EE:00:00:04,-49
BLE,1704599890609768037,D3:F4:55:AB:96:20,-68
BLE,1704599890842664085,DF:DF:EE:00:00:04,-52
BLE,1704599890997998949,D3:F4:55:AB:96:20,-71
BLE,1704599891192824167,D3:F4:55:AB:96:20,-66
BLE,1704599891954174340,D3:F4:55:AB:96:20,-67
BLE,1704599892145869096,D3:F4:55:AB:96:20,-69
BLE,1704599892341558554,D3:F4:55:AB:96:20,-68
BLE,1704599892580677192,DF:DF:EE:00:00:04,-55
BLE,1704599892921533429,D3:F4:55:AB:96:20,-67
BLE,1704599893084470118,DF:A6:DC:DC:2E:81,-71
BLE,1704599893084499034,DF:DF:EE:00:00:01,-71
BLE,1704599893119063281,D3:F4:55:AB:96:20,-67
BLE,1704599893308481232,D3:F4:55:AB:96:20,-67
BLE,1704599893503354616,D3:F4:55:AB:96:20,-68
BLE,1704599893692002617,D3:F4:55:AB:96:20,-66
BLE,1704599893859541541,DF:DF:EE:00:00:04,-52
BLE,1704599893882644386,D3:F4:55:AB:96:20,-71
BLE,1704599894264080005,D3:F4:55:AB:96:20,-71
BLE,1704599894399841232,DF:DF:EE:00:00:04,-52
BLE,1704599894455921051,D3:F4:55:AB:96:20,-66
BLE,1704599894646477613,D3:F4:55:AB:96:20,-71
BLE,1704599894840898211,D3:F4:55:AB:96:20,-67
BLE,1704599894857737214,DF:DF:EE:00:00:04,-54
BLE,1704599895037109287,D3:F4:55:AB:96:20,-68
BLE,1704599895228696586,D3:F4:55:AB:96:20,-69
BLE,1704599895395581351,DF:DF:EE:00:00:04,-54
BLE,1704599895419421437,D3:F4:55:AB:96:20,-67
BLE,1704599895611879642,D3:F4:55:AB:96:20,-71
BLE,1704599895629786133,DF:A6:DC:DC:2E:81,-73
BLE,1704599895629815841,DF:DF:EE:00:00:01,-73
BLE,1704599896001820200,D3:F4:55:AB:96:20,-68
BLE,1704599896573177096,D3:F4:55:AB:96:20,-67
BLE,1704599896762493090,D3:F4:55:AB:96:20,-71
BLE,1704599897153991045,D3:F4:55:AB:96:20,-68
BLE,1704599897397046136,DF:DF:EE:00:00:04,-54
BLE,1704599897539106328,D3:F4:55:AB:96:20,-66
BLE,1704599897737216131,D3:F4:55:AB:96:20,-67
BLE,1704599897860428468,DF:DF:EE:00:00:04,-52
BLE,1704599897931964892,D3:F4:55:AB:96:20,-71
BLE,1704599898392257678,DF:DF:EE:00:00:04,-50
BLE,1704599898504744896,D3:F4:55:AB:96:20,-68
BLE,1704599898697298850,D3:F4:55:AB:96:20,-71
BLE,1704599898861886602,DF:DF:EE:00:00:04,-54
BLE,1704599899079016049,D3:F4:55:AB:96:20,-71
BLE,1704599899450779702,DF:A6:DC:DC:2E:81,-58
BLE,1704599899450812077,DF:DF:EE:00:00:01,-58
BLE,1704599899459089060,D3:F4:55:AB:96:20,-71
BLE,1704599899648926463,D3:F4:55:AB:96:20,-67
BLE,1704599899835076245,D3:F4:55:AB:96:20,-67
BLE,1704599900131707185,DF:DF:EE:00:00:04,-52
BLE,1704599900221693676,D3:F4:55:AB:96:20,-71
BLE,1704599900413420807,D3:F4:55:AB:96:20,-67
BLE,1704599900667052395,DF:DF:EE:00:00:04,-50
BLE,1704599900803247491,D3:F4:55:AB:96:20,-67
BLE,1704599901127107393,DF:DF:EE:00:00:04,-52
BLE,1704599901182029434,D3:F4:55:AB:96:20,-67
BLE,1704599901574341129,D3:F4:55:AB:96:20,-70
BLE,1704599901965026220,D3:F4:55:AB:96:20,-67
BLE,1704599902126923754,DF:DF:EE:00:00:04,-50
BLE,1704599902152519068,D3:F4:55:AB:96:20,-68
BLE,1704599903115005967,D3:F4:55:AB:96:20,-67
BLE,1704599903308375202,D3:F4:55:AB:96:20,-71
BLE,1704599903395817641,DF:DF:EE:00:00:04,-52
BLE,1704599903699726826,D3:F4:55:AB:96:20,-67
BLE,1704599903886358477,D3:F4:55:AB:96:20,-68
BLE,1704599904272164043,D3:F4:55:AB:96:20,-70
BLE,1704599904464792746,D3:F4:55:AB:96:20,-67
BLE,1704599904657252451,D3:F4:55:AB:96:20,-71
BLE,1704599904847567766,D3:F4:55:AB:96:20,-68
BLE,1704599905038597863,D3:F4:55:AB:96:20,-71
BLE,1704599905211079269,DF:DF:EE:00:00:04,-50
BLE,1704599905430570229,D3:F4:55:AB:96:20,-68
BLE,1704599905618504573,D3:F4:55:AB:96:20,-68
BLE,1704599905670567316,DF:DF:EE:00:00:04,-53
BLE,1704599905814244655,D3:F4:55:AB:96:20,-67
BLE,1704599906199904098,D3:F4:55:AB:96:20,-67
BLE,1704599906394243155,D3:F4:55:AB:96:20,-69
BLE,1704599906582581285,D3:F4:55:AB:96:20,-67
BLE,1704599906776834052,D3:F4:55:AB:96:20,-68
BLE,1704599906946750947,DF:DF:EE:00:00:04,-50
BLE,1704599906968447434,D3:F4:55:AB:96:20,-66
BLE,1704599907482050865,DF:DF:EE:00:00:04,-51
BLE,1704599907553511789,D3:F4:55:AB:96:20,-68
BLE,1704599907934144210,D3:F4:55:AB:96:20,-68
BLE,1704599907943118101,DF:DF:EE:00:00:04,-52
BLE,1704599908518954818,D3:F4:55:AB:96:20,-68
BLE,1704599908714257364,D3:F4:55:AB:96:20,-67
BLE,1704599908901491757,D3:F4:55:AB:96:20,-69
BLE,1704599909090931416,D3:F4:55:AB:96:20,-69
BLE,1704599909219254066,DF:DF:EE:00:00:04,-50
BLE,1704599909283554786,D3:F4:55:AB:96:20,-67
BLE,1704599909475022669,D3:F4:55:AB:96:20,-70
BLE,1704599909644759900,DF:A6:DC:DC:2E:81,-72
BLE,1704599909644790567,DF:DF:EE:00:00:01,-72
BLE,1704599909667535124,D3:F4:55:AB:96:20,-68
BLE,1704599909863398204,D3:F4:55:AB:96:20,-67
BLE,1704599910055168876,D3:F4:55:AB:96:20,-69
BLE,1704599910244813324,D3:F4:55:AB:96:20,-68
BLE,1704599910495193492,DF:DF:EE:00:00:04,-55
BLE,1704599911015558550,D3:F4:55:AB:96:20,-67
BLE,1704599911586063582,D3:F4:55:AB:96:20,-69
BLE,1704599911771543747,DF:DF:EE:00:00:04,-55
BLE,1704599912162176671,D3:F4:55:AB:96:20,-68
BLE,1704599912305089394,DF:DF:EE:00:00:04,-52
BLE,1704599912358566620,D3:F4:55:AB:96:20,-67
BLE,1704599912746939363,D3:F4:55:AB:96:20,-67
BLE,1704599912944449174,D3:F4:55:AB:96:20,-68
BLE,1704599913139732094,D3:F4:55:AB:96:20,-70
BLE,1704599913532754240,D3:F4:55:AB:96:20,-67
BLE,1704599913718583025,D3:F4:55:AB:96:20,-66
BLE,1704599913912338631,D3:F4:55:AB:96:20,-68
BLE,1704599914482799789,D3:F4:55:AB:96:20,-67
BLE,1704599914678506455,D3:F4:55:AB:96:20,-67
BLE,1704599914873486546,D3:F4:55:AB:96:20,-71
BLE,1704599915257576966,D3:F4:55:AB:96:20,-71
BLE,1704599915637420854,D3:F4:55:AB:96:20,-71
BLE,1704599915856178490,DF:DF:EE:00:00:04,-50
BLE,1704599916028632272,D3:F4:55:AB:96:20,-67
BLE,1704599916611112200,D3:F4:55:AB:96:20,-68
BLE,1704599916805105136,D3:F4:55:AB:96:20,-71
BLE,1704599917196904505,D3:F4:55:AB:96:20,-68
BLE,1704599917391250520,D3:F4:55:AB:96:20,-71
BLE,1704599917595399709,DF:DF:EE:00:00:04,-53
BLE,1704599917779308934,D3:F4:55:AB:96:20,-75
BLE,1704599917967269194,D3:F4:55:AB:96:20,-68
BLE,1704599918164906461,D3:F4:55:AB:96:20,-68
BLE,1704599918547342401,D3:F4:55:AB:96:20,-67
BLE,1704599918736900683,D3:F4:55:AB:96:20,-68
BLE,1704599918872835866,DF:DF:EE:00:00:04,-50
BLE,1704599919321851373,D3:F4:55:AB:96:20,-67
BLE,1704599919413241556,DF:DF:EE:00:00:04,-50
BLE,1704599919513601087,D3:F4:55:AB:96:20,-67
BLE,1704599919704573769,D3:F4:55:AB:96:20,-68
BLE,1704599919868733317,DF:DF:EE:00:00:04,-52
BLE,1704599920083864206,D3:F4:55:AB:96:20,-69
BLE,1704599920274118437,D3:F4:55:AB:96:20,-71
BLE,1704599920415999923,DF:DF:EE:00:00:04,-55
BLE,1704599920468839198,D3:F4:55:AB:96:20,-68
BLE,1704599920657920945,D3:F4:55:AB:96:20,-69
BLE,1704599920853230865,D3:F4:55:AB:96:20,-68
BLE,1704599920854563182,D3:F4:55:AB:96:20,-71
BLE,1704599920869701415,DF:DF:EE:00:00:04,-51
BLE,1704599921050174182,D3:F4:55:AB:96:20,-66
BLE,1704599921247529328,D3:F4:55:AB:96:20,-68
BLE,1704599921409797608,DF:DF:EE:00:00:04,-50
BLE,1704599921436946445,D3:F4:55:AB:96:20,-66
BLE,1704599921631278419,D3:F4:55:AB:96:20,-68
BLE,1704599922017749852,D3:F4:55:AB:96:20,-68
BLE,1704599922986383884,D3:F4:55:AB:96:20,-68
BLE,1704599923176325745,D3:F4:55:AB:96:20,-71
BLE,1704599923369494358,D3:F4:55:AB:96:20,-69
BLE,1704599923559066806,D3:F4:55:AB:96:20,-71
BLE,1704599923641281600,DF:A6:DC:DC:2E:81,-73
BLE,1704599923641309933,DF:DF:EE:00:00:01,-73
BLE,1704599923923533882,DF:DF:EE:00:00:04,-54
BLE,1704599923945014912,D3:F4:55:AB:96:20,-67
BLE,1704599924132262222,D3:F4:55:AB:96:20,-68
BLE,1704599924464563021,DF:DF:EE:00:00:04,-54
BLE,1704599924699980372,D3:F4:55:AB:96:20,-68
BLE,1704599924927649108,DF:DF:EE:00:00:04,-52
BLE,1704599925460064977,DF:DF:EE:00:00:04,-44
BLE,1704599925658008949,D3:F4:55:AB:96:20,-67
BLE,1704599925847900019,D3:F4:55:AB:96:20,-66
BLE,1704599926040171518,D3:F4:55:AB:96:20,-68
BLE,1704599926179571034,DF:A6:DC:DC:2E:81,-72
BLE,1704599926179601283,DF:DF:EE:00:00:01,-72
BLE,1704599926232691472,D3:F4:55:AB:96:20,-71
BLE,1704599926616483604,D3:F4:55:AB:96:20,-55
BLE,1704599927194590836,DF:DF:EE:00:00:04,-51
BLE,1704599927572218335,D3:F4:55:AB:96:20,-69
BLE,1704599927737857407,DF:DF:EE:00:00:04,-51
BLE,1704599927739546595,DF:DF:EE:00:00:04,-52
BLE,1704599927959609298,D3:F4:55:AB:96:20,-68
BLE,1704599928153061241,D3:F4:55:AB:96:20,-67
BLE,1704599928197458535,DF:DF:EE:00:00:04,-54
BLE,1704599928722581160,D3:F4:55:AB:96:20,-66
BLE,1704599928741618137,DF:DF:EE:00:00:04,-54
BLE,1704599928917615334,D3:F4:55:AB:96:20,-67
BLE,1704599929106553374,D3:F4:55:AB:96:20,-66
BLE,1704599929875163751,D3:F4:55:AB:96:20,-66
BLE,1704599930067153295,D3:F4:55:AB:96:20,-68
BLE,1704599930254083150,D3:F4:55:AB:96:20,-67
BLE,1704599930442977399,D3:F4:55:AB:96:20,-71
BLE,1704599931014638208,D3:F4:55:AB:96:20,-68
BLE,1704599931205196353,D3:F4:55:AB:96:20,-71
BLE,1704599931267518430,DF:A6:DC:DC:2E:81,-74
BLE,1704599931267551013,DF:DF:EE:00:00:01,-74
BLE,1704599931395876913,D3:F4:55:AB:96:20,-68
BLE,1704599931582676770,D3:F4:55:AB:96:20,-68
BLE,1704599931740612311,DF:DF:EE:00:00:04,-50
BLE,1704599932160166009,D3:F4:55:AB:96:20,-68
BLE,1704599932348433765,D3:F4:55:AB:96:20,-66
BLE,1704599932537597177,D3:F4:55:AB:96:20,-71
BLE,1704599932729692428,D3:F4:55:AB:96:20,-66
BLE,1704599933310148506,D3:F4:55:AB:96:20,-67
BLE,1704599933887725036,D3:F4:55:AB:96:20,-71
BLE,1704599934029407441,DF:DF:EE:00:00:04,-54
BLE,1704599934467827993,D3:F4:55:AB:96:20,-71
BLE,1704599934562159640,DF:DF:EE:00:00:04,-52
BLE,1704599934848523080,D3:F4:55:AB:96:20,-67
BLE,1704599934849928979,D3:F4:55:AB:96:20,-70
BLE,1704599935090130438,DF:A6:DC:DC:2E:81,-74
BLE,1704599935090158604,DF:DF:EE:00:00:01,-74
BLE,1704599935241486767,D3:F4:55:AB:96:20,-68
BLE,1704599935429072615,D3:F4:55:AB:96:20,-68
BLE,1704599935622726097,D3:F4:55:AB:96:20,-67
BLE,1704599936382634580,D3:F4:55:AB:96:20,-69
BLE,1704599936771585649,D3:F4:55:AB:96:20,-68
BLE,1704599936960089611,D3:F4:55:AB:96:20,-67
BLE,1704599937150143553,D3:F4:55:AB:96:20,-71
BLE,1704599937345604930,D3:F4:55:AB:96:20,-67
BLE,1704599937536411697,D3:F4:55:AB:96:20,-68
BLE,1704599937569009135,DF:DF:EE:00:00:04,-50
BLE,1704599937635909364,DF:A6:DC:DC:2E:81,-73
BLE,1704599937635937072,DF:DF:EE:00:00:01,-73
BLE,1704599938120342400,D3:F4:55:AB:96:20,-68
BLE,1704599938313527263,D3:F4:55:AB:96:20,-68
BLE,1704599938508533478,D3:F4:55:AB:96:20,-67
BLE,1704599938694765509,D3:F4:55:AB:96:20,-68
BLE,1704599939117352379,DF:DF:EE:00:00:04,-51
BLE,1704599939272320456,D3:F4:55:AB:96:20,-69
BLE,1704599939459174687,D3:F4:55:AB:96:20,-67
BLE,1704599939577853121,DF:DF:EE:00:00:04,-48
BLE,1704599939655130183,D3:F4:55:AB:96:20,-68
BLE,1704599940179425485,DF:A6:DC:DC:2E:81,-74
BLE,1704599940179468234,DF:DF:EE:00:00:01,-74
BLE,1704599940227879313,D3:F4:55:AB:96:20,-70
BLE,1704599940612035774,D3:F4:55:AB:96:20,-71
BLE,1704599940842924763,DF:DF:EE:00:00:04,-64
BLE,1704599941184698363,D3:F4:55:AB:96:20,-67
BLE,1704599941371660593,D3:F4:55:AB:96:20,-68
BLE,1704599941566444604,D3:F4:55:AB:96:20,-67
BLE,1704599941760198085,D3:F4:55:AB:96:20,-71
BLE,1704599941955415465,D3:F4:55:AB:96:20,-68
BLE,1704599942120358129,DF:DF:EE:00:00:04,-52
BLE,1704599942146136358,D3:F4:55:AB:96:20,-71
BLE,1704599942525215672,D3:F4:55:AB:96:20,-71
BLE,1704599942655266593,DF:DF:EE:00:00:04,-50
BLE,1704599942717624503,D3:F4:55:AB:96:20,-68
BLE,1704599942720351261,DF:A6:DC:DC:2E:81,-72
BLE,1704599942720377844,DF:DF:EE:00:00:01,-72
BLE,1704599942912479429,D3:F4:55:AB:96:20,-68
BLE,1704599943105756916,D3:F4:55:AB:96:20,-67
BLE,1704599943119157711,DF:DF:EE:00:00:04,-54
BLE,1704599943490009501,D3:F4:55:AB:96:20,-71
BLE,1704599943685528627,D3:F4:55:AB:96:20,-67
BLE,1704599944066165422,D3:F4:55:AB:96:20,-67
BLE,1704599944257407059,D3:F4:55:AB:96:20,-60
BLE,1704599944643328374,D3:F4:55:AB:96:20,-71
BLE,1704599944832622034,D3:F4:55:AB:96:20,-68
BLE,1704599945021274202,D3:F4:55:AB:96:20,-71
BLE,1704599945212735127,D3:F4:55:AB:96:20,-67
BLE,1704599945410469394,D3:F4:55:AB:96:20,-67
BLE,1704599945794150069,D3:F4:55:AB:96:20,-68
BLE,1704599946176142681,D3:F4:55:AB:96:20,-67
BLE,1704599946363117453,D3:F4:55:AB:96:20,-68
BLE,1704599946562780196,D3:F4:55:AB:96:20,-68
BLE,1704599946655629277,DF:DF:EE:00:00:04,-50
BLE,1704599946748131029,D3:F4:55:AB:96:20,-68
BLE,1704599946941434265,D3:F4:55:AB:96:20,-68
BLE,1704599947327001084,D3:F4:55:AB:96:20,-68
BLE,1704599947513122908,D3:F4:55:AB:96:20,-67
BLE,1704599948483230922,D3:F4:55:AB:96:20,-66
BLE,1704599948662467371,DF:DF:EE:00:00:04,-50
BLE,1704599948675552587,D3:F4:55:AB:96:20,-67
BLE,1704599949063146798,D3:F4:55:AB:96:20,-67
BLE,1704599949086273892,DF:A6:DC:DC:2E:81,-72
BLE,1704599949086302559,DF:DF:EE:00:00:01,-72
BLE,1704599949258034432,D3:F4:55:AB:96:20,-67
BLE,1704599949447367967,D3:F4:55:AB:96:20,-66
BLE,1704599949642198226,D3:F4:55:AB:96:20,-68
BLE,1704599949935620039,DF:DF:EE:00:00:04,-55
BLE,1704599950413010202,D3:F4:55:AB:96:20,-66
BLE,1704599950609403026,D3:F4:55:AB:96:20,-68
BLE,1704599950804610781,D3:F4:55:AB:96:20,-71
BLE,1704599950993738776,D3:F4:55:AB:96:20,-63
BLE,1704599951183086894,D3:F4:55:AB:96:20,-68
BLE,1704599951209338617,DF:DF:EE:00:00:04,-52
BLE,1704599951570570773,D3:F4:55:AB:96:20,-71
BLE,1704599951631208120,DF:A6:DC:DC:2E:81,-74
BLE,1704599951631236287,DF:DF:EE:00:00:01,-74
BLE,1704599951752438857,DF:DF:EE:00:00:04,-52
BLE,1704599951760355969,D3:F4:55:AB:96:20,-67
BLE,1704599952341632954,D3:F4:55:AB:96:20,-68
BLE,1704599952531661022,D3:F4:55:AB:96:20,-66
BLE,1704599952916306977,D3:F4:55:AB:96:20,-67
BLE,1704599953113282419,D3:F4:55:AB:96:20,-67
BLE,1704599953686716707,D3:F4:55:AB:96:20,-70
BLE,1704599953875456207,D3:F4:55:AB:96:20,-68
BLE,1704599954070370841,D3:F4:55:AB:96:20,-69
BLE,1704599954263138459,D3:F4:55:AB:96:20,-68
BLE,1704599954457598265,D3:F4:55:AB:96:20,-67
BLE,1704599954645119322,D3:F4:55:AB:96:20,-66
BLE,1704599954756744883,DF:DF:EE:00:00:04,-50
BLE,1704599954835119307,D3:F4:55:AB:96:20,-71
BLE,1704599955297249238,DF:DF:EE:00:00:04,-50
BLE,1704599955795809518,D3:F4:55:AB:96:20,-66
BLE,1704599955990034494,D3:F4:55:AB:96:20,-67
BLE,1704599956180103228,D3:F4:55:AB:96:20,-55
BLE,1704599956297707800,DF:DF:EE:00:00:04,-52
BLE,1704599956560748023,D3:F4:55:AB:96:20,-68
BLE,1704599956949325806,D3:F4:55:AB:96:20,-71
BLE,1704599957526721087,D3:F4:55:AB:96:20,-67
BLE,1704599957718107639,D3:F4:55:AB:96:20,-68
BLE,1704599957910574552,D3:F4:55:AB:96:20,-68
BLE,1704599958028591953,DF:DF:EE:00:00:04,-52
BLE,1704599959077629925,D3:F4:55:AB:96:20,-67
BLE,1704599959268538857,D3:F4:55:AB:96:20,-71
BLE,1704599959308169460,DF:DF:EE:00:00:04,-52
BLE,1704599959651040547,D3:F4:55:AB:96:20,-71
BLE,1704599959652591820,D3:F4:55:AB:96:20,-67
BLE,1704599959842585388,D3:F4:55:AB:96:20,-68
BLE,1704599960040814232,D3:F4:55:AB:96:20,-67
BLE,1704599960227531340,D3:F4:55:AB:96:20,-69
BLE,1704599960422180810,D3:F4:55:AB:96:20,-67
BLE,1704599961184695553,D3:F4:55:AB:96:20,-68
BLE,1704599961379018443,D3:F4:55:AB:96:20,-71
BLE,1704599961568249229,D3:F4:55:AB:96:20,-68
BLE,1704599961584476782,DF:DF:EE:00:00:04,-52
BLE,1704599961801519606,DF:A6:DC:DC:2E:81,-73
BLE,1704599961801548564,DF:DF:EE:00:00:01,-73
BLE,1704599962127831686,DF:DF:EE:00:00:04,-61
BLE,1704599962140743029,D3:F4:55:AB:96:20,-66
BLE,1704599962532839019,D3:F4:55:AB:96:20,-67
BLE,1704599962918594835,D3:F4:55:AB:96:20,-67
BLE,1704599963121051419,DF:DF:EE:00:00:04,-54
BLE,1704599963301360897,D3:F4:55:AB:96:20,-67
BLE,1704599963487052267,D3:F4:55:AB:96:20,-67
BLE,1704599963585660320,DF:DF:EE:00:00:04,-52
BLE,1704599963872226924,D3:F4:55:AB:96:20,-68
BLE,1704599964262665351,D3:F4:55:AB:96:20,-69
BLE,1704599964454296025,D3:F4:55:AB:96:20,-68
BLE,1704599964838578067,D3:F4:55:AB:96:20,-68
BLE,1704599964850915293,DF:DF:EE:00:00:04,-54
BLE,1704599965226941269,D3:F4:55:AB:96:20,-71
BLE,1704599965388500933,DF:DF:EE:00:00:04,-51
BLE,1704599965423348468,D3:F4:55:AB:96:20,-66
BLE,1704599965619503962,D3:F4:55:AB:96:20,-68
BLE,1704599965811593588,D3:F4:55:AB:96:20,-70
BLE,1704599966005855688,D3:F4:55:AB:96:20,-68
BLE,1704599966204538942,D3:F4:55:AB:96:20,-67
BLE,1704599966596024189,D3:F4:55:AB:96:20,-67
BLE,1704599966886569745,DF:A6:DC:DC:2E:81,-72
BLE,1704599966886607287,DF:DF:EE:00:00:01,-72
BLE,1704599967561988504,D3:F4:55:AB:96:20,-68
BLE,1704599967754022547,D3:F4:55:AB:96:20,-52
BLE,1704599968409816752,DF:DF:EE:00:00:04,-55
BLE,1704599968525563222,D3:F4:55:AB:96:20,-68
BLE,1704599968717832221,D3:F4:55:AB:96:20,-71
BLE,1704599968909818265,D3:F4:55:AB:96:20,-66
BLE,1704599969104414778,D3:F4:55:AB:96:20,-67
BLE,1704599969487452711,D3:F4:55:AB:96:20,-67
BLE,1704599969676868286,DF:DF:EE:00:00:04,-51
BLE,1704599970224809384,DF:DF:EE:00:00:04,-52
BLE,1704599970262226638,D3:F4:55:AB:96:20,-68
BLE,1704599970454137350,D3:F4:55:AB:96:20,-67
BLE,1704599971038232800,D3:F4:55:AB:96:20,-68
BLE,1704599971604577716,D3:F4:55:AB:96:20,-67
BLE,1704599971675979891,DF:DF:EE:00:00:04,-50
BLE,1704599971800746043,D3:F4:55:AB:96:20,-71
BLE,1704599971993493786,D3:F4:55:AB:96:20,-67
BLE,1704599972220849401,DF:DF:EE:00:00:04,-51
BLE,1704599972383365386,D3:F4:55:AB:96:20,-71
BLE,1704599972578475726,D3:F4:55:AB:96:20,-68
BLE,1704599972684647229,DF:DF:EE:00:00:04,-55
BLE,1704599972767776261,D3:F4:55:AB:96:20,-71
BLE,1704599972962358190,D3:F4:55:AB:96:20,-68
BLE,1704599973253581071,DF:A6:DC:DC:2E:81,-72
BLE,1704599973253612238,DF:DF:EE:00:00:01,-72
BLE,1704599973343248691,D3:F4:55:AB:96:20,-68
BLE,1704599973723032705,D3:F4:55:AB:96:20,-67
BLE,1704599973912222575,D3:F4:55:AB:96:20,-71
BLE,1704599973958907592,DF:DF:EE:00:00:04,-52
BLE,1704599974103032050,D3:F4:55:AB:96:20,-67
BLE,1704599974292923412,D3:F4:55:AB:96:20,-71
BLE,1704599974484709167,D3:F4:55:AB:96:20,-67
BLE,1704599974672214973,D3:F4:55:AB:96:20,-67
BLE,1704599975063818094,D3:F4:55:AB:96:20,-71
BLE,1704599975500474043,DF:DF:EE:00:00:04,-51
BLE,1704599976209736140,D3:F4:55:AB:96:20,-71
BLE,1704599976597110438,D3:F4:55:AB:96:20,-67
BLE,1704599977175136170,D3:F4:55:AB:96:20,-71
BLE,1704599977753840853,D3:F4:55:AB:96:20,-66
BLE,1704599977949736183,D3:F4:55:AB:96:20,-68
BLE,1704599978497114662,DF:DF:EE:00:00:04,-50
BLE,1704599979036467197,DF:DF:EE:00:00:04,-51
BLE,1704599979113496679,D3:F4:55:AB:96:20,-71
BLE,1704599979308872182,D3:F4:55:AB:96:20,-68
BLE,1704599979500515730,DF:DF:EE:00:00:04,-65
BLE,1704599980087280773,D3:F4:55:AB:96:20,-67
BLE,1704599980280625259,D3:F4:55:AB:96:20,-69
BLE,1704599980475544351,D3:F4:55:AB:96:20,-68
BLE,1704599980664738138,D3:F4:55:AB:96:20,-71
BLE,1704599980776250534,DF:DF:EE:00:00:04,-52
BLE,1704599981053051340,D3:F4:55:AB:96:20,-67
BLE,1704599981246004289,D3:F4:55:AB:96:20,-69
BLE,1704599981318462118,DF:DF:EE:00:00:04,-52
BLE,1704599981626708001,D3:F4:55:AB:96:20,-67
BLE,1704599981782257070,DF:DF:EE:00:00:04,-51
BLE,1704599982015613487,D3:F4:55:AB:96:20,-69
BLE,1704599982319844210,DF:DF:EE:00:00:04,-50
BLE,1704599982390152065,D3:F4:55:AB:96:20,-67
BLE,1704599982583895171,D3:F4:55:AB:96:20,-67
BLE,1704599982972518120,D3:F4:55:AB:96:20,-68
BLE,1704599983165862189,D3:F4:55:AB:96:20,-67
BLE,1704599983933123291,D3:F4:55:AB:96:20,-68
BLE,1704599984118750829,D3:F4:55:AB:96:20,-67
BLE,1704599984309854176,D3:F4:55:AB:96:20,-71
BLE,1704599984726165871,DF:A6:DC:DC:2E:81,-73
BLE,1704599984726222579,DF:DF:EE:00:00:01,-73
BLE,1704599984887106209,D3:F4:55:AB:96:20,-67
BLE,1704599985465037318,D3:F4:55:AB:96:20,-68
BLE,1704599985656347370,D3:F4:55:AB:96:20,-70
BLE,1704599985848383664,D3:F4:55:AB:96:20,-68
BLE,1704599986231127975,D3:F4:55:AB:96:20,-68
BLE,1704599986321074758,DF:DF:EE:00:00:04,-54
BLE,1704599986424030758,D3:F4:55:AB:96:20,-71
BLE,1704599986620552039,D3:F4:55:AB:96:20,-67
BLE,1704599986815582046,D3:F4:55:AB:96:20,-67
BLE,1704599986864439578,DF:DF:EE:00:00:04,-50
BLE,1704599987003742720,D3:F4:55:AB:96:20,-66
BLE,1704599987321960482,DF:DF:EE:00:00:04,-52
BLE,1704599987385664459,D3:F4:55:AB:96:20,-68
BLE,1704599987766203755,D3:F4:55:AB:96:20,-67
BLE,1704599987964296267,D3:F4:55:AB:96:20,-67
BLE,1704599988154966244,D3:F4:55:AB:96:20,-70
BLE,1704599988346172048,D3:F4:55:AB:96:20,-67
BLE,1704599988536226949,D3:F4:55:AB:96:20,-71
BLE,1704599988596195304,DF:DF:EE:00:00:04,-51
BLE,1704599989117771888,D3:F4:55:AB:96:20,-66
BLE,1704599989593749776,DF:DF:EE:00:00:04,-52
BLE,1704599989701364636,D3:F4:55:AB:96:20,-68
BLE,1704599989814388598,DF:A6:DC:DC:2E:81,-73
BLE,1704599989814417347,DF:DF:EE:00:00:01,-73
BLE,1704599990135676989,DF:DF:EE:00:00:04,-49
BLE,1704599990591438914,DF:DF:EE:00:00:04,-64
BLE,1704599990675773057,D3:F4:55:AB:96:20,-71
BLE,1704599991053755593,D3:F4:55:AB:96:20,-69
BLE,1704599991244859273,D3:F4:55:AB:96:20,-67
BLE,1704599991433231569,D3:F4:55:AB:96:20,-68
BLE,1704599991629153524,D3:F4:55:AB:96:20,-68
BLE,1704599991824116282,D3:F4:55:AB:96:20,-71
BLE,1704599992016324657,D3:F4:55:AB:96:20,-67
BLE,1704599992788466032,D3:F4:55:AB:96:20,-71
BLE,1704599992870639076,DF:DF:EE:00:00:04,-50
BLE,1704599992983899076,D3:F4:55:AB:96:20,-68
BLE,1704599993183289947,D3:F4:55:AB:96:20,-67
BLE,1704599993407423310,DF:DF:EE:00:00:04,-54
BLE,1704599993637034564,DF:A6:DC:DC:2E:81,-72
BLE,1704599993637065980,DF:DF:EE:00:00:01,-72
BLE,1704599993866316405,DF:DF:EE:00:00:04,-50
BLE,1704599993940613045,D3:F4:55:AB:96:20,-71
BLE,1704599994133962156,D3:F4:55:AB:96:20,-67
BLE,1704599994328553418,D3:F4:55:AB:96:20,-68
BLE,1704599994712069596,D3:F4:55:AB:96:20,-68
BLE,1704599994871136289,DF:DF:EE:00:00:04,-54
BLE,1704599994898207169,D3:F4:55:AB:96:20,-74
BLE,1704599995088599858,D3:F4:55:AB:96:20,-71
BLE,1704599995475372245,D3:F4:55:AB:96:20,-67
BLE,1704599995665065442,D3:F4:55:AB:96:20,-66
BLE,1704599995859893410,D3:F4:55:AB:96:20,-67
BLE,1704599995867106406,DF:DF:EE:00:00:04,-50
BLE,1704599996048740201,D3:F4:55:AB:96:20,-68
BLE,1704599996241177531,D3:F4:55:AB:96:20,-69
BLE,1704599996403341854,DF:DF:EE:00:00:04,-50
BLE,1704599996429379246,D3:F4:55:AB:96:20,-53
BLE,1704599996810323122,D3:F4:55:AB:96:20,-66
BLE,1704599996866037320,DF:DF:EE:00:00:04,-52
BLE,1704599997008254719,D3:F4:55:AB:96:20,-68
BLE,1704599997194611331,D3:F4:55:AB:96:20,-66
BLE,1704599997463011114,DF:A6:DC:DC:2E:81,-72
BLE,1704599997463046697,DF:DF:EE:00:00:01,-72
BLE,1704599997778585866,D3:F4:55:AB:96:20,-67
BLE,1704599997968790724,D3:F4:55:AB:96:20,-70
BLE,1704599998137374302,DF:DF:EE:00:00:04,-50
BLE,1704599998356263520,D3:F4:55:AB:96:20,-67
BLE,1704599998681375239,DF:DF:EE:00:00:04,-50
BLE,1704599999142709347,DF:DF:EE:00:00:04,-55
BLE,1704599999331011561,D3:F4:55:AB:96:20,-67
BLE,1704599999720323668,D3:F4:55:AB:96:20,-71
