BLE,1704632400283385799,DF:DF:EE:00:00:04,-55
BLE,1704632400408041082,D3:F4:55:AB:96:20,-61
BLE,1704632400601585279,D3:F4:55:AB:96:20,-48
BLE,1704632400743079501,DF:DF:EE:00:00:04,-53
BLE,1704632400983221664,D3:F4:55:AB:96:20,-64
BLE,1704632401177590939,D3:F4:55:AB:96:20,-62
BLE,1704632401280890810,DF:DF:EE:00:00:04,-53
BLE,1704632401373387122,D3:F4:55:AB:96:20,-62
BLE,1704632401748780545,DF:DF:EE:00:00:04,-56
BLE,1704632402144314720,D3:F4:55:AB:96:20,-62
BLE,1704632402917704470,D3:F4:55:AB:96:20,-63
BLE,1704632403016659867,DF:DF:EE:00:00:04,-54
BLE,1704632403111817079,D3:F4:55:AB:96:20,-64
BLE,1704632403868638597,DF:A6:DC:DC:2E:81,-82
BLE,1704632403868682013,DF:DF:EE:00:00:01,-82
BLE,1704632403883688755,D3:F4:55:AB:96:20,-63
BLE,1704632404070697325,D3:F4:55:AB:96:20,-48
BLE,1704632404270307776,D3:F4:55:AB:96:20,-64
BLE,1704632404299684597,DF:DF:EE:00:00:04,-54
BLE,1704632404645942948,D3:F4:55:AB:96:20,-64
BLE,1704632405412496448,D3:F4:55:AB:96:20,-48
BLE,1704632405567741211,DF:DF:EE:00:00:04,-53
BLE,1704632405977032927,D3:F4:55:AB:96:20,-62
BLE,1704632406413683269,DF:A6:DC:DC:2E:81,-79
BLE,1704632406413722560,DF:DF:EE:00:00:01,-79
BLE,1704632406562101365,D3:F4:55:AB:96:20,-64
BLE,1704632406566425131,DF:DF:EE:00:00:04,-51
BLE,1704632406752214749,D3:F4:55:AB:96:20,-63
BLE,1704632407109399908,DF:DF:EE:00:00:04,-54
BLE,1704632407134964461,D3:F4:55:AB:96:20,-62
BLE,1704632407530442720,D3:F4:55:AB:96:20,-63
BLE,1704632407569909604,DF:DF:EE:00:00:04,-54
BLE,1704632407921855837,D3:F4:55:AB:96:20,-63
BLE,1704632408110608854,DF:DF:EE:00:00:04,-54
BLE,1704632408114655330,D3:F4:55:AB:96:20,-63
BLE,1704632408302273896,D3:F4:55:AB:96:20,-63
BLE,1704632408492231323,D3:F4:55:AB:96:20,-64
BLE,1704632408880561000,D3:F4:55:AB:96:20,-63
BLE,1704632409069366809,D3:F4:55:AB:96:20,-63
BLE,1704632409107725325,DF:DF:EE:00:00:04,-55
BLE,1704632409260157897,D3:F4:55:AB:96:20,-63
BLE,1704632409448447126,D3:F4:55:AB:96:20,-61
BLE,1704632410109299186,DF:DF:EE:00:00:04,-53
BLE,1704632410222678496,D3:F4:55:AB:96:20,-62
BLE,1704632410567283564,DF:DF:EE:00:00:04,-55
BLE,1704632410982370454,D3:F4:55:AB:96:20,-61
BLE,1704632411179047340,D3:F4:55:AB:96:20,-63
BLE,1704632411557671326,D3:F4:55:AB:96:20,-63
BLE,1704632411746768508,D3:F4:55:AB:96:20,-61
BLE,1704632412136525219,D3:F4:55:AB:96:20,-62
BLE,1704632412328554883,D3:F4:55:AB:96:20,-63
BLE,1704632412524928521,D3:F4:55:AB:96:20,-64
BLE,1704632412713259457,D3:F4:55:AB:96:20,-61
BLE,1704632412910621256,D3:F4:55:AB:96:20,-63
BLE,1704632413096787706,D3:F4:55:AB:96:20,-62
BLE,1704632413128319264,DF:DF:EE:00:00:04,-54
BLE,1704632413289102952,D3:F4:55:AB:96:20,-64
BLE,1704632413656814171,DF:DF:EE:00:00:04,-53
BLE,1704632414249404730,D3:F4:55:AB:96:20,-62
BLE,1704632414440117402,D3:F4:55:AB:96:20,-58
BLE,1704632415118950061,DF:DF:EE:00:00:04,-70
BLE,1704632415208375642,D3:F4:55:AB:96:20,-61
BLE,1704632415402442960,D3:F4:55:AB:96:20,-62
BLE,1704632415591029854,D3:F4:55:AB:96:20,-62
BLE,1704632415657930405,DF:DF:EE:00:00:04,-48
BLE,1704632415790950053,D3:F4:55:AB:96:20,-62
BLE,1704632416172250398,D3:F4:55:AB:96:20,-48
BLE,1704632416556059728,D3:F4:55:AB:96:20,-47
BLE,1704632416667005761,DF:DF:EE:00:00:04,-56
BLE,1704632416938186069,D3:F4:55:AB:96:20,-48
BLE,1704632417323159933,D3:F4:55:AB:96:20,-63
BLE,1704632417520726772,D3:F4:55:AB:96:20,-62
BLE,1704632417709013501,D3:F4:55:AB:96:20,-61
BLE,1704632417868668779,DF:A6:DC:DC:2E:81,-83
BLE,1704632417868682529,DF:DF:EE:00:00:01,-83
BLE,1704632418119384752,DF:DF:EE:00:00:04,-53
BLE,1704632418662613028,DF:DF:EE:00:00:04,-53
BLE,1704632418677206065,D3:F4:55:AB:96:20,-62
BLE,1704632419061397850,D3:F4:55:AB:96:20,-61
BLE,1704632419166297129,DF:DF:EE:00:00:04,-55
BLE,1704632419255207129,D3:F4:55:AB:96:20,-64
BLE,1704632419449104407,D3:F4:55:AB:96:20,-64
BLE,1704632419625578041,DF:DF:EE:00:00:04,-50
BLE,1704632420023216453,D3:F4:55:AB:96:20,-61
BLE,1704632420158747128,DF:DF:EE:00:00:04,-53
BLE,1704632420217684727,D3:F4:55:AB:96:20,-64
BLE,1704632420409507518,D3:F4:55:AB:96:20,-62
BLE,1704632420604577747,D3:F4:55:AB:96:20,-62
BLE,1704632420799574851,D3:F4:55:AB:96:20,-64
BLE,1704632420993013424,D3:F4:55:AB:96:20,-62
BLE,1704632421188384734,D3:F4:55:AB:96:20,-59
BLE,1704632421958808127,D3:F4:55:AB:96:20,-62
BLE,1704632422344680278,D3:F4:55:AB:96:20,-48
BLE,1704632422895646549,DF:DF:EE:00:00:04,-51
BLE,1704632423293246336,D3:F4:55:AB:96:20,-64
BLE,1704632423681069767,D3:F4:55:AB:96:20,-64
BLE,1704632424055772152,D3:F4:55:AB:96:20,-61
BLE,1704632424164149617,DF:DF:EE:00:00:04,-53
BLE,1704632425201731300,D3:F4:55:AB:96:20,-62
BLE,1704632425580819034,D3:F4:55:AB:96:20,-48
BLE,1704632425705796731,DF:DF:EE:00:00:04,-44
BLE,1704632425780472985,D3:F4:55:AB:96:20,-63
BLE,1704632426169127077,D3:F4:55:AB:96:20,-62
BLE,1704632426551820997,D3:F4:55:AB:96:20,-47
BLE,1704632427125588796,D3:F4:55:AB:96:20,-48
BLE,1704632427712175850,D3:F4:55:AB:96:20,-64
BLE,1704632427985388895,DF:DF:EE:00:00:04,-56
BLE,1704632428453083839,DF:DF:EE:00:00:04,-56
BLE,1704632428674547907,D3:F4:55:AB:96:20,-64
BLE,1704632428984067189,DF:DF:EE:00:00:04,-53
BLE,1704632428985497722,DF:DF:EE:00:00:04,-54
BLE,1704632429055253339,D3:F4:55:AB:96:20,-48
BLE,1704632429338427865,DF:A6:DC:DC:2E:81,-82
BLE,1704632429338463782,DF:DF:EE:00:00:01,-82
BLE,1704632429446032002,DF:DF:EE:00:00:04,-56
BLE,1704632430395770886,D3:F4:55:AB:96:20,-63
BLE,1704632430595608545,D3:F4:55:AB:96:20,-64
BLE,1704632430783080653,D3:F4:55:AB:96:20,-61
BLE,1704632431166000155,D3:F4:55:AB:96:20,-62
BLE,1704632432146339270,D3:F4:55:AB:96:20,-62
BLE,1704632432333183258,D3:F4:55:AB:96:20,-52
BLE,1704632432716748756,D3:F4:55:AB:96:20,-62
BLE,1704632433479459487,D3:F4:55:AB:96:20,-62
BLE,1704632434057539635,D3:F4:55:AB:96:20,-63
BLE,1704632434724999696,DF:DF:EE:00:00:04,-55
BLE,1704632434824758714,D3:F4:55:AB:96:20,-64
BLE,1704632435206736013,D3:F4:55:AB:96:20,-64
BLE,1704632435393987248,D3:F4:55:AB:96:20,-48
BLE,1704632435590096554,D3:F4:55:AB:96:20,-48
BLE,1704632435725340314,DF:DF:EE:00:00:04,-55
BLE,1704632435972970556,D3:F4:55:AB:96:20,-64
BLE,1704632436158457969,D3:F4:55:AB:96:20,-61
BLE,1704632436356616054,D3:F4:55:AB:96:20,-53
BLE,1704632436553901186,D3:F4:55:AB:96:20,-64
BLE,1704632436734846460,DF:DF:EE:00:00:04,-54
BLE,1704632436937317977,D3:F4:55:AB:96:20,-62
BLE,1704632437262306082,DF:DF:EE:00:00:04,-70
BLE,1704632438108740470,D3:F4:55:AB:96:20,-64
BLE,1704632438500424127,D3:F4:55:AB:96:20,-61
BLE,1704632438693139954,D3:F4:55:AB:96:20,-63
BLE,1704632438726806916,DF:DF:EE:00:00:04,-54
BLE,1704632438882582467,D3:F4:55:AB:96:20,-63
BLE,1704632439074335300,D3:F4:55:AB:96:20,-64
BLE,1704632439265821051,D3:F4:55:AB:96:20,-63
BLE,1704632439654780933,D3:F4:55:AB:96:20,-48
BLE,1704632439844267446,D3:F4:55:AB:96:20,-64
BLE,1704632440030457395,D3:F4:55:AB:96:20,-63
BLE,1704632440223733802,D3:F4:55:AB:96:20,-62
BLE,1704632440409504921,D3:F4:55:AB:96:20,-61
BLE,1704632440599929220,D3:F4:55:AB:96:20,-62
BLE,1704632440791365513,D3:F4:55:AB:96:20,-62
BLE,1704632440982803264,D3:F4:55:AB:96:20,-62
BLE,1704632440996406848,DF:DF:EE:00:00:04,-39
BLE,1704632441366762010,D3:F4:55:AB:96:20,-62
BLE,1704632441544514886,DF:DF:EE:00:00:04,-55
BLE,1704632441745977493,D3:F4:55:AB:96:20,-62
BLE,1704632441936557041,D3:F4:55:AB:96:20,-64
BLE,1704632442054712530,DF:A6:DC:DC:2E:81,-83
BLE,1704632442054733988,DF:DF:EE:00:00:01,-83
BLE,1704632442123767234,D3:F4:55:AB:96:20,-63
BLE,1704632442517662461,D3:F4:55:AB:96:20,-63
BLE,1704632443090896054,D3:F4:55:AB:96:20,-69
BLE,1704632443284600209,D3:F4:55:AB:96:20,-63
BLE,1704632443536548383,DF:DF:EE:00:00:04,-54
BLE,1704632443674458502,D3:F4:55:AB:96:20,-63
BLE,1704632443866302917,D3:F4:55:AB:96:20,-59
BLE,1704632444056166261,D3:F4:55:AB:96:20,-62
BLE,1704632444251033366,D3:F4:55:AB:96:20,-63
BLE,1704632444444373189,D3:F4:55:AB:96:20,-62
BLE,1704632444538301701,DF:DF:EE:00:00:04,-56
BLE,1704632444821980224,D3:F4:55:AB:96:20,-62
BLE,1704632445000826551,DF:DF:EE:00:00:04,-53
BLE,1704632445204995517,D3:F4:55:AB:96:20,-61
BLE,1704632445396121645,D3:F4:55:AB:96:20,-64
BLE,1704632445588410932,D3:F4:55:AB:96:20,-62
BLE,1704632445613850028,DF:DF:EE:00:00:04,-40
BLE,1704632446170966386,D3:F4:55:AB:96:20,-62
BLE,1704632446562439752,D3:F4:55:AB:96:20,-53
BLE,1704632446948598776,D3:F4:55:AB:96:20,-64
BLE,1704632447325656606,D3:F4:55:AB:96:20,-62
BLE,1704632447710891469,D3:F4:55:AB:96:20,-64
BLE,1704632448298538599,D3:F4:55:AB:96:20,-64
BLE,1704632448322879035,DF:DF:EE:00:00:04,-72
BLE,1704632448421184561,DF:A6:DC:DC:2E:81,-84
BLE,1704632448421217061,DF:DF:EE:00:00:01,-84
BLE,1704632448779599546,DF:DF:EE:00:00:04,-55
BLE,1704632449065536263,D3:F4:55:AB:96:20,-47
BLE,1704632449255435232,D3:F4:55:AB:96:20,-48
BLE,1704632449638029528,D3:F4:55:AB:96:20,-58
BLE,1704632449834158917,D3:F4:55:AB:96:20,-64
BLE,1704632450020302659,D3:F4:55:AB:96:20,-57
BLE,1704632450777026427,DF:DF:EE:00:00:04,-54
BLE,1704632451167810131,D3:F4:55:AB:96:20,-62
BLE,1704632451744158413,D3:F4:55:AB:96:20,-63
BLE,1704632452131770137,D3:F4:55:AB:96:20,-62
BLE,1704632452246094858,DF:A6:DC:DC:2E:81,-84
BLE,1704632452246132607,DF:DF:EE:00:00:01,-84
BLE,1704632452313879028,DF:DF:EE:00:00:04,-54
BLE,1704632452328158400,D3:F4:55:AB:96:20,-62
BLE,1704632452514405724,D3:F4:55:AB:96:20,-61
BLE,1704632452817353838,DF:DF:EE:00:00:04,-44
BLE,1704632452901365577,D3:F4:55:AB:96:20,-48
BLE,1704632453095214605,D3:F4:55:AB:96:20,-64
BLE,1704632453283927914,D3:F4:55:AB:96:20,-61
BLE,1704632453481588336,D3:F4:55:AB:96:20,-62
BLE,1704632453676572899,D3:F4:55:AB:96:20,-47
BLE,1704632453816230048,DF:DF:EE:00:00:04,-55
BLE,1704632454059969356,D3:F4:55:AB:96:20,-64
BLE,1704632454248968330,D3:F4:55:AB:96:20,-63
BLE,1704632454274453175,DF:DF:EE:00:00:04,-47
BLE,1704632454441735573,D3:F4:55:AB:96:20,-64
BLE,1704632454628912517,D3:F4:55:AB:96:20,-61
BLE,1704632454788260297,DF:A6:DC:DC:2E:81,-85
BLE,1704632454788296797,DF:DF:EE:00:00:01,-85
BLE,1704632454817260996,DF:DF:EE:00:00:04,-55
BLE,1704632454825735611,D3:F4:55:AB:96:20,-64
BLE,1704632455206606917,D3:F4:55:AB:96:20,-64
BLE,1704632455278575604,DF:DF:EE:00:00:04,-56
BLE,1704632455393236697,D3:F4:55:AB:96:20,-48
BLE,1704632455818487358,DF:DF:EE:00:00:04,-45
BLE,1704632456167876064,D3:F4:55:AB:96:20,-62
BLE,1704632456542514742,D3:F4:55:AB:96:20,-61
BLE,1704632457332816430,DF:A6:DC:DC:2E:81,-84
BLE,1704632457332857138,DF:DF:EE:00:00:01,-84
BLE,1704632457505965126,D3:F4:55:AB:96:20,-64
BLE,1704632457693650275,D3:F4:55:AB:96:20,-64
BLE,1704632457816512652,DF:DF:EE:00:00:04,-52
BLE,1704632458088328997,D3:F4:55:AB:96:20,-47
BLE,1704632458275284401,D3:F4:55:AB:96:20,-61
BLE,1704632458472637033,D3:F4:55:AB:96:20,-63
BLE,1704632459050890345,D3:F4:55:AB:96:20,-64
BLE,1704632459280961445,DF:DF:EE:00:00:04,-56
BLE,1704632459437089119,D3:F4:55:AB:96:20,-64
BLE,1704632459817059973,DF:DF:EE:00:00:04,-53
BLE,1704632460580169535,D3:F4:55:AB:96:20,-48
BLE,1704632461161657286,D3:F4:55:AB:96:20,-64
BLE,1704632461358088549,D3:F4:55:AB:96:20,-61
BLE,1704632461549667091,D3:F4:55:AB:96:20,-62
BLE,1704632461744873652,D3:F4:55:AB:96:20,-62
BLE,1704632461936555944,D3:F4:55:AB:96:20,-48
BLE,1704632462122468187,D3:F4:55:AB:96:20,-63
BLE,1704632462413824955,DF:A6:DC:DC:2E:81,-83
BLE,1704632462413855079,DF:DF:EE:00:00:01,-83
BLE,1704632462512563853,D3:F4:55:AB:96:20,-63
BLE,1704632463092784321,DF:DF:EE:00:00:04,-53
BLE,1704632463289751663,D3:F4:55:AB:96:20,-63
BLE,1704632463553768181,DF:DF:EE:00:00:04,-40
BLE,1704632463866611360,D3:F4:55:AB:96:20,-53
BLE,1704632464057639822,D3:F4:55:AB:96:20,-62
BLE,1704632465092259273,DF:DF:EE:00:00:04,-47
BLE,1704632465403402878,D3:F4:55:AB:96:20,-63
BLE,1704632465557212025,DF:DF:EE:00:00:04,-55
BLE,1704632466100740216,DF:DF:EE:00:00:04,-55
BLE,1704632466175181221,D3:F4:55:AB:96:20,-61
BLE,1704632466369870161,D3:F4:55:AB:96:20,-63
BLE,1704632466551881095,DF:DF:EE:00:00:04,-40
BLE,1704632466557589893,D3:F4:55:AB:96:20,-63
BLE,1704632467137496071,D3:F4:55:AB:96:20,-63
BLE,1704632467716750461,D3:F4:55:AB:96:20,-64
BLE,1704632468094117164,DF:DF:EE:00:00:04,-55
BLE,1704632468287370362,D3:F4:55:AB:96:20,-63
BLE,1704632468479048778,D3:F4:55:AB:96:20,-64
BLE,1704632468871105433,D3:F4:55:AB:96:20,-62
BLE,1704632469326568660,DF:DF:EE:00:00:04,-54
BLE,1704632469445144272,D3:F4:55:AB:96:20,-62
BLE,1704632469637893306,D3:F4:55:AB:96:20,-62
BLE,1704632470020548768,D3:F4:55:AB:96:20,-61
BLE,1704632470214790628,D3:F4:55:AB:96:20,-53
BLE,1704632470598400375,D3:F4:55:AB:96:20,-64
BLE,1704632470601407690,DF:DF:EE:00:00:04,-54
BLE,1704632470789283755,D3:F4:55:AB:96:20,-57
BLE,1704632470979731470,D3:F4:55:AB:96:20,-62
BLE,1704632471174522493,D3:F4:55:AB:96:20,-64
BLE,1704632471324737037,DF:A6:DC:DC:2E:81,-83
BLE,1704632471324771953,DF:DF:EE:00:00:01,-83
BLE,1704632471560895349,D3:F4:55:AB:96:20,-62
BLE,1704632471754228255,D3:F4:55:AB:96:20,-48
BLE,1704632471871590457,DF:DF:EE:00:00:04,-57
BLE,1704632471946768083,D3:F4:55:AB:96:20,-59
BLE,1704632472133765278,D3:F4:55:AB:96:20,-62
BLE,1704632472703505767,D3:F4:55:AB:96:20,-62
BLE,1704632473094771219,D3:F4:55:AB:96:20,-58
BLE,1704632474262447193,D3:F4:55:AB:96:20,-64
BLE,1704632474410094794,DF:DF:EE:00:00:04,-53
BLE,1704632474645105072,D3:F4:55:AB:96:20,-62
BLE,1704632475032581004,D3:F4:55:AB:96:20,-63
BLE,1704632475609899864,D3:F4:55:AB:96:20,-64
BLE,1704632475991905247,D3:F4:55:AB:96:20,-62
BLE,1704632476146760804,DF:DF:EE:00:00:04,-40
BLE,1704632476183600372,D3:F4:55:AB:96:20,-64
BLE,1704632477144507522,DF:DF:EE:00:00:04,-51
BLE,1704632478146750753,DF:DF:EE:00:00:04,-55
BLE,1704632478302086557,D3:F4:55:AB:96:20,-62
BLE,1704632478496528832,D3:F4:55:AB:96:20,-63
BLE,1704632478691653061,D3:F4:55:AB:96:20,-62
BLE,1704632478887301328,D3:F4:55:AB:96:20,-63
BLE,1704632479084404753,D3:F4:55:AB:96:20,-64
BLE,1704632479137468888,DF:DF:EE:00:00:04,-53
BLE,1704632479466758633,D3:F4:55:AB:96:20,-63
BLE,1704632479851497416,D3:F4:55:AB:96:20,-63
BLE,1704632480040122684,D3:F4:55:AB:96:20,-62
BLE,1704632480145212961,DF:DF:EE:00:00:04,-47
BLE,1704632480234445501,D3:F4:55:AB:96:20,-48
BLE,1704632480683848348,DF:DF:EE:00:00:04,-55
BLE,1704632481016205450,D3:F4:55:AB:96:20,-63
BLE,1704632481397442795,D3:F4:55:AB:96:20,-47
BLE,1704632481788353791,D3:F4:55:AB:96:20,-63
BLE,1704632482178896955,D3:F4:55:AB:96:20,-62
BLE,1704632482372192736,D3:F4:55:AB:96:20,-62
BLE,1704632482566722927,D3:F4:55:AB:96:20,-64
BLE,1704632482756549813,D3:F4:55:AB:96:20,-61
BLE,1704632482777307228,DF:A6:DC:DC:2E:81,-84
BLE,1704632482777318395,DF:DF:EE:00:00:01,-84
BLE,1704632482948937808,D3:F4:55:AB:96:20,-48
BLE,1704632483140631891,D3:F4:55:AB:96:20,-64
BLE,1704632483527739909,D3:F4:55:AB:96:20,-64
BLE,1704632483723974965,D3:F4:55:AB:96:20,-48
BLE,1704632483917965242,D3:F4:55:AB:96:20,-64
BLE,1704632484107141840,D3:F4:55:AB:96:20,-61
BLE,1704632484190431125,DF:DF:EE:00:00:04,-56
BLE,1704632485195620297,DF:DF:EE:00:00:04,-55
BLE,1704632485448165884,D3:F4:55:AB:96:20,-64
BLE,1704632486803706965,D3:F4:55:AB:96:20,-63
BLE,1704632487387314495,D3:F4:55:AB:96:20,-63
BLE,1704632487573899109,D3:F4:55:AB:96:20,-61
BLE,1704632487861701315,DF:A6:DC:DC:2E:81,-83
BLE,1704632487861716606,DF:DF:EE:00:00:01,-83
BLE,1704632488337978540,D3:F4:55:AB:96:20,-61
BLE,1704632488908060820,D3:F4:55:AB:96:20,-64
BLE,1704632489679209750,D3:F4:55:AB:96:20,-64
BLE,1704632490261463913,D3:F4:55:AB:96:20,-64
BLE,1704632490968749357,DF:DF:EE:00:00:04,-54
BLE,1704632491020096669,D3:F4:55:AB:96:20,-48
BLE,1704632491399077362,D3:F4:55:AB:96:20,-61
BLE,1704632491589313329,D3:F4:55:AB:96:20,-64
BLE,1704632491688875473,DF:A6:DC:DC:2E:81,-83
BLE,1704632491688889889,DF:DF:EE:00:00:01,-83
BLE,1704632491966038244,D3:F4:55:AB:96:20,-63
BLE,1704632492249692100,DF:DF:EE:00:00:04,-54
BLE,1704632492356923697,D3:F4:55:AB:96:20,-62
BLE,1704632492553410793,D3:F4:55:AB:96:20,-62
BLE,1704632493130597404,D3:F4:55:AB:96:20,-63
BLE,1704632493326501669,D3:F4:55:AB:96:20,-64
BLE,1704632493518543583,DF:DF:EE:00:00:04,-55
BLE,1704632493708912549,D3:F4:55:AB:96:20,-53
BLE,1704632493904370318,D3:F4:55:AB:96:20,-63
BLE,1704632494481895177,D3:F4:55:AB:96:20,-62
BLE,1704632495065568540,D3:F4:55:AB:96:20,-62
BLE,1704632495493859682,DF:A6:DC:DC:2E:81,-83
BLE,1704632495493895265,DF:DF:EE:00:00:01,-83
BLE,1704632495647952619,D3:F4:55:AB:96:20,-48
BLE,1704632495841901813,D3:F4:55:AB:96:20,-74
BLE,1704632496414865742,D3:F4:55:AB:96:20,-48
BLE,1704632496802896004,D3:F4:55:AB:96:20,-62
BLE,1704632496994720253,D3:F4:55:AB:96:20,-62
BLE,1704632497182275236,D3:F4:55:AB:96:20,-57
BLE,1704632497375757225,D3:F4:55:AB:96:20,-59
BLE,1704632497621122606,DF:DF:EE:00:00:04,-56
BLE,1704632497950718058,D3:F4:55:AB:96:20,-62
BLE,1704632498035742207,DF:A6:DC:DC:2E:81,-83
BLE,1704632498035757832,DF:DF:EE:00:00:01,-83
BLE,1704632498079267650,DF:DF:EE:00:00:04,-53
BLE,1704632498145985536,D3:F4:55:AB:96:20,-48
BLE,1704632498723153397,D3:F4:55:AB:96:20,-63
BLE,1704632499104401492,D3:F4:55:AB:96:20,-71
BLE,1704632499674564229,D3:F4:55:AB:96:20,-57
BLE,1704632500062693116,D3:F4:55:AB:96:20,-64
BLE,1704632500347316884,DF:DF:EE:00:00:04,-56
BLE,1704632500441079604,D3:F4:55:AB:96:20,-61
BLE,1704632500576210907,DF:A6:DC:DC:2E:81,-83
BLE,1704632500576241240,DF:DF:EE:00:00:01,-83
BLE,1704632500637665741,D3:F4:55:AB:96:20,-63
BLE,1704632500826462800,D3:F4:55:AB:96:20,-64
BLE,1704632501024164096,D3:F4:55:AB:96:20,-57
BLE,1704632501214493937,D3:F4:55:AB:96:20,-48
BLE,1704632501595514034,D3:F4:55:AB:96:20,-63
BLE,1704632501791436300,D3:F4:55:AB:96:20,-57
BLE,1704632501988101769,D3:F4:55:AB:96:20,-59
BLE,1704632502372875052,D3:F4:55:AB:96:20,-64
BLE,1704632502762798761,D3:F4:55:AB:96:20,-63
BLE,1704632502955956293,D3:F4:55:AB:96:20,-48
BLE,1704632503121411703,DF:A6:DC:DC:2E:81,-71
BLE,1704632503121444661,DF:DF:EE:00:00:01,-71
BLE,1704632503346548249,DF:DF:EE:00:00:04,-53
BLE,1704632503527041441,D3:F4:55:AB:96:20,-63
BLE,1704632503720142141,D3:F4:55:AB:96:20,-63
BLE,1704632503907379084,D3:F4:55:AB:96:20,-62
BLE,1704632504100711032,D3:F4:55:AB:96:20,-64
BLE,1704632504288151349,D3:F4:55:AB:96:20,-61
BLE,1704632504487131805,D3:F4:55:AB:96:20,-64
BLE,1704632504681850452,D3:F4:55:AB:96:20,-63
BLE,1704632505069667800,D3:F4:55:AB:96:20,-58
BLE,1704632505446417631,D3:F4:55:AB:96:20,-64
BLE,1704632505639366498,D3:F4:55:AB:96:20,-63
BLE,1704632506032282939,D3:F4:55:AB:96:20,-63
BLE,1704632506163998179,DF:DF:EE:00:00:04,-55
BLE,1704632506625287162,DF:DF:EE:00:00:04,-56
BLE,1704632506802243626,D3:F4:55:AB:96:20,-63
BLE,1704632506988501909,D3:F4:55:AB:96:20,-62
BLE,1704632507163310095,DF:DF:EE:00:00:04,-55
BLE,1704632507621502139,DF:DF:EE:00:00:04,-54
BLE,1704632507755601614,D3:F4:55:AB:96:20,-62
BLE,1704632508166102115,DF:DF:EE:00:00:04,-55
BLE,1704632508533631710,D3:F4:55:AB:96:20,-63
BLE,1704632508630137873,DF:DF:EE:00:00:04,-39
BLE,1704632508720014617,D3:F4:55:AB:96:20,-62
BLE,1704632509107523883,D3:F4:55:AB:96:20,-61
BLE,1704632509162278050,DF:DF:EE:00:00:04,-41
BLE,1704632509300544333,D3:F4:55:AB:96:20,-48
BLE,1704632509485284625,DF:A6:DC:DC:2E:81,-70
BLE,1704632509485303833,DF:DF:EE:00:00:01,-70
BLE,1704632509688347805,D3:F4:55:AB:96:20,-61
BLE,1704632509878572731,D3:F4:55:AB:96:20,-63
BLE,1704632510264410131,D3:F4:55:AB:96:20,-59
BLE,1704632511032421081,D3:F4:55:AB:96:20,-63
BLE,1704632511225763612,D3:F4:55:AB:96:20,-64
BLE,1704632511417406779,D3:F4:55:AB:96:20,-79
BLE,1704632511609916481,D3:F4:55:AB:96:20,-48
BLE,1704632511805683831,D3:F4:55:AB:96:20,-63
BLE,1704632512027156525,DF:A6:DC:DC:2E:81,-83
BLE,1704632512027186274,DF:DF:EE:00:00:01,-83
BLE,1704632512200274846,D3:F4:55:AB:96:20,-65
BLE,1704632512392863506,D3:F4:55:AB:96:20,-48
BLE,1704632512710345032,DF:DF:EE:00:00:04,-54
BLE,1704632512784804954,D3:F4:55:AB:96:20,-64
BLE,1704632513171603557,DF:DF:EE:00:00:04,-54
BLE,1704632513355943976,D3:F4:55:AB:96:20,-62
BLE,1704632513547443560,D3:F4:55:AB:96:20,-62
BLE,1704632513739912305,D3:F4:55:AB:96:20,-61
BLE,1704632514312073155,D3:F4:55:AB:96:20,-64
BLE,1704632514885121083,D3:F4:55:AB:96:20,-63
BLE,1704632515846736562,D3:F4:55:AB:96:20,-64
BLE,1704632515992885422,DF:DF:EE:00:00:04,-48
BLE,1704632516424725793,D3:F4:55:AB:96:20,-62
BLE,1704632516453004829,DF:DF:EE:00:00:04,-55
BLE,1704632516988256904,DF:DF:EE:00:00:04,-55
BLE,1704632516995785483,D3:F4:55:AB:96:20,-59
BLE,1704632517116643456,DF:A6:DC:DC:2E:81,-84
BLE,1704632517116679872,DF:DF:EE:00:00:01,-84
BLE,1704632517453459905,DF:DF:EE:00:00:04,-54
BLE,1704632517955392099,D3:F4:55:AB:96:20,-64
BLE,1704632518727669731,DF:DF:EE:00:00:04,-55
BLE,1704632519122537868,D3:F4:55:AB:96:20,-63
BLE,1704632519505973701,D3:F4:55:AB:96:20,-64
BLE,1704632519883824317,D3:F4:55:AB:96:20,-62
BLE,1704632519995978009,DF:DF:EE:00:00:04,-54
BLE,1704632520454309635,D3:F4:55:AB:96:20,-48
BLE,1704632520539209618,DF:DF:EE:00:00:04,-54
BLE,1704632520646811797,D3:F4:55:AB:96:20,-62
BLE,1704632520836002895,D3:F4:55:AB:96:20,-62
BLE,1704632521027549729,D3:F4:55:AB:96:20,-61
BLE,1704632521220848927,D3:F4:55:AB:96:20,-48
BLE,1704632521412536760,D3:F4:55:AB:96:20,-62
BLE,1704632521605936582,D3:F4:55:AB:96:20,-47
BLE,1704632521796008008,D3:F4:55:AB:96:20,-61
BLE,1704632521992962684,D3:F4:55:AB:96:20,-62
BLE,1704632522279618689,DF:DF:EE:00:00:04,-56
BLE,1704632522566965731,D3:F4:55:AB:96:20,-48
BLE,1704632522762259001,D3:F4:55:AB:96:20,-61
BLE,1704632523144333091,D3:F4:55:AB:96:20,-63
BLE,1704632523341588599,D3:F4:55:AB:96:20,-64
BLE,1704632523530121034,D3:F4:55:AB:96:20,-63
BLE,1704632523723379482,D3:F4:55:AB:96:20,-48
BLE,1704632523914356861,D3:F4:55:AB:96:20,-62
BLE,1704632524104235914,D3:F4:55:AB:96:20,-64
BLE,1704632524298376357,D3:F4:55:AB:96:20,-48
BLE,1704632525084749111,DF:DF:EE:00:00:04,-40
BLE,1704632525544927309,DF:DF:EE:00:00:04,-56
BLE,1704632525845847811,D3:F4:55:AB:96:20,-61
BLE,1704632526023038815,DF:A6:DC:DC:2E:81,-83
BLE,1704632526023097815,DF:DF:EE:00:00:01,-83
BLE,1704632526084922605,DF:DF:EE:00:00:04,-55
BLE,1704632526234582444,D3:F4:55:AB:96:20,-49
BLE,1704632526617530362,D3:F4:55:AB:96:20,-63
BLE,1704632527089552322,DF:DF:EE:00:00:04,-53
BLE,1704632527206646776,D3:F4:55:AB:96:20,-83
BLE,1704632527398444858,D3:F4:55:AB:96:20,-63
BLE,1704632527547170369,DF:DF:EE:00:00:04,-55
BLE,1704632527781217986,D3:F4:55:AB:96:20,-62
BLE,1704632527971784617,D3:F4:55:AB:96:20,-63
BLE,1704632528347460788,D3:F4:55:AB:96:20,-62
BLE,1704632528568458985,DF:A6:DC:DC:2E:81,-84
BLE,1704632528568518109,DF:DF:EE:00:00:01,-84
BLE,1704632528726909020,D3:F4:55:AB:96:20,-57
BLE,1704632528923329699,D3:F4:55:AB:96:20,-59
BLE,1704632529114813742,D3:F4:55:AB:96:20,-62
BLE,1704632529154574083,DF:DF:EE:00:00:04,-38
BLE,1704632529304396088,D3:F4:55:AB:96:20,-64
BLE,1704632529495857714,D3:F4:55:AB:96:20,-63
BLE,1704632530262587754,D3:F4:55:AB:96:20,-63
BLE,1704632530319875488,DF:DF:EE:00:00:04,-53
BLE,1704632530451916601,D3:F4:55:AB:96:20,-64
BLE,1704632530638549548,D3:F4:55:AB:96:20,-61
BLE,1704632530832462534,D3:F4:55:AB:96:20,-53
BLE,1704632531028518216,D3:F4:55:AB:96:20,-64
BLE,1704632531415806316,D3:F4:55:AB:96:20,-64
BLE,1704632531596979422,DF:DF:EE:00:00:04,-55
BLE,1704632531604619000,D3:F4:55:AB:96:20,-62
BLE,1704632532137725004,DF:DF:EE:00:00:04,-55
BLE,1704632532187045787,D3:F4:55:AB:96:20,-62
BLE,1704632532593131315,DF:DF:EE:00:00:04,-53
BLE,1704632532753988586,D3:F4:55:AB:96:20,-61
BLE,1704632533143233883,D3:F4:55:AB:96:20,-64
BLE,1704632533527039629,D3:F4:55:AB:96:20,-64
BLE,1704632533594690717,DF:DF:EE:00:00:04,-54
BLE,1704632533652908696,DF:A6:DC:DC:2E:81,-84
BLE,1704632533652961363,DF:DF:EE:00:00:01,-84
BLE,1704632534502285442,D3:F4:55:AB:96:20,-64
BLE,1704632534595987705,DF:DF:EE:00:00:04,-72
BLE,1704632535267869489,D3:F4:55:AB:96:20,-64
BLE,1704632537013654069,D3:F4:55:AB:96:20,-48
BLE,1704632537783689964,D3:F4:55:AB:96:20,-64
BLE,1704632538557515878,D3:F4:55:AB:96:20,-62
BLE,1704632538755583047,D3:F4:55:AB:96:20,-81
BLE,1704632538871024386,DF:DF:EE:00:00:04,-39
BLE,1704632539533424186,D3:F4:55:AB:96:20,-64
BLE,1704632540296386916,D3:F4:55:AB:96:20,-64
BLE,1704632541056474622,D3:F4:55:AB:96:20,-63
BLE,1704632541251275228,D3:F4:55:AB:96:20,-64
BLE,1704632541438684795,D3:F4:55:AB:96:20,-61
BLE,1704632542402512844,D3:F4:55:AB:96:20,-62
BLE,1704632542407258773,DF:DF:EE:00:00:04,-48
BLE,1704632542597038534,D3:F4:55:AB:96:20,-48
BLE,1704632542876433375,DF:DF:EE:00:00:04,-53
BLE,1704632542983724597,D3:F4:55:AB:96:20,-62
BLE,1704632543175152931,D3:F4:55:AB:96:20,-64
BLE,1704632543370898698,D3:F4:55:AB:96:20,-58
BLE,1704632543565791137,D3:F4:55:AB:96:20,-63
BLE,1704632543756171769,D3:F4:55:AB:96:20,-61
BLE,1704632544136380954,D3:F4:55:AB:96:20,-62
BLE,1704632544154529011,DF:DF:EE:00:00:04,-55
BLE,1704632545293894157,D3:F4:55:AB:96:20,-64
BLE,1704632545426124435,DF:DF:EE:00:00:04,-54
BLE,1704632545676176621,D3:F4:55:AB:96:20,-63
BLE,1704632546051436920,D3:F4:55:AB:96:20,-61
BLE,1704632546247858058,D3:F4:55:AB:96:20,-63
BLE,1704632546422563077,DF:DF:EE:00:00:04,-56
BLE,1704632546441351838,D3:F4:55:AB:96:20,-48
BLE,1704632547020051856,D3:F4:55:AB:96:20,-61
BLE,1704632547423433067,DF:DF:EE:00:00:04,-70
BLE,1704632547602762225,D3:F4:55:AB:96:20,-62
BLE,1704632547965030436,DF:DF:EE:00:00:04,-54
BLE,1704632547990820946,D3:F4:55:AB:96:20,-64
BLE,1704632548374310486,D3:F4:55:AB:96:20,-62
BLE,1704632548930464142,DF:A6:DC:DC:2E:81,-85
BLE,1704632548930503308,DF:DF:EE:00:00:01,-85
BLE,1704632549149731307,D3:F4:55:AB:96:20,-80
BLE,1704632549726910377,D3:F4:55:AB:96:20,-63
BLE,1704632549920989362,D3:F4:55:AB:96:20,-63
BLE,1704632550114362351,D3:F4:55:AB:96:20,-63
BLE,1704632550304929607,D3:F4:55:AB:96:20,-62
BLE,1704632550417599713,DF:DF:EE:00:00:04,-54
BLE,1704632550964286010,DF:DF:EE:00:00:04,-54
BLE,1704632551037922853,DF:DF:EE:00:00:04,-55
BLE,1704632551080216471,D3:F4:55:AB:96:20,-48
BLE,1704632551271850804,D3:F4:55:AB:96:20,-63
BLE,1704632553008566022,D3:F4:55:AB:96:20,-62
BLE,1704632553200413437,D3:F4:55:AB:96:20,-63
BLE,1704632553580757622,D3:F4:55:AB:96:20,-63
BLE,1704632553961068431,D3:F4:55:AB:96:20,-64
BLE,1704632554548557063,D3:F4:55:AB:96:20,-63
BLE,1704632554935227751,D3:F4:55:AB:96:20,-63
BLE,1704632555134139290,D3:F4:55:AB:96:20,-59
BLE,1704632555294606188,DF:A6:DC:DC:2E:81,-82
BLE,1704632555294623646,DF:DF:EE:00:00:01,-82
BLE,1704632555322689267,D3:F4:55:AB:96:20,-62
BLE,1704632555718515398,D3:F4:55:AB:96:20,-62
BLE,1704632556019966938,DF:DF:EE:00:00:04,-48
BLE,1704632556490295700,D3:F4:55:AB:96:20,-62
BLE,1704632556870482885,D3:F4:55:AB:96:20,-63
BLE,1704632557069693922,D3:F4:55:AB:96:20,-64
BLE,1704632557256451494,D3:F4:55:AB:96:20,-63
BLE,1704632557301630260,DF:DF:EE:00:00:04,-54
BLE,1704632557451991386,D3:F4:55:AB:96:20,-64
BLE,1704632558412459122,D3:F4:55:AB:96:20,-64
BLE,1704632559563476031,D3:F4:55:AB:96:20,-58
BLE,1704632559750866515,D3:F4:55:AB:96:20,-62
BLE,1704632559945273832,D3:F4:55:AB:96:20,-53
BLE,1704632560117954906,DF:DF:EE:00:00:04,-53
BLE,1704632560134969177,D3:F4:55:AB:96:20,-62
BLE,1704632560905739984,D3:F4:55:AB:96:20,-64
BLE,1704632561112708391,DF:DF:EE:00:00:04,-55
BLE,1704632561580155920,DF:DF:EE:00:00:04,-55
BLE,1704632561677707326,D3:F4:55:AB:96:20,-63
BLE,1704632561872444349,D3:F4:55:AB:96:20,-48
BLE,1704632562112811552,DF:DF:EE:00:00:04,-55
BLE,1704632562263585509,D3:F4:55:AB:96:20,-64
BLE,1704632562460046105,D3:F4:55:AB:96:20,-63
BLE,1704632562842350944,D3:F4:55:AB:96:20,-48
BLE,1704632562927107095,DF:A6:DC:DC:2E:81,-83
BLE,1704632562927144553,DF:DF:EE:00:00:01,-83
BLE,1704632563417983356,D3:F4:55:AB:96:20,-61
BLE,1704632563575704146,DF:DF:EE:00:00:04,-53
BLE,1704632564764385784,D3:F4:55:AB:96:20,-64
BLE,1704632565147914782,D3:F4:55:AB:96:20,-63
BLE,1704632566493375091,D3:F4:55:AB:96:20,-53
BLE,1704632567261855954,D3:F4:55:AB:96:20,-64
BLE,1704632567642884509,D3:F4:55:AB:96:20,-64
BLE,1704632567831864525,D3:F4:55:AB:96:20,-62
BLE,1704632568026924671,D3:F4:55:AB:96:20,-63
BLE,1704632568416588799,D3:F4:55:AB:96:20,-53
BLE,1704632568996146395,D3:F4:55:AB:96:20,-62
BLE,1704632569382482335,D3:F4:55:AB:96:20,-62
BLE,1704632569655415173,DF:DF:EE:00:00:04,-53
BLE,1704632569768065904,D3:F4:55:AB:96:20,-63
BLE,1704632570123678947,DF:DF:EE:00:00:04,-53
BLE,1704632570152830020,D3:F4:55:AB:96:20,-63
BLE,1704632571124189439,DF:DF:EE:00:00:04,-53
BLE,1704632571493057735,D3:F4:55:AB:96:20,-64
BLE,1704632571654002464,DF:DF:EE:00:00:04,-54
BLE,1704632571833768244,DF:A6:DC:DC:2E:81,-83
BLE,1704632571833804202,DF:DF:EE:00:00:01,-83
BLE,1704632571870155981,D3:F4:55:AB:96:20,-64
BLE,1704632572823111513,D3:F4:55:AB:96:20,-63
BLE,1704632573207041925,D3:F4:55:AB:96:20,-63
BLE,1704632573933145213,DF:DF:EE:00:00:04,-54
BLE,1704632573964075566,D3:F4:55:AB:96:20,-80
BLE,1704632574152026922,D3:F4:55:AB:96:20,-62
BLE,1704632574346874902,D3:F4:55:AB:96:20,-63
BLE,1704632574395527898,DF:DF:EE:00:00:04,-56
BLE,1704632574536286624,D3:F4:55:AB:96:20,-61
BLE,1704632574732746761,D3:F4:55:AB:96:20,-63
BLE,1704632575303206663,D3:F4:55:AB:96:20,-61
BLE,1704632575692998749,D3:F4:55:AB:96:20,-64
BLE,1704632575882690510,D3:F4:55:AB:96:20,-48
BLE,1704632576081918672,D3:F4:55:AB:96:20,-62
BLE,1704632576270741523,D3:F4:55:AB:96:20,-52
BLE,1704632576851512404,D3:F4:55:AB:96:20,-61
BLE,1704632576943385261,DF:DF:EE:00:00:04,-54
BLE,1704632577041618288,D3:F4:55:AB:96:20,-64
BLE,1704632577232204419,D3:F4:55:AB:96:20,-63
BLE,1704632577812204638,D3:F4:55:AB:96:20,-64
BLE,1704632578005223213,D3:F4:55:AB:96:20,-62
BLE,1704632578202844010,DF:A6:DC:DC:2E:81,-85
BLE,1704632578202879260,DF:DF:EE:00:00:01,-85
BLE,1704632578586802256,D3:F4:55:AB:96:20,-63
BLE,1704632578777649844,D3:F4:55:AB:96:20,-64
BLE,1704632578966063322,D3:F4:55:AB:96:20,-62
BLE,1704632579161761630,D3:F4:55:AB:96:20,-64
BLE,1704632579347921205,D3:F4:55:AB:96:20,-75
BLE,1704632579494502938,DF:DF:EE:00:00:04,-56
BLE,1704632579548110903,D3:F4:55:AB:96:20,-64
BLE,1704632580034862814,DF:DF:EE:00:00:04,-54
BLE,1704632580121513329,D3:F4:55:AB:96:20,-62
BLE,1704632581088066319,D3:F4:55:AB:96:20,-48
BLE,1704632581282518010,D3:F4:55:AB:96:20,-62
BLE,1704632581667987663,D3:F4:55:AB:96:20,-63
BLE,1704632581774079934,DF:DF:EE:00:00:04,-64
BLE,1704632582626563661,D3:F4:55:AB:96:20,-59
BLE,1704632582768449839,DF:DF:EE:00:00:04,-54
BLE,1704632583581391931,D3:F4:55:AB:96:20,-48
BLE,1704632583776369827,D3:F4:55:AB:96:20,-84
BLE,1704632584303913365,DF:DF:EE:00:00:04,-53
BLE,1704632584345640611,D3:F4:55:AB:96:20,-62
BLE,1704632584534357629,D3:F4:55:AB:96:20,-64
BLE,1704632584766538507,DF:DF:EE:00:00:04,-56
BLE,1704632585688990391,D3:F4:55:AB:96:20,-63
BLE,1704632585764882429,DF:DF:EE:00:00:04,-53
BLE,1704632585883520415,D3:F4:55:AB:96:20,-48
BLE,1704632586272140882,D3:F4:55:AB:96:20,-62
BLE,1704632586304353395,DF:DF:EE:00:00:04,-53
BLE,1704632586655576756,D3:F4:55:AB:96:20,-64
BLE,1704632586849902115,D3:F4:55:AB:96:20,-64
BLE,1704632587232671493,D3:F4:55:AB:96:20,-62
BLE,1704632587614762167,D3:F4:55:AB:96:20,-48
BLE,1704632588000104404,D3:F4:55:AB:96:20,-62
BLE,1704632588050528514,DF:DF:EE:00:00:04,-56
BLE,1704632588768203103,D3:F4:55:AB:96:20,-47
BLE,1704632589145856928,D3:F4:55:AB:96:20,-62
BLE,1704632589338929253,D3:F4:55:AB:96:20,-75
BLE,1704632589922805115,D3:F4:55:AB:96:20,-62
BLE,1704632590046754402,DF:DF:EE:00:00:04,-55
BLE,1704632590688967284,D3:F4:55:AB:96:20,-62
BLE,1704632591074668769,D3:F4:55:AB:96:20,-63
BLE,1704632591268143258,D3:F4:55:AB:96:20,-62
BLE,1704632591322775008,DF:DF:EE:00:00:04,-53
BLE,1704632592322855795,DF:DF:EE:00:00:04,-56
BLE,1704632592852648444,DF:DF:EE:00:00:04,-53
BLE,1704632593322076461,DF:DF:EE:00:00:04,-53
BLE,1704632594345040066,D3:F4:55:AB:96:20,-63
BLE,1704632594536988440,D3:F4:55:AB:96:20,-76
BLE,1704632594734904401,D3:F4:55:AB:96:20,-64
BLE,1704632594854660672,DF:DF:EE:00:00:04,-53
BLE,1704632595118881897,D3:F4:55:AB:96:20,-64
BLE,1704632595305384845,D3:F4:55:AB:96:20,-48
BLE,1704632595318428724,DF:DF:EE:00:00:04,-55
BLE,1704632595500376783,D3:F4:55:AB:96:20,-63
BLE,1704632595686248026,D3:F4:55:AB:96:20,-62
BLE,1704632595879201601,D3:F4:55:AB:96:20,-64
BLE,1704632596065953339,D3:F4:55:AB:96:20,-61
BLE,1704632596263886051,D3:F4:55:AB:96:20,-64
BLE,1704632596648080920,D3:F4:55:AB:96:20,-64
BLE,1704632596841640242,D3:F4:55:AB:96:20,-48
BLE,1704632597225344614,D3:F4:55:AB:96:20,-64
BLE,1704632597417045155,D3:F4:55:AB:96:20,-61
BLE,1704632597589959436,DF:DF:EE:00:00:04,-68
BLE,1704632597611773720,D3:F4:55:AB:96:20,-64
BLE,1704632598188457042,D3:F4:55:AB:96:20,-62
BLE,1704632598571812000,D3:F4:55:AB:96:20,-48
BLE,1704632598957451860,D3:F4:55:AB:96:20,-64
BLE,1704632599542495673,D3:F4:55:AB:96:20,-64
BLE,1704632599588485268,DF:DF:EE:00:00:04,-55
BLE,1704632599827251440,DF:A6:DC:DC:2E:81,-85
BLE,1704632599827304189,DF:DF:EE:00:00:01,-85
BLE,1704632599925195385,D3:F4:55:AB:96:20,-64
BLE,1704632600130954549,DF:DF:EE:00:00:04,-56
BLE,1704632600311316784,D3:F4:55:AB:96:20,-63
BLE,1704632600589287842,DF:DF:EE:00:00:04,-48
BLE,1704632601458576591,D3:F4:55:AB:96:20,-63
BLE,1704632601585961107,DF:DF:EE:00:00:04,-53
BLE,1704632601842124756,D3:F4:55:AB:96:20,-64
BLE,1704632602226792331,D3:F4:55:AB:96:20,-62
BLE,1704632602992016964,D3:F4:55:AB:96:20,-64
BLE,1704632603187183526,D3:F4:55:AB:96:20,-63
BLE,1704632604364937314,DF:DF:EE:00:00:04,-55
BLE,1704632604530103100,D3:F4:55:AB:96:20,-62
BLE,1704632604724369834,D3:F4:55:AB:96:20,-62
BLE,1704632605497348878,D3:F4:55:AB:96:20,-63
BLE,1704632605893636382,D3:F4:55:AB:96:20,-63
BLE,1704632606088610028,D3:F4:55:AB:96:20,-64
BLE,1704632606470311746,D3:F4:55:AB:96:20,-62
BLE,1704632606663931150,D3:F4:55:AB:96:20,-63
BLE,1704632606854344741,D3:F4:55:AB:96:20,-64
BLE,1704632607046920860,D3:F4:55:AB:96:20,-61
BLE,1704632607243709079,D3:F4:55:AB:96:20,-48
BLE,1704632607643638602,DF:DF:EE:00:00:04,-54
BLE,1704632608201865412,D3:F4:55:AB:96:20,-64
BLE,1704632608390900386,D3:F4:55:AB:96:20,-64
BLE,1704632608577853290,D3:F4:55:AB:96:20,-63
BLE,1704632608646963119,DF:DF:EE:00:00:04,-53
BLE,1704632608735005874,DF:A6:DC:DC:2E:81,-83
BLE,1704632608735034124,DF:DF:EE:00:00:01,-83
BLE,1704632608965880177,D3:F4:55:AB:96:20,-62
BLE,1704632609186062170,DF:DF:EE:00:00:04,-39
BLE,1704632609348394807,D3:F4:55:AB:96:20,-63
BLE,1704632609540012932,D3:F4:55:AB:96:20,-62
BLE,1704632610118062454,D3:F4:55:AB:96:20,-64
BLE,1704632610183961386,DF:DF:EE:00:00:04,-53
BLE,1704632610643602088,DF:DF:EE:00:00:04,-55
BLE,1704632611261676742,D3:F4:55:AB:96:20,-63
BLE,1704632611452458747,D3:F4:55:AB:96:20,-81
BLE,1704632611642729255,D3:F4:55:AB:96:20,-48
BLE,1704632612980970274,D3:F4:55:AB:96:20,-64
BLE,1704632613369959948,D3:F4:55:AB:96:20,-53
BLE,1704632613728389724,DF:DF:EE:00:00:04,-39
BLE,1704632614136912695,D3:F4:55:AB:96:20,-64
BLE,1704632614721234721,DF:DF:EE:00:00:04,-53
BLE,1704632615104697928,D3:F4:55:AB:96:20,-61
BLE,1704632615298926787,D3:F4:55:AB:96:20,-63
BLE,1704632616254306554,D3:F4:55:AB:96:20,-62
BLE,1704632616834791186,D3:F4:55:AB:96:20,-48
BLE,1704632617411889090,D3:F4:55:AB:96:20,-62
BLE,1704632617467830082,DF:DF:EE:00:00:04,-54
BLE,1704632617643115265,DF:A6:DC:DC:2E:81,-82
BLE,1704632617643151890,DF:DF:EE:00:00:01,-82
BLE,1704632617997142818,D3:F4:55:AB:96:20,-48
BLE,1704632618378155665,D3:F4:55:AB:96:20,-58
BLE,1704632618574144014,D3:F4:55:AB:96:20,-64
BLE,1704632618763300195,D3:F4:55:AB:96:20,-84
BLE,1704632618951794048,D3:F4:55:AB:96:20,-62
BLE,1704632619336883120,D3:F4:55:AB:96:20,-63
BLE,1704632620104701112,D3:F4:55:AB:96:20,-62
BLE,1704632620186843820,DF:A6:DC:DC:2E:81,-84
BLE,1704632620186861362,DF:DF:EE:00:00:01,-84
BLE,1704632620295909115,D3:F4:55:AB:96:20,-48
BLE,1704632620677592291,D3:F4:55:AB:96:20,-64
BLE,1704632620740815114,DF:DF:EE:00:00:04,-55
BLE,1704632620868329796,D3:F4:55:AB:96:20,-62
BLE,1704632621442290718,D3:F4:55:AB:96:20,-47
BLE,1704632621628205795,D3:F4:55:AB:96:20,-61
BLE,1704632622398665229,D3:F4:55:AB:96:20,-64
BLE,1704632622559999830,DF:DF:EE:00:00:04,-54
BLE,1704632622778122127,D3:F4:55:AB:96:20,-62
BLE,1704632622971954072,D3:F4:55:AB:96:20,-62
BLE,1704632623022905387,DF:DF:EE:00:00:04,-55
BLE,1704632623159958011,D3:F4:55:AB:96:20,-61
BLE,1704632623353256168,D3:F4:55:AB:96:20,-62
BLE,1704632623540674735,D3:F4:55:AB:96:20,-62
BLE,1704632624018669450,DF:DF:EE:00:00:04,-54
BLE,1704632624300043487,D3:F4:55:AB:96:20,-48
BLE,1704632625265732607,D3:F4:55:AB:96:20,-63
BLE,1704632625460362381,D3:F4:55:AB:96:20,-63
BLE,1704632625843566756,D3:F4:55:AB:96:20,-62
BLE,1704632626226696673,D3:F4:55:AB:96:20,-64
BLE,1704632626419528124,D3:F4:55:AB:96:20,-62
BLE,1704632626617227712,D3:F4:55:AB:96:20,-48
BLE,1704632626827463058,DF:DF:EE:00:00:04,-53
BLE,1704632627198787922,D3:F4:55:AB:96:20,-63
BLE,1704632627583529288,D3:F4:55:AB:96:20,-63
BLE,1704632628740076788,D3:F4:55:AB:96:20,-61
BLE,1704632629101298964,DF:DF:EE:00:00:04,-53
BLE,1704632629131646738,D3:F4:55:AB:96:20,-48
BLE,1704632629325075935,D3:F4:55:AB:96:20,-48
BLE,1704632629513931327,D3:F4:55:AB:96:20,-64
BLE,1704632629561770744,DF:DF:EE:00:00:04,-56
BLE,1704632629904460324,D3:F4:55:AB:96:20,-64
BLE,1704632630090287526,D3:F4:55:AB:96:20,-64
BLE,1704632630102510618,DF:DF:EE:00:00:04,-40
BLE,1704632630280672825,D3:F4:55:AB:96:20,-58
BLE,1704632630356936528,DF:A6:DC:DC:2E:81,-82
BLE,1704632630356950986,DF:DF:EE:00:00:01,-82
BLE,1704632630476190718,D3:F4:55:AB:96:20,-62
BLE,1704632630563490895,DF:DF:EE:00:00:04,-53
BLE,1704632630668705088,D3:F4:55:AB:96:20,-64
BLE,1704632631051949088,D3:F4:55:AB:96:20,-64
BLE,1704632631239468071,D3:F4:55:AB:96:20,-61
BLE,1704632631435842459,D3:F4:55:AB:96:20,-63
BLE,1704632631843438936,DF:DF:EE:00:00:04,-53
BLE,1704632632781129102,D3:F4:55:AB:96:20,-58
BLE,1704632633111304592,DF:DF:EE:00:00:04,-54
BLE,1704632633554551477,D3:F4:55:AB:96:20,-61
BLE,1704632633652127549,DF:DF:EE:00:00:04,-49
BLE,1704632633941428288,D3:F4:55:AB:96:20,-48
BLE,1704632634131129883,D3:F4:55:AB:96:20,-64
BLE,1704632634320525772,D3:F4:55:AB:96:20,-61
BLE,1704632635096477173,D3:F4:55:AB:96:20,-64
BLE,1704632635289479123,D3:F4:55:AB:96:20,-62
BLE,1704632635480220461,D3:F4:55:AB:96:20,-63
BLE,1704632636437004553,D3:F4:55:AB:96:20,-61
BLE,1704632636922508680,DF:DF:EE:00:00:04,-55
BLE,1704632637381973508,DF:DF:EE:00:00:04,-54
BLE,1704632637595685040,D3:F4:55:AB:96:20,-63
BLE,1704632637790166023,D3:F4:55:AB:96:20,-63
BLE,1704632638174844389,D3:F4:55:AB:96:20,-63
BLE,1704632638363739156,D3:F4:55:AB:96:20,-64
BLE,1704632638938386866,D3:F4:55:AB:96:20,-62
BLE,1704632639939043899,DF:DF:EE:00:00:04,-55
BLE,1704632640080850952,D3:F4:55:AB:96:20,-62
BLE,1704632640274401399,D3:F4:55:AB:96:20,-64
BLE,1704632640467201725,D3:F4:55:AB:96:20,-62
BLE,1704632640530400007,DF:A6:DC:DC:2E:81,-82
BLE,1704632640530415298,DF:DF:EE:00:00:01,-82
BLE,1704632640657667148,D3:F4:55:AB:96:20,-63
BLE,1704632640843757515,D3:F4:55:AB:96:20,-57
BLE,1704632641041482645,D3:F4:55:AB:96:20,-64
BLE,1704632641219929475,DF:DF:EE:00:00:04,-62
BLE,1704632641233795558,D3:F4:55:AB:96:20,-62
BLE,1704632641616489061,D3:F4:55:AB:96:20,-62
BLE,1704632641997433867,D3:F4:55:AB:96:20,-62
BLE,1704632642192573887,D3:F4:55:AB:96:20,-57
BLE,1704632642573889357,D3:F4:55:AB:96:20,-58
BLE,1704632642773323768,D3:F4:55:AB:96:20,-64
BLE,1704632642965977637,D3:F4:55:AB:96:20,-53
BLE,1704632643155640107,D3:F4:55:AB:96:20,-64
BLE,1704632643350059965,D3:F4:55:AB:96:20,-64
BLE,1704632643545950939,D3:F4:55:AB:96:20,-61
BLE,1704632643739297262,D3:F4:55:AB:96:20,-63
BLE,1704632643929722436,D3:F4:55:AB:96:20,-62
BLE,1704632644120041277,D3:F4:55:AB:96:20,-64
BLE,1704632644355189637,DF:A6:DC:DC:2E:81,-83
BLE,1704632644355228720,DF:DF:EE:00:00:01,-83
BLE,1704632645031708644,DF:DF:EE:00:00:04,-53
BLE,1704632645075914291,D3:F4:55:AB:96:20,-62
BLE,1704632645468852690,D3:F4:55:AB:96:20,-64
BLE,1704632645844034740,D3:F4:55:AB:96:20,-64
BLE,1704632646036651275,D3:F4:55:AB:96:20,-59
BLE,1704632646307063504,DF:DF:EE:00:00:04,-55
BLE,1704632646613468805,D3:F4:55:AB:96:20,-64
BLE,1704632646808747866,D3:F4:55:AB:96:20,-61
BLE,1704632646898537236,DF:A6:DC:DC:2E:81,-84
BLE,1704632646898572069,DF:DF:EE:00:00:01,-84
BLE,1704632647387442093,D3:F4:55:AB:96:20,-64
BLE,1704632647768003526,D3:F4:55:AB:96:20,-62
BLE,1704632647955323969,D3:F4:55:AB:96:20,-62
BLE,1704632648341584492,D3:F4:55:AB:96:20,-62
BLE,1704632648847146623,DF:DF:EE:00:00:04,-56
BLE,1704632648923929280,D3:F4:55:AB:96:20,-48
BLE,1704632649117957974,D3:F4:55:AB:96:20,-62
BLE,1704632649313523867,D3:F4:55:AB:96:20,-64
BLE,1704632649846067875,DF:DF:EE:00:00:04,-53
BLE,1704632650081924980,D3:F4:55:AB:96:20,-64
BLE,1704632650277973245,D3:F4:55:AB:96:20,-48
BLE,1704632650668137953,D3:F4:55:AB:96:20,-62
BLE,1704632650846785615,DF:DF:EE:00:00:04,-55
BLE,1704632650862608352,D3:F4:55:AB:96:20,-62
BLE,1704632651240041179,D3:F4:55:AB:96:20,-62
BLE,1704632651435163492,D3:F4:55:AB:96:20,-62
BLE,1704632651621618481,D3:F4:55:AB:96:20,-52
BLE,1704632651814964763,D3:F4:55:AB:96:20,-63
BLE,1704632652118520581,DF:DF:EE:00:00:04,-53
BLE,1704632653122448844,DF:DF:EE:00:00:04,-55
BLE,1704632653546398638,D3:F4:55:AB:96:20,-59
BLE,1704632653933876029,D3:F4:55:AB:96:20,-47
BLE,1704632654126660480,D3:F4:55:AB:96:20,-63
BLE,1704632654401976054,DF:DF:EE:00:00:04,-40
BLE,1704632654712955952,D3:F4:55:AB:96:20,-62
BLE,1704632654908813968,D3:F4:55:AB:96:20,-48
BLE,1704632654936555049,DF:DF:EE:00:00:04,-56
BLE,1704632655100041804,D3:F4:55:AB:96:20,-63
BLE,1704632655401618468,DF:DF:EE:00:00:04,-54
BLE,1704632655864574483,D3:F4:55:AB:96:20,-64
BLE,1704632655939063488,DF:DF:EE:00:00:04,-53
BLE,1704632656819821667,D3:F4:55:AB:96:20,-62
BLE,1704632658164011525,D3:F4:55:AB:96:20,-64
BLE,1704632658546808070,D3:F4:55:AB:96:20,-63
BLE,1704632658733960472,D3:F4:55:AB:96:20,-61
BLE,1704632659880565866,D3:F4:55:AB:96:20,-62
BLE,1704632659947273085,DF:DF:EE:00:00:04,-53
BLE,1704632660832882027,D3:F4:55:AB:96:20,-63
BLE,1704632661212599215,DF:DF:EE:00:00:04,-54
BLE,1704632661602890047,D3:F4:55:AB:96:20,-64
BLE,1704632661790845111,D3:F4:55:AB:96:20,-61
BLE,1704632661987945786,D3:F4:55:AB:96:20,-63
BLE,1704632662376620628,D3:F4:55:AB:96:20,-63
BLE,1704632662573575054,D3:F4:55:AB:96:20,-64
BLE,1704632662759158632,D3:F4:55:AB:96:20,-62
BLE,1704632663536835898,D3:F4:55:AB:96:20,-63
BLE,1704632663724322048,D3:F4:55:AB:96:20,-63
BLE,1704632663914048351,D3:F4:55:AB:96:20,-63
BLE,1704632664295345655,D3:F4:55:AB:96:20,-64
BLE,1704632664486787531,D3:F4:55:AB:96:20,-48
BLE,1704632664680516435,D3:F4:55:AB:96:20,-63
BLE,1704632664759783577,DF:DF:EE:00:00:04,-38
BLE,1704632665066612792,D3:F4:55:AB:96:20,-58
BLE,1704632665255880723,D3:F4:55:AB:96:20,-64
BLE,1704632665637728274,D3:F4:55:AB:96:20,-61
BLE,1704632666017417254,D3:F4:55:AB:96:20,-63
BLE,1704632667157006899,D3:F4:55:AB:96:20,-48
BLE,1704632667544380457,D3:F4:55:AB:96:20,-53
BLE,1704632668256229623,DF:DF:EE:00:00:04,-55
BLE,1704632669256804098,DF:DF:EE:00:00:04,-55
BLE,1704632669644539673,D3:F4:55:AB:96:20,-61
BLE,1704632670259543545,DF:DF:EE:00:00:04,-56
BLE,1704632670416812053,D3:F4:55:AB:96:20,-63
BLE,1704632671252530598,DF:DF:EE:00:00:04,-54
BLE,1704632671375435457,D3:F4:55:AB:96:20,-61
BLE,1704632671564484338,D3:F4:55:AB:96:20,-48
BLE,1704632671947412112,D3:F4:55:AB:96:20,-62
BLE,1704632672139272558,D3:F4:55:AB:96:20,-48
BLE,1704632672330186094,D3:F4:55:AB:96:20,-64
BLE,1704632672344779873,DF:A6:DC:DC:2E:81,-82
BLE,1704632672344796123,DF:DF:EE:00:00:01,-82
BLE,1704632672899838056,D3:F4:55:AB:96:20,-64
BLE,1704632673086678244,D3:F4:55:AB:96:20,-61
BLE,1704632673471969293,D3:F4:55:AB:96:20,-62
BLE,1704632673535341460,DF:DF:EE:00:00:04,-54
BLE,1704632673661965836,D3:F4:55:AB:96:20,-63
BLE,1704632673997055048,DF:DF:EE:00:00:04,-55
BLE,1704632674039160313,D3:F4:55:AB:96:20,-62
BLE,1704632674424910401,D3:F4:55:AB:96:20,-63
BLE,1704632674426173060,D3:F4:55:AB:96:20,-61
BLE,1704632674535501424,DF:DF:EE:00:00:04,-55
BLE,1704632674618007381,D3:F4:55:AB:96:20,-61
BLE,1704632674807278012,D3:F4:55:AB:96:20,-62
BLE,1704632674808807252,D3:F4:55:AB:96:20,-64
BLE,1704632674885638538,DF:A6:DC:DC:2E:81,-82
BLE,1704632674885650663,DF:DF:EE:00:00:01,-82
BLE,1704632674998108007,DF:DF:EE:00:00:04,-53
BLE,1704632675001085904,D3:F4:55:AB:96:20,-63
BLE,1704632675764611299,D3:F4:55:AB:96:20,-63
BLE,1704632675953746597,D3:F4:55:AB:96:20,-64
BLE,1704632676149286227,D3:F4:55:AB:96:20,-63
BLE,1704632676276292351,DF:DF:EE:00:00:04,-55
BLE,1704632676535128065,D3:F4:55:AB:96:20,-64
BLE,1704632676727334259,D3:F4:55:AB:96:20,-63
BLE,1704632676814749018,DF:DF:EE:00:00:04,-56
BLE,1704632676913582576,D3:F4:55:AB:96:20,-61
BLE,1704632677109769994,D3:F4:55:AB:96:20,-64
BLE,1704632677272625298,DF:DF:EE:00:00:04,-38
BLE,1704632677299074166,D3:F4:55:AB:96:20,-63
BLE,1704632677491938064,D3:F4:55:AB:96:20,-63
BLE,1704632677687192447,D3:F4:55:AB:96:20,-62
BLE,1704632677882098706,D3:F4:55:AB:96:20,-63
BLE,1704632678279436093,DF:DF:EE:00:00:04,-40
BLE,1704632678462142600,D3:F4:55:AB:96:20,-61
BLE,1704632678656914819,D3:F4:55:AB:96:20,-64
BLE,1704632679032937055,D3:F4:55:AB:96:20,-63
BLE,1704632679544271108,DF:DF:EE:00:00:04,-53
BLE,1704632680547396678,DF:DF:EE:00:00:04,-46
BLE,1704632680570346277,D3:F4:55:AB:96:20,-63
BLE,1704632680758491165,D3:F4:55:AB:96:20,-61
BLE,1704632681144015171,D3:F4:55:AB:96:20,-61
BLE,1704632681530770502,D3:F4:55:AB:96:20,-62
BLE,1704632681727194336,D3:F4:55:AB:96:20,-57
BLE,1704632681924017083,D3:F4:55:AB:96:20,-63
BLE,1704632682111462767,D3:F4:55:AB:96:20,-64
BLE,1704632682302011597,D3:F4:55:AB:96:20,-59
BLE,1704632682366182008,DF:DF:EE:00:00:04,-54
BLE,1704632682688329806,D3:F4:55:AB:96:20,-62
BLE,1704632682817445374,DF:DF:EE:00:00:04,-56
BLE,1704632683267203458,D3:F4:55:AB:96:20,-64
BLE,1704632683361961459,DF:DF:EE:00:00:04,-55
BLE,1704632683850158957,D3:F4:55:AB:96:20,-64
BLE,1704632684622467211,D3:F4:55:AB:96:20,-63
BLE,1704632684817570845,DF:DF:EE:00:00:04,-61
BLE,1704632685190905348,D3:F4:55:AB:96:20,-62
BLE,1704632685361784432,DF:DF:EE:00:00:04,-51
BLE,1704632685580096497,D3:F4:55:AB:96:20,-62
BLE,1704632686165426022,D3:F4:55:AB:96:20,-62
BLE,1704632686549907702,D3:F4:55:AB:96:20,-64
BLE,1704632686930875780,D3:F4:55:AB:96:20,-62
BLE,1704632687120727281,D3:F4:55:AB:96:20,-47
BLE,1704632687309670330,D3:F4:55:AB:96:20,-57
BLE,1704632687367068369,DF:DF:EE:00:00:04,-56
BLE,1704632687431962068,DF:DF:EE:00:00:04,-51
BLE,1704632687501786650,D3:F4:55:AB:96:20,-64
BLE,1704632688460814010,D3:F4:55:AB:96:20,-63
BLE,1704632688593969384,DF:DF:EE:00:00:04,-40
BLE,1704632688650399221,D3:F4:55:AB:96:20,-64
BLE,1704632689035062191,D3:F4:55:AB:96:20,-63
BLE,1704632689225262149,D3:F4:55:AB:96:20,-48
BLE,1704632689594439513,DF:DF:EE:00:00:04,-55
BLE,1704632689604138157,D3:F4:55:AB:96:20,-61
BLE,1704632689998468647,D3:F4:55:AB:96:20,-62
BLE,1704632690135392080,DF:DF:EE:00:00:04,-55
BLE,1704632690188335065,D3:F4:55:AB:96:20,-61
BLE,1704632690379042269,D3:F4:55:AB:96:20,-63
BLE,1704632690569708140,D3:F4:55:AB:96:20,-62
BLE,1704632690595083140,DF:DF:EE:00:00:04,-53
BLE,1704632690964857667,D3:F4:55:AB:96:20,-64
BLE,1704632691132763687,DF:DF:EE:00:00:04,-53
BLE,1704632691342704640,D3:F4:55:AB:96:20,-48
BLE,1704632691532902306,D3:F4:55:AB:96:20,-64
BLE,1704632691597220508,DF:DF:EE:00:00:04,-55
BLE,1704632692099057832,D3:F4:55:AB:96:20,-63
BLE,1704632692295848413,D3:F4:55:AB:96:20,-63
BLE,1704632692708885072,DF:A6:DC:DC:2E:81,-83
BLE,1704632692708920738,DF:DF:EE:00:00:01,-83
BLE,1704632693064484941,D3:F4:55:AB:96:20,-48
BLE,1704632693128817893,DF:DF:EE:00:00:04,-51
BLE,1704632693443745322,D3:F4:55:AB:96:20,-62
BLE,1704632693832057143,D3:F4:55:AB:96:20,-62
BLE,1704632694029093389,D3:F4:55:AB:96:20,-62
BLE,1704632694204152071,DF:DF:EE:00:00:04,-45
BLE,1704632694411370667,D3:F4:55:AB:96:20,-62
BLE,1704632694597025113,D3:F4:55:AB:96:20,-64
BLE,1704632695174379732,D3:F4:55:AB:96:20,-58
BLE,1704632696135273538,D3:F4:55:AB:96:20,-64
BLE,1704632697294363332,D3:F4:55:AB:96:20,-63
BLE,1704632697491073913,D3:F4:55:AB:96:20,-64
BLE,1704632697678323140,D3:F4:55:AB:96:20,-58
BLE,1704632697910933402,DF:DF:EE:00:00:04,-54
BLE,1704632698063432815,D3:F4:55:AB:96:20,-48
BLE,1704632698258886780,D3:F4:55:AB:96:20,-64
BLE,1704632698369971091,DF:DF:EE:00:00:04,-55
BLE,1704632698642138718,D3:F4:55:AB:96:20,-63
BLE,1704632699026926895,D3:F4:55:AB:96:20,-61
BLE,1704632699220464414,D3:F4:55:AB:96:20,-48
BLE,1704632699606315710,D3:F4:55:AB:96:20,-63
BLE,1704632699636531261,DF:DF:EE:00:00:04,-54
BLE,1704632699796102379,D3:F4:55:AB:96:20,-61
BLE,1704632699991759592,D3:F4:55:AB:96:20,-70
BLE,1704632700183601705,DF:DF:EE:00:00:04,-54
BLE,1704632700378491465,D3:F4:55:AB:96:20,-57
BLE,1704632700576787119,D3:F4:55:AB:96:20,-62
BLE,1704632700642526479,DF:DF:EE:00:00:04,-51
BLE,1704632700772796705,D3:F4:55:AB:96:20,-64
BLE,1704632700966241766,D3:F4:55:AB:96:20,-48
BLE,1704632701161359733,D3:F4:55:AB:96:20,-62
BLE,1704632701182090514,DF:DF:EE:00:00:04,-55
BLE,1704632701548787060,D3:F4:55:AB:96:20,-62
BLE,1704632701740729298,D3:F4:55:AB:96:20,-48
BLE,1704632701741996040,D3:F4:55:AB:96:20,-63
BLE,1704632701931054171,D3:F4:55:AB:96:20,-61
BLE,1704632702642139203,DF:DF:EE:00:00:04,-56
BLE,1704632702894846333,D3:F4:55:AB:96:20,-62
BLE,1704632703085043207,D3:F4:55:AB:96:20,-48
BLE,1704632703185574712,DF:DF:EE:00:00:04,-56
BLE,1704632703471076502,D3:F4:55:AB:96:20,-62
BLE,1704632703849302181,D3:F4:55:AB:96:20,-62
BLE,1704632704042694284,D3:F4:55:AB:96:20,-64
BLE,1704632704181051916,DF:DF:EE:00:00:04,-54
BLE,1704632704424424690,D3:F4:55:AB:96:20,-62
BLE,1704632705009900631,D3:F4:55:AB:96:20,-62
BLE,1704632705182945910,DF:DF:EE:00:00:04,-44
BLE,1704632705195563035,D3:F4:55:AB:96:20,-61
BLE,1704632705255692223,DF:DF:EE:00:00:04,-55
BLE,1704632705442238205,DF:A6:DC:DC:2E:81,-82
BLE,1704632705442276579,DF:DF:EE:00:00:01,-82
BLE,1704632705580119589,D3:F4:55:AB:96:20,-64
BLE,1704632705774870767,D3:F4:55:AB:96:20,-64
BLE,1704632705967624499,D3:F4:55:AB:96:20,-64
BLE,1704632706352226220,D3:F4:55:AB:96:20,-63
BLE,1704632706738919552,D3:F4:55:AB:96:20,-64
BLE,1704632707315881299,D3:F4:55:AB:96:20,-62
BLE,1704632707682315681,DF:DF:EE:00:00:04,-66
BLE,1704632707698569407,D3:F4:55:AB:96:20,-63
BLE,1704632707888494492,D3:F4:55:AB:96:20,-63
BLE,1704632708469739586,D3:F4:55:AB:96:20,-48
BLE,1704632708683085724,DF:DF:EE:00:00:04,-54
BLE,1704632708849836794,D3:F4:55:AB:96:20,-62
BLE,1704632709042034614,D3:F4:55:AB:96:20,-61
BLE,1704632709231359660,D3:F4:55:AB:96:20,-64
BLE,1704632709678837676,DF:DF:EE:00:00:04,-55
BLE,1704632710143468287,DF:DF:EE:00:00:04,-69
BLE,1704632710202559440,D3:F4:55:AB:96:20,-64
BLE,1704632710395271047,D3:F4:55:AB:96:20,-62
BLE,1704632710529666413,DF:A6:DC:DC:2E:81,-85
BLE,1704632710529692122,DF:DF:EE:00:00:01,-85
BLE,1704632711352395836,D3:F4:55:AB:96:20,-63
BLE,1704632711406812686,DF:DF:EE:00:00:04,-54
BLE,1704632712512755955,D3:F4:55:AB:96:20,-63
BLE,1704632712950675450,DF:DF:EE:00:00:04,-55
BLE,1704632713413704988,DF:DF:EE:00:00:04,-55
BLE,1704632713667362028,D3:F4:55:AB:96:20,-83
BLE,1704632713857536944,D3:F4:55:AB:96:20,-62
BLE,1704632713947493561,DF:DF:EE:00:00:04,-54
BLE,1704632715209686843,D3:F4:55:AB:96:20,-61
BLE,1704632715603188922,D3:F4:55:AB:96:20,-64
BLE,1704632715635423293,DF:A6:DC:DC:2E:81,-80
BLE,1704632715635437251,DF:DF:EE:00:00:01,-80
BLE,1704632715955863102,DF:DF:EE:00:00:04,-54
BLE,1704632716570664976,D3:F4:55:AB:96:20,-64
BLE,1704632716951943635,DF:DF:EE:00:00:04,-55
BLE,1704632716959844416,D3:F4:55:AB:96:20,-58
BLE,1704632717024804531,DF:DF:EE:00:00:04,-56
BLE,1704632717150735703,D3:F4:55:AB:96:20,-64
BLE,1704632717346673081,D3:F4:55:AB:96:20,-62
BLE,1704632717539580062,D3:F4:55:AB:96:20,-63
BLE,1704632717924464447,D3:F4:55:AB:96:20,-63
BLE,1704632718112497127,D3:F4:55:AB:96:20,-61
BLE,1704632718178843108,DF:DF:EE:00:00:04,-54
BLE,1704632718307432387,D3:F4:55:AB:96:20,-63
BLE,1704632718718667016,DF:DF:EE:00:00:04,-54
BLE,1704632718887670029,D3:F4:55:AB:96:20,-62
BLE,1704632719077297491,D3:F4:55:AB:96:20,-61
BLE,1704632719266374914,D3:F4:55:AB:96:20,-64
BLE,1704632719723106160,DF:DF:EE:00:00:04,-54
BLE,1704632719837472200,D3:F4:55:AB:96:20,-63
BLE,1704632720024039014,D3:F4:55:AB:96:20,-48
BLE,1704632720187461148,DF:DF:EE:00:00:04,-54
BLE,1704632720220126475,D3:F4:55:AB:96:20,-63
BLE,1704632720722122465,DF:DF:EE:00:00:04,-49
BLE,1704632720792719542,D3:F4:55:AB:96:20,-62
BLE,1704632720989095834,D3:F4:55:AB:96:20,-62
BLE,1704632721765132272,D3:F4:55:AB:96:20,-64
BLE,1704632722532142978,D3:F4:55:AB:96:20,-64
BLE,1704632722910792196,D3:F4:55:AB:96:20,-62
BLE,1704632723184649187,DF:DF:EE:00:00:04,-56
BLE,1704632723680115387,D3:F4:55:AB:96:20,-58
BLE,1704632723719507086,DF:DF:EE:00:00:04,-55
BLE,1704632724221337619,DF:DF:EE:00:00:04,-55
BLE,1704632724254683191,D3:F4:55:AB:96:20,-64
BLE,1704632724644988333,D3:F4:55:AB:96:20,-64
BLE,1704632725219012599,D3:F4:55:AB:96:20,-61
BLE,1704632725225837471,DF:DF:EE:00:00:04,-54
BLE,1704632725407819607,D3:F4:55:AB:96:20,-48
BLE,1704632725679722153,DF:DF:EE:00:00:04,-55
BLE,1704632726173957944,D3:F4:55:AB:96:20,-48
BLE,1704632726556365262,D3:F4:55:AB:96:20,-48
BLE,1704632726947982478,D3:F4:55:AB:96:20,-64
BLE,1704632727494390135,DF:DF:EE:00:00:04,-53
BLE,1704632727520195965,D3:F4:55:AB:96:20,-62
BLE,1704632727906837672,D3:F4:55:AB:96:20,-63
BLE,1704632728095608348,D3:F4:55:AB:96:20,-63
BLE,1704632729623435425,D3:F4:55:AB:96:20,-64
BLE,1704632730007423441,D3:F4:55:AB:96:20,-62
BLE,1704632730585314391,D3:F4:55:AB:96:20,-64
BLE,1704632730966916506,D3:F4:55:AB:96:20,-63
BLE,1704632731503847391,DF:DF:EE:00:00:04,-40
BLE,1704632731544997829,D3:F4:55:AB:96:20,-63
BLE,1704632731937104167,D3:F4:55:AB:96:20,-48
BLE,1704632732129037488,D3:F4:55:AB:96:20,-61
BLE,1704632732503603816,DF:DF:EE:00:00:04,-56
BLE,1704632733296061605,D3:F4:55:AB:96:20,-62
BLE,1704632733494223426,D3:F4:55:AB:96:20,-63
BLE,1704632733778386974,DF:DF:EE:00:00:04,-55
BLE,1704632734781358837,DF:DF:EE:00:00:04,-54
BLE,1704632735021776380,D3:F4:55:AB:96:20,-64
BLE,1704632735592815875,D3:F4:55:AB:96:20,-61
BLE,1704632735779204941,DF:DF:EE:00:00:04,-60
BLE,1704632735783017499,D3:F4:55:AB:96:20,-64
BLE,1704632735975173277,D3:F4:55:AB:96:20,-62
BLE,1704632736164446032,D3:F4:55:AB:96:20,-48
BLE,1704632736353226374,D3:F4:55:AB:96:20,-63
BLE,1704632736547179765,D3:F4:55:AB:96:20,-64
BLE,1704632736932462773,D3:F4:55:AB:96:20,-58
BLE,1704632737278465331,DF:A6:DC:DC:2E:81,-78
BLE,1704632737278528580,DF:DF:EE:00:00:01,-78
BLE,1704632737518508294,D3:F4:55:AB:96:20,-62
BLE,1704632737895378607,D3:F4:55:AB:96:20,-62
BLE,1704632738084899235,D3:F4:55:AB:96:20,-64
BLE,1704632738272798916,D3:F4:55:AB:96:20,-62
BLE,1704632739615760251,D3:F4:55:AB:96:20,-63
BLE,1704632740195571479,D3:F4:55:AB:96:20,-62
BLE,1704632740386406058,D3:F4:55:AB:96:20,-62
BLE,1704632740583449887,D3:F4:55:AB:96:20,-63
BLE,1704632740975502183,D3:F4:55:AB:96:20,-62
BLE,1704632741136067086,DF:DF:EE:00:00:04,-54
BLE,1704632742120111739,D3:F4:55:AB:96:20,-62
BLE,1704632742141470265,DF:DF:EE:00:00:04,-54
BLE,1704632742315182206,D3:F4:55:AB:96:20,-62
BLE,1704632743084878644,D3:F4:55:AB:96:20,-69
BLE,1704632743142520640,DF:DF:EE:00:00:04,-55
BLE,1704632743864154519,D3:F4:55:AB:96:20,-63
BLE,1704632745134875121,DF:DF:EE:00:00:04,-53
BLE,1704632745417883426,D3:F4:55:AB:96:20,-63
BLE,1704632746206395240,DF:DF:EE:00:00:04,-55
BLE,1704632746762571749,D3:F4:55:AB:96:20,-63
BLE,1704632746954023532,D3:F4:55:AB:96:20,-61
BLE,1704632747149880660,D3:F4:55:AB:96:20,-63
BLE,1704632748104813380,D3:F4:55:AB:96:20,-63
BLE,1704632748299168769,D3:F4:55:AB:96:20,-48
BLE,1704632748486452662,D3:F4:55:AB:96:20,-61
BLE,1704632748677558739,D3:F4:55:AB:96:20,-64
BLE,1704632748730678347,DF:A6:DC:DC:2E:81,-83
BLE,1704632748730700097,DF:DF:EE:00:00:01,-83
BLE,1704632748866552662,D3:F4:55:AB:96:20,-48
BLE,1704632749062328625,D3:F4:55:AB:96:20,-63
BLE,1704632749255467396,D3:F4:55:AB:96:20,-48
BLE,1704632749372734208,DF:DF:EE:00:00:04,-50
BLE,1704632749447122719,D3:F4:55:AB:96:20,-63
BLE,1704632749639978201,D3:F4:55:AB:96:20,-63
BLE,1704632750369828151,DF:DF:EE:00:00:04,-55
BLE,1704632750408466063,D3:F4:55:AB:96:20,-62
BLE,1704632750605174853,D3:F4:55:AB:96:20,-62
BLE,1704632750907674989,DF:DF:EE:00:00:04,-51
BLE,1704632750985166562,D3:F4:55:AB:96:20,-57
BLE,1704632751181341564,D3:F4:55:AB:96:20,-63
BLE,1704632751274322452,DF:A6:DC:DC:2E:81,-82
BLE,1704632751274358077,DF:DF:EE:00:00:01,-82
BLE,1704632751372672806,DF:DF:EE:00:00:04,-54
BLE,1704632751375369829,D3:F4:55:AB:96:20,-62
BLE,1704632751570885044,D3:F4:55:AB:96:20,-61
BLE,1704632751905896424,DF:DF:EE:00:00:04,-54
BLE,1704632752153148589,D3:F4:55:AB:96:20,-61
BLE,1704632752346408652,D3:F4:55:AB:96:20,-59
BLE,1704632752370682617,DF:DF:EE:00:00:04,-55
BLE,1704632752536598109,D3:F4:55:AB:96:20,-62
BLE,1704632752920721666,D3:F4:55:AB:96:20,-61
BLE,1704632753311271264,D3:F4:55:AB:96:20,-62
BLE,1704632753895681463,D3:F4:55:AB:96:20,-62
BLE,1704632754275474715,D3:F4:55:AB:96:20,-63
BLE,1704632755229075735,D3:F4:55:AB:96:20,-62
BLE,1704632755414317142,D3:F4:55:AB:96:20,-63
BLE,1704632755797136916,D3:F4:55:AB:96:20,-76
BLE,1704632756560985143,D3:F4:55:AB:96:20,-63
BLE,1704632756929294887,DF:DF:EE:00:00:04,-54
BLE,1704632758482963377,D3:F4:55:AB:96:20,-62
BLE,1704632758671878927,D3:F4:55:AB:96:20,-64
BLE,1704632759054264079,D3:F4:55:AB:96:20,-63
BLE,1704632759637878907,D3:F4:55:AB:96:20,-64
BLE,1704632759738282372,DF:DF:EE:00:00:04,-53
BLE,1704632759739781070,DF:DF:EE:00:00:04,-54
BLE,1704632759825595506,D3:F4:55:AB:96:20,-62
BLE,1704632760015110968,D3:F4:55:AB:96:20,-64
BLE,1704632760209765063,D3:F4:55:AB:96:20,-61
BLE,1704632760604600591,D3:F4:55:AB:96:20,-63
BLE,1704632760738282420,DF:DF:EE:00:00:04,-55
BLE,1704632760797608822,D3:F4:55:AB:96:20,-62
BLE,1704632760990591136,D3:F4:55:AB:96:20,-63
BLE,1704632761177723197,D3:F4:55:AB:96:20,-62
BLE,1704632761206850297,DF:DF:EE:00:00:04,-55
BLE,1704632761373399702,D3:F4:55:AB:96:20,-62
BLE,1704632761559507144,D3:F4:55:AB:96:20,-61
BLE,1704632761938161362,D3:F4:55:AB:96:20,-57
BLE,1704632762135517648,D3:F4:55:AB:96:20,-64
BLE,1704632762325354149,D3:F4:55:AB:96:20,-62
BLE,1704632762518466796,D3:F4:55:AB:96:20,-63
BLE,1704632762704086283,D3:F4:55:AB:96:20,-61
BLE,1704632762728212333,DF:A6:DC:DC:2E:81,-83
BLE,1704632762728243625,DF:DF:EE:00:00:01,-83
BLE,1704632762898708712,D3:F4:55:AB:96:20,-63
BLE,1704632763018347050,DF:DF:EE:00:00:04,-53
BLE,1704632763470710867,DF:DF:EE:00:00:04,-38
BLE,1704632763475728667,D3:F4:55:AB:96:20,-48
BLE,1704632764016476027,DF:DF:EE:00:00:04,-54
BLE,1704632764258899891,D3:F4:55:AB:96:20,-58
BLE,1704632765473891901,DF:DF:EE:00:00:04,-54
BLE,1704632765794662708,D3:F4:55:AB:96:20,-62
BLE,1704632766472311960,DF:DF:EE:00:00:04,-55
BLE,1704632766753544652,D3:F4:55:AB:96:20,-62
BLE,1704632766950732313,D3:F4:55:AB:96:20,-63
BLE,1704632767015205723,DF:DF:EE:00:00:04,-55
BLE,1704632767140116276,D3:F4:55:AB:96:20,-61
BLE,1704632767916954792,D3:F4:55:AB:96:20,-64
BLE,1704632768302459882,D3:F4:55:AB:96:20,-80
BLE,1704632768493507417,D3:F4:55:AB:96:20,-62
BLE,1704632770028277407,DF:DF:EE:00:00:04,-54
BLE,1704632770232697188,D3:F4:55:AB:96:20,-63
BLE,1704632770424830257,D3:F4:55:AB:96:20,-62
BLE,1704632770620494554,D3:F4:55:AB:96:20,-62
BLE,1704632771201470525,D3:F4:55:AB:96:20,-63
BLE,1704632771389541579,D3:F4:55:AB:96:20,-54
BLE,1704632771773125182,D3:F4:55:AB:96:20,-61
BLE,1704632772350541884,D3:F4:55:AB:96:20,-64
BLE,1704632772573312378,DF:DF:EE:00:00:04,-41
BLE,1704632772733292409,D3:F4:55:AB:96:20,-64
BLE,1704632772928113253,D3:F4:55:AB:96:20,-62
BLE,1704632773122023269,D3:F4:55:AB:96:20,-61
BLE,1704632773315750995,D3:F4:55:AB:96:20,-63
BLE,1704632773507178569,D3:F4:55:AB:96:20,-63
BLE,1704632773571175607,DF:DF:EE:00:00:04,-39
BLE,1704632773898102457,D3:F4:55:AB:96:20,-64
BLE,1704632774090981605,D3:F4:55:AB:96:20,-61
BLE,1704632774115917274,DF:DF:EE:00:00:04,-49
BLE,1704632774183684287,DF:A6:DC:DC:2E:81,-83
BLE,1704632774183745036,DF:DF:EE:00:00:01,-83
BLE,1704632774480024088,D3:F4:55:AB:96:20,-48
BLE,1704632774578960812,DF:DF:EE:00:00:04,-55
BLE,1704632775574765138,DF:DF:EE:00:00:04,-54
BLE,1704632776197037421,D3:F4:55:AB:96:20,-64
BLE,1704632776382795824,D3:F4:55:AB:96:20,-52
BLE,1704632776767454044,D3:F4:55:AB:96:20,-62
BLE,1704632776963087050,D3:F4:55:AB:96:20,-64
BLE,1704632777119870393,DF:DF:EE:00:00:04,-55
BLE,1704632777148683746,D3:F4:55:AB:96:20,-61
BLE,1704632777576933512,DF:DF:EE:00:00:04,-54
BLE,1704632777729965589,D3:F4:55:AB:96:20,-63
BLE,1704632778110775377,D3:F4:55:AB:96:20,-64
BLE,1704632778883060006,D3:F4:55:AB:96:20,-62
BLE,1704632779076188819,D3:F4:55:AB:96:20,-64
BLE,1704632779454568289,D3:F4:55:AB:96:20,-48
BLE,1704632780029670674,D3:F4:55:AB:96:20,-61
BLE,1704632780613272794,D3:F4:55:AB:96:20,-62
BLE,1704632780806040443,D3:F4:55:AB:96:20,-64
BLE,1704632780995520946,D3:F4:55:AB:96:20,-63
BLE,1704632781126281503,DF:DF:EE:00:00:04,-55
BLE,1704632781375813279,D3:F4:55:AB:96:20,-63
BLE,1704632781760719247,D3:F4:55:AB:96:20,-61
BLE,1704632782141655701,D3:F4:55:AB:96:20,-59
BLE,1704632782334422641,D3:F4:55:AB:96:20,-63
BLE,1704632782523106400,D3:F4:55:AB:96:20,-62
BLE,1704632782709756131,D3:F4:55:AB:96:20,-57
BLE,1704632782902309156,D3:F4:55:AB:96:20,-63
BLE,1704632783088743680,D3:F4:55:AB:96:20,-48
BLE,1704632783278239726,D3:F4:55:AB:96:20,-63
BLE,1704632783467071442,D3:F4:55:AB:96:20,-63
BLE,1704632783660906042,D3:F4:55:AB:96:20,-64
BLE,1704632783852857905,D3:F4:55:AB:96:20,-64
BLE,1704632783940619494,DF:DF:EE:00:00:04,-55
BLE,1704632784432858174,D3:F4:55:AB:96:20,-48
BLE,1704632784628254347,D3:F4:55:AB:96:20,-63
BLE,1704632784821762783,D3:F4:55:AB:96:20,-61
BLE,1704632785020158520,D3:F4:55:AB:96:20,-80
BLE,1704632785665198278,DF:DF:EE:00:00:04,-55
BLE,1704632786174333888,D3:F4:55:AB:96:20,-54
BLE,1704632786213868628,DF:DF:EE:00:00:04,-55
BLE,1704632786560956178,D3:F4:55:AB:96:20,-62
BLE,1704632786668322972,DF:DF:EE:00:00:04,-54
BLE,1704632786752518627,D3:F4:55:AB:96:20,-48
BLE,1704632786941645800,D3:F4:55:AB:96:20,-62
BLE,1704632787135321068,D3:F4:55:AB:96:20,-64
BLE,1704632787944714411,DF:DF:EE:00:00:04,-56
BLE,1704632788285407004,D3:F4:55:AB:96:20,-63
BLE,1704632788670803469,D3:F4:55:AB:96:20,-61
BLE,1704632789055948895,D3:F4:55:AB:96:20,-62
BLE,1704632789833853654,D3:F4:55:AB:96:20,-59
BLE,1704632789947505115,DF:DF:EE:00:00:04,-55
BLE,1704632790026986800,D3:F4:55:AB:96:20,-63
BLE,1704632791951014813,D3:F4:55:AB:96:20,-63
BLE,1704632792475182449,DF:DF:EE:00:00:04,-53
BLE,1704632792938779692,DF:DF:EE:00:00:04,-55
BLE,1704632793483670025,DF:DF:EE:00:00:04,-48
BLE,1704632793548167476,DF:DF:EE:00:00:04,-65
BLE,1704632794649978313,D3:F4:55:AB:96:20,-64
BLE,1704632795034025246,D3:F4:55:AB:96:20,-64
BLE,1704632795228879090,D3:F4:55:AB:96:20,-62
BLE,1704632795421287032,D3:F4:55:AB:96:20,-62
BLE,1704632796757651119,D3:F4:55:AB:96:20,-64
BLE,1704632796950348643,D3:F4:55:AB:96:20,-48
BLE,1704632797146544603,D3:F4:55:AB:96:20,-47
BLE,1704632797332555671,D3:F4:55:AB:96:20,-61
BLE,1704632797715838526,D3:F4:55:AB:96:20,-62
BLE,1704632797909573460,D3:F4:55:AB:96:20,-73
BLE,1704632798367754655,DF:A6:DC:DC:2E:81,-83
BLE,1704632798367788488,DF:DF:EE:00:00:01,-83
BLE,1704632798482945772,D3:F4:55:AB:96:20,-53
BLE,1704632798870354808,D3:F4:55:AB:96:20,-62
BLE,1704632799273587864,DF:DF:EE:00:00:04,-54
BLE,1704632799637379930,D3:F4:55:AB:96:20,-48
BLE,1704632799808900552,DF:DF:EE:00:00:04,-53
BLE,1704632800992233436,D3:F4:55:AB:96:20,-64
BLE,1704632801271454017,DF:DF:EE:00:00:04,-54
BLE,1704632801377967733,D3:F4:55:AB:96:20,-81
BLE,1704632801571890874,D3:F4:55:AB:96:20,-63
BLE,1704632802147773045,D3:F4:55:AB:96:20,-62
BLE,1704632802267026178,DF:DF:EE:00:00:04,-55
BLE,1704632802345710952,D3:F4:55:AB:96:20,-64
BLE,1704632802723984464,D3:F4:55:AB:96:20,-64
BLE,1704632802813963039,DF:DF:EE:00:00:04,-56
BLE,1704632803111956412,D3:F4:55:AB:96:20,-64
BLE,1704632803266082482,DF:DF:EE:00:00:04,-63
BLE,1704632804275433511,D3:F4:55:AB:96:20,-71
BLE,1704632804466513671,D3:F4:55:AB:96:20,-62
BLE,1704632805243755351,D3:F4:55:AB:96:20,-64
BLE,1704632805630669515,D3:F4:55:AB:96:20,-58
BLE,1704632806398376799,D3:F4:55:AB:96:20,-63
BLE,1704632806782278858,D3:F4:55:AB:96:20,-62
BLE,1704632807352967938,D3:F4:55:AB:96:20,-62
BLE,1704632807926055377,D3:F4:55:AB:96:20,-62
BLE,1704632808052148881,DF:DF:EE:00:00:04,-55
BLE,1704632808112771691,D3:F4:55:AB:96:20,-57
BLE,1704632808306981372,D3:F4:55:AB:96:20,-63
BLE,1704632808501126428,D3:F4:55:AB:96:20,-64
BLE,1704632809269492875,D3:F4:55:AB:96:20,-48
BLE,1704632809801723125,DF:A6:DC:DC:2E:81,-68
BLE,1704632809801760666,DF:DF:EE:00:00:01,-68
BLE,1704632809838829256,D3:F4:55:AB:96:20,-59
BLE,1704632810220151498,D3:F4:55:AB:96:20,-64
BLE,1704632810328690034,DF:DF:EE:00:00:04,-56
BLE,1704632810408551009,D3:F4:55:AB:96:20,-61
BLE,1704632810796150752,D3:F4:55:AB:96:20,-63
BLE,1704632810862669773,DF:DF:EE:00:00:04,-56
BLE,1704632811079197432,DF:A6:DC:DC:2E:81,-82
BLE,1704632811079227057,DF:DF:EE:00:00:01,-82
BLE,1704632811376631767,D3:F4:55:AB:96:20,-62
BLE,1704632811756549644,D3:F4:55:AB:96:20,-62
BLE,1704632811946364479,D3:F4:55:AB:96:20,-63
BLE,1704632812136534686,D3:F4:55:AB:96:20,-62
BLE,1704632812335203297,D3:F4:55:AB:96:20,-64
BLE,1704632812530789760,D3:F4:55:AB:96:20,-62
BLE,1704632812919896243,D3:F4:55:AB:96:20,-64
BLE,1704632813106483349,D3:F4:55:AB:96:20,-62
BLE,1704632813301963064,D3:F4:55:AB:96:20,-63
BLE,1704632813871358027,D3:F4:55:AB:96:20,-62
BLE,1704632814256874867,D3:F4:55:AB:96:20,-61
BLE,1704632814453924279,D3:F4:55:AB:96:20,-63
BLE,1704632814593030656,DF:DF:EE:00:00:04,-53
BLE,1704632814653038470,D3:F4:55:AB:96:20,-64
BLE,1704632814842038685,D3:F4:55:AB:96:20,-63
BLE,1704632815035845702,D3:F4:55:AB:96:20,-62
BLE,1704632815416234492,D3:F4:55:AB:96:20,-63
BLE,1704632815873619692,DF:DF:EE:00:00:04,-53
BLE,1704632816377245255,D3:F4:55:AB:96:20,-62
BLE,1704632816869106187,DF:DF:EE:00:00:04,-54
BLE,1704632816955806784,D3:F4:55:AB:96:20,-62
BLE,1704632817337837521,D3:F4:55:AB:96:20,-61
BLE,1704632817527165568,D3:F4:55:AB:96:20,-48
BLE,1704632817915440556,D3:F4:55:AB:96:20,-64
BLE,1704632818110879771,D3:F4:55:AB:96:20,-62
BLE,1704632818486673216,D3:F4:55:AB:96:20,-62
BLE,1704632819263897438,D3:F4:55:AB:96:20,-63
BLE,1704632819451764577,D3:F4:55:AB:96:20,-63
BLE,1704632819990512451,DF:A6:DC:DC:2E:81,-83
BLE,1704632819990549367,DF:DF:EE:00:00:01,-83
BLE,1704632820031089559,D3:F4:55:AB:96:20,-63
BLE,1704632820604954035,D3:F4:55:AB:96:20,-62
BLE,1704632820691700839,DF:DF:EE:00:00:04,-54
BLE,1704632820997899117,D3:F4:55:AB:96:20,-62
BLE,1704632821229944091,DF:DF:EE:00:00:04,-55
BLE,1704632821379414400,D3:F4:55:AB:96:20,-64
BLE,1704632821691876095,DF:DF:EE:00:00:04,-51
BLE,1704632822139101904,D3:F4:55:AB:96:20,-63
BLE,1704632822234007154,DF:DF:EE:00:00:04,-52
BLE,1704632822334328911,D3:F4:55:AB:96:20,-63
BLE,1704632822526105025,D3:F4:55:AB:96:20,-48
BLE,1704632822537230952,DF:A6:DC:DC:2E:81,-82
BLE,1704632822537247827,DF:DF:EE:00:00:01,-82
BLE,1704632822906393774,D3:F4:55:AB:96:20,-64
BLE,1704632823954046509,DF:DF:EE:00:00:04,-48
BLE,1704632824259575333,D3:F4:55:AB:96:20,-64
BLE,1704632824830953950,D3:F4:55:AB:96:20,-63
BLE,1704632825076435378,DF:A6:DC:DC:2E:81,-86
BLE,1704632825076462128,DF:DF:EE:00:00:01,-86
BLE,1704632825416990805,D3:F4:55:AB:96:20,-62
BLE,1704632826191589627,D3:F4:55:AB:96:20,-64
BLE,1704632826383410949,D3:F4:55:AB:96:20,-61
BLE,1704632826960585736,D3:F4:55:AB:96:20,-63
BLE,1704632827050121814,DF:DF:EE:00:00:04,-67
BLE,1704632827147617173,D3:F4:55:AB:96:20,-61
BLE,1704632827509667584,DF:DF:EE:00:00:04,-54
BLE,1704632827531612606,D3:F4:55:AB:96:20,-48
BLE,1704632827924093691,D3:F4:55:AB:96:20,-63
BLE,1704632828308053458,D3:F4:55:AB:96:20,-64
BLE,1704632828699282718,D3:F4:55:AB:96:20,-63
BLE,1704632828788118884,DF:DF:EE:00:00:04,-54
BLE,1704632829082025951,D3:F4:55:AB:96:20,-62
BLE,1704632829273926731,D3:F4:55:AB:96:20,-64
BLE,1704632829657686999,D3:F4:55:AB:96:20,-64
BLE,1704632829792905984,DF:DF:EE:00:00:04,-55
BLE,1704632829847851415,D3:F4:55:AB:96:20,-62
BLE,1704632830041937097,D3:F4:55:AB:96:20,-64
BLE,1704632830231927805,D3:F4:55:AB:96:20,-48
BLE,1704632830425405366,D3:F4:55:AB:96:20,-63
BLE,1704632830808491055,D3:F4:55:AB:96:20,-63
BLE,1704632830996623360,D3:F4:55:AB:96:20,-48
BLE,1704632831578959280,D3:F4:55:AB:96:20,-62
BLE,1704632831600203765,DF:DF:EE:00:00:04,-53
BLE,1704632831769445402,D3:F4:55:AB:96:20,-62
BLE,1704632832061051776,DF:DF:EE:00:00:04,-54
BLE,1704632832151523264,D3:F4:55:AB:96:20,-48
BLE,1704632832530392939,D3:F4:55:AB:96:20,-64
BLE,1704632832606057900,DF:DF:EE:00:00:04,-54
BLE,1704632832724996035,D3:F4:55:AB:96:20,-61
BLE,1704632832924294016,D3:F4:55:AB:96:20,-64
BLE,1704632833064227887,DF:DF:EE:00:00:04,-47
BLE,1704632833118022450,D3:F4:55:AB:96:20,-63
BLE,1704632833309152609,D3:F4:55:AB:96:20,-61
BLE,1704632833498455864,D3:F4:55:AB:96:20,-64
BLE,1704632833884759532,D3:F4:55:AB:96:20,-63
BLE,1704632833986648654,DF:A6:DC:DC:2E:81,-83
BLE,1704632833986685070,DF:DF:EE:00:00:01,-83
BLE,1704632834076113232,D3:F4:55:AB:96:20,-53
BLE,1704632834266513813,D3:F4:55:AB:96:20,-64
BLE,1704632834337865177,DF:DF:EE:00:00:04,-56
BLE,1704632834457600057,D3:F4:55:AB:96:20,-62
BLE,1704632834653736267,D3:F4:55:AB:96:20,-64
BLE,1704632834845025009,D3:F4:55:AB:96:20,-62
BLE,1704632834846287667,D3:F4:55:AB:96:20,-62
BLE,1704632835230517557,D3:F4:55:AB:96:20,-62
BLE,1704632835609394648,DF:DF:EE:00:00:04,-54
BLE,1704632835809443791,D3:F4:55:AB:96:20,-57
BLE,1704632835999585999,D3:F4:55:AB:96:20,-62
BLE,1704632836190651159,D3:F4:55:AB:96:20,-58
BLE,1704632836576572454,D3:F4:55:AB:96:20,-61
BLE,1704632836606086385,DF:DF:EE:00:00:04,-56
BLE,1704632836769103521,D3:F4:55:AB:96:20,-63
BLE,1704632837606550556,DF:DF:EE:00:00:04,-53
BLE,1704632838122050040,D3:F4:55:AB:96:20,-63
BLE,1704632838320153404,D3:F4:55:AB:96:20,-81
BLE,1704632838704507960,D3:F4:55:AB:96:20,-62
BLE,1704632838885066147,DF:DF:EE:00:00:04,-56
BLE,1704632838890635444,D3:F4:55:AB:96:20,-57
BLE,1704632839275403497,D3:F4:55:AB:96:20,-48
BLE,1704632839471896538,D3:F4:55:AB:96:20,-63
BLE,1704632839857909958,D3:F4:55:AB:96:20,-62
BLE,1704632840427690419,DF:DF:EE:00:00:04,-54
BLE,1704632840436775526,D3:F4:55:AB:96:20,-63
BLE,1704632840889844046,DF:DF:EE:00:00:04,-55
BLE,1704632841006974609,D3:F4:55:AB:96:20,-61
BLE,1704632841200306129,D3:F4:55:AB:96:20,-62
BLE,1704632841388152477,D3:F4:55:AB:96:20,-62
BLE,1704632841617731759,DF:A6:DC:DC:2E:81,-83
BLE,1704632841617788842,DF:DF:EE:00:00:01,-83
BLE,1704632841769260596,D3:F4:55:AB:96:20,-63
BLE,1704632842161656807,DF:DF:EE:00:00:04,-55
BLE,1704632842344223106,D3:F4:55:AB:96:20,-64
BLE,1704632842539065991,D3:F4:55:AB:96:20,-54
BLE,1704632842695529421,DF:DF:EE:00:00:04,-54
BLE,1704632843116203113,D3:F4:55:AB:96:20,-63
BLE,1704632843159037414,DF:DF:EE:00:00:04,-41
BLE,1704632843310638667,D3:F4:55:AB:96:20,-63
BLE,1704632843504276602,D3:F4:55:AB:96:20,-61
BLE,1704632843886436547,D3:F4:55:AB:96:20,-62
BLE,1704632844083550626,D3:F4:55:AB:96:20,-62
BLE,1704632844279352088,D3:F4:55:AB:96:20,-63
BLE,1704632844434981981,DF:DF:EE:00:00:04,-55
BLE,1704632844665627631,D3:F4:55:AB:96:20,-64
BLE,1704632844854402181,D3:F4:55:AB:96:20,-63
BLE,1704632845235814339,D3:F4:55:AB:96:20,-61
BLE,1704632845432632920,D3:F4:55:AB:96:20,-63
BLE,1704632845621665010,D3:F4:55:AB:96:20,-62
BLE,1704632845704209592,DF:DF:EE:00:00:04,-55
BLE,1704632845818677881,D3:F4:55:AB:96:20,-61
BLE,1704632846012431940,D3:F4:55:AB:96:20,-64
BLE,1704632846248040641,DF:DF:EE:00:00:04,-38
BLE,1704632846390619120,D3:F4:55:AB:96:20,-64
BLE,1704632846585645837,D3:F4:55:AB:96:20,-48
BLE,1704632846968812817,D3:F4:55:AB:96:20,-62
BLE,1704632847555871498,D3:F4:55:AB:96:20,-62
BLE,1704632847942646829,D3:F4:55:AB:96:20,-62
BLE,1704632847983172896,DF:DF:EE:00:00:04,-55
BLE,1704632848704820025,D3:F4:55:AB:96:20,-62
BLE,1704632849257599598,DF:DF:EE:00:00:04,-56
BLE,1704632850063760880,D3:F4:55:AB:96:20,-83
BLE,1704632850254527458,DF:DF:EE:00:00:04,-54
BLE,1704632850650052940,D3:F4:55:AB:96:20,-81
BLE,1704632850839064864,D3:F4:55:AB:96:20,-62
BLE,1704632851034664786,D3:F4:55:AB:96:20,-63
BLE,1704632851524420232,DF:DF:EE:00:00:04,-55
BLE,1704632852187059374,D3:F4:55:AB:96:20,-62
BLE,1704632852768045970,D3:F4:55:AB:96:20,-62
BLE,1704632853339203672,D3:F4:55:AB:96:20,-62
BLE,1704632853530502080,D3:F4:55:AB:96:20,-62
BLE,1704632853810973736,DF:DF:EE:00:00:04,-53
BLE,1704632854348990031,DF:DF:EE:00:00:04,-54
BLE,1704632854685063862,D3:F4:55:AB:96:20,-62
BLE,1704632855068728839,D3:F4:55:AB:96:20,-61
BLE,1704632856219869518,D3:F4:55:AB:96:20,-64
BLE,1704632856803345556,DF:DF:EE:00:00:04,-54
BLE,1704632857190964132,D3:F4:55:AB:96:20,-62
BLE,1704632857958243003,D3:F4:55:AB:96:20,-62
BLE,1704632858151817271,D3:F4:55:AB:96:20,-61
BLE,1704632858345818037,D3:F4:55:AB:96:20,-64
BLE,1704632858416568363,DF:DF:EE:00:00:04,-56
BLE,1704632858730612256,D3:F4:55:AB:96:20,-63
BLE,1704632858843287724,DF:DF:EE:00:00:04,-55
BLE,1704632858923167157,D3:F4:55:AB:96:20,-62
BLE,1704632859112867701,D3:F4:55:AB:96:20,-63
BLE,1704632859302724744,DF:DF:EE:00:00:04,-54
BLE,1704632859304205401,DF:DF:EE:00:00:04,-54
BLE,1704632859692174057,D3:F4:55:AB:96:20,-64
BLE,1704632859884376043,D3:F4:55:AB:96:20,-62
BLE,1704632860077428232,D3:F4:55:AB:96:20,-64
BLE,1704632860269575677,D3:F4:55:AB:96:20,-61
BLE,1704632860304779362,DF:DF:EE:00:00:04,-55
BLE,1704632860462662199,D3:F4:55:AB:96:20,-62
BLE,1704632860651832413,D3:F4:55:AB:96:20,-48
BLE,1704632860693981844,DF:A6:DC:DC:2E:81,-82
BLE,1704632860693998511,DF:DF:EE:00:00:01,-82
BLE,1704632860847129170,D3:F4:55:AB:96:20,-63
BLE,1704632861033255654,D3:F4:55:AB:96:20,-61
BLE,1704632861225911346,D3:F4:55:AB:96:20,-63
BLE,1704632861421906307,D3:F4:55:AB:96:20,-62
BLE,1704632861578277862,DF:DF:EE:00:00:04,-54
BLE,1704632861614952745,D3:F4:55:AB:96:20,-62
BLE,1704632861811519953,D3:F4:55:AB:96:20,-62
BLE,1704632861998713638,D3:F4:55:AB:96:20,-61
BLE,1704632862379506717,D3:F4:55:AB:96:20,-48
BLE,1704632862577164751,D3:F4:55:AB:96:20,-47
BLE,1704632862580261814,DF:DF:EE:00:00:04,-63
BLE,1704632862764481310,D3:F4:55:AB:96:20,-61
BLE,1704632862953837898,D3:F4:55:AB:96:20,-62
BLE,1704632863235842127,DF:A6:DC:DC:2E:81,-83
BLE,1704632863235876210,DF:DF:EE:00:00:01,-83
BLE,1704632863335522847,D3:F4:55:AB:96:20,-63
BLE,1704632863529910277,D3:F4:55:AB:96:20,-61
BLE,1704632863723424337,D3:F4:55:AB:96:20,-63
BLE,1704632863910017943,D3:F4:55:AB:96:20,-62
BLE,1704632864105638865,D3:F4:55:AB:96:20,-65
BLE,1704632864117645453,DF:DF:EE:00:00:04,-54
BLE,1704632864119069152,DF:DF:EE:00:00:04,-54
BLE,1704632864579191168,DF:DF:EE:00:00:04,-55
BLE,1704632864871066498,D3:F4:55:AB:96:20,-53
BLE,1704632865252583281,D3:F4:55:AB:96:20,-64
BLE,1704632865443321151,D3:F4:55:AB:96:20,-63
BLE,1704632865780281393,DF:A6:DC:DC:2E:81,-82
BLE,1704632865780304102,DF:DF:EE:00:00:01,-82
BLE,1704632866123111222,DF:DF:EE:00:00:04,-36
BLE,1704632866406840106,D3:F4:55:AB:96:20,-58
BLE,1704632866604603806,D3:F4:55:AB:96:20,-63
BLE,1704632867375952024,D3:F4:55:AB:96:20,-61
BLE,1704632868141532490,D3:F4:55:AB:96:20,-47
BLE,1704632868324178580,DF:A6:DC:DC:2E:81,-81
BLE,1704632868324214580,DF:DF:EE:00:00:01,-81
BLE,1704632868334526804,D3:F4:55:AB:96:20,-64
BLE,1704632868357341237,DF:DF:EE:00:00:04,-64
BLE,1704632868890902478,DF:DF:EE:00:00:04,-53
BLE,1704632869102447753,D3:F4:55:AB:96:20,-63
BLE,1704632869291541926,D3:F4:55:AB:96:20,-63
BLE,1704632869865882774,D3:F4:55:AB:96:20,-59
BLE,1704632870054983114,D3:F4:55:AB:96:20,-48
BLE,1704632871388298220,D3:F4:55:AB:96:20,-62
BLE,1704632871964608597,D3:F4:55:AB:96:20,-61
BLE,1704632872161577176,D3:F4:55:AB:96:20,-63
BLE,1704632872358001218,D3:F4:55:AB:96:20,-64
BLE,1704632872941827420,D3:F4:55:AB:96:20,-63
BLE,1704632873167253604,DF:DF:EE:00:00:04,-49
BLE,1704632873513963741,D3:F4:55:AB:96:20,-63
BLE,1704632873889745769,D3:F4:55:AB:96:20,-64
BLE,1704632874657559845,D3:F4:55:AB:96:20,-64
BLE,1704632874897273643,DF:DF:EE:00:00:04,-53
BLE,1704632875425907125,D3:F4:55:AB:96:20,-63
BLE,1704632875439869491,DF:DF:EE:00:00:04,-55
BLE,1704632876194298780,D3:F4:55:AB:96:20,-62
BLE,1704632876577329719,D3:F4:55:AB:96:20,-61
BLE,1704632877336803266,D3:F4:55:AB:96:20,-47
BLE,1704632877725174753,D3:F4:55:AB:96:20,-61
BLE,1704632878171736108,DF:DF:EE:00:00:04,-46
BLE,1704632878302080918,D3:F4:55:AB:96:20,-83
BLE,1704632878876382349,D3:F4:55:AB:96:20,-77
BLE,1704632879068618335,D3:F4:55:AB:96:20,-63
BLE,1704632879256648890,D3:F4:55:AB:96:20,-62
BLE,1704632879828883877,D3:F4:55:AB:96:20,-63
BLE,1704632879989472737,DF:DF:EE:00:00:04,-55
BLE,1704632880019696080,D3:F4:55:AB:96:20,-54
BLE,1704632880406634744,D3:F4:55:AB:96:20,-63
BLE,1704632880599461392,D3:F4:55:AB:96:20,-63
BLE,1704632881167136700,D3:F4:55:AB:96:20,-64
BLE,1704632881452314908,DF:DF:EE:00:00:04,-56
BLE,1704632881934454029,D3:F4:55:AB:96:20,-62
BLE,1704632881987493514,DF:DF:EE:00:00:04,-55
BLE,1704632882127417843,D3:F4:55:AB:96:20,-64
BLE,1704632882447911861,DF:DF:EE:00:00:04,-55
BLE,1704632883286762469,D3:F4:55:AB:96:20,-62
BLE,1704632883868688142,D3:F4:55:AB:96:20,-63
BLE,1704632883982012355,DF:DF:EE:00:00:04,-53
BLE,1704632884259049574,D3:F4:55:AB:96:20,-64
BLE,1704632884647828268,D3:F4:55:AB:96:20,-48
BLE,1704632885221432537,D3:F4:55:AB:96:20,-61
BLE,1704632885414731349,D3:F4:55:AB:96:20,-63
BLE,1704632885719505053,DF:DF:EE:00:00:04,-55
BLE,1704632885997375934,D3:F4:55:AB:96:20,-64
BLE,1704632886261135574,DF:DF:EE:00:00:04,-55
BLE,1704632886576600666,D3:F4:55:AB:96:20,-62
BLE,1704632886718998980,DF:DF:EE:00:00:04,-55
BLE,1704632886767190746,D3:F4:55:AB:96:20,-62
BLE,1704632887258567140,DF:DF:EE:00:00:04,-55
BLE,1704632887717021791,DF:DF:EE:00:00:04,-48
BLE,1704632888116714329,D3:F4:55:AB:96:20,-62
BLE,1704632888882835082,D3:F4:55:AB:96:20,-62
BLE,1704632889260645014,DF:DF:EE:00:00:04,-67
BLE,1704632890029681290,D3:F4:55:AB:96:20,-81
BLE,1704632890405795900,D3:F4:55:AB:96:20,-63
BLE,1704632890722780399,DF:DF:EE:00:00:04,-55
BLE,1704632890791006075,D3:F4:55:AB:96:20,-64
BLE,1704632890979791333,D3:F4:55:AB:96:20,-62
BLE,1704632891175441463,D3:F4:55:AB:96:20,-62
BLE,1704632891334448209,DF:DF:EE:00:00:04,-56
BLE,1704632891743728559,D3:F4:55:AB:96:20,-62
BLE,1704632892126153002,D3:F4:55:AB:96:20,-61
BLE,1704632892894300451,D3:F4:55:AB:96:20,-61
BLE,1704632893085589484,D3:F4:55:AB:96:20,-63
BLE,1704632893272832628,D3:F4:55:AB:96:20,-62
BLE,1704632893763288569,DF:DF:EE:00:00:04,-55
BLE,1704632894236224750,D3:F4:55:AB:96:20,-62
BLE,1704632894421311241,D3:F4:55:AB:96:20,-61
BLE,1704632894611149910,D3:F4:55:AB:96:20,-64
BLE,1704632894760138180,DF:DF:EE:00:00:04,-55
BLE,1704632895963237309,D3:F4:55:AB:96:20,-62
BLE,1704632896332612422,DF:A6:DC:DC:2E:81,-81
BLE,1704632896332646713,DF:DF:EE:00:00:01,-81
BLE,1704632896539516728,D3:F4:55:AB:96:20,-62
BLE,1704632896730183599,D3:F4:55:AB:96:20,-64
BLE,1704632896762542469,DF:DF:EE:00:00:04,-53
BLE,1704632896917703699,D3:F4:55:AB:96:20,-61
BLE,1704632897214602621,DF:DF:EE:00:00:04,-55
BLE,1704632898216660114,DF:DF:EE:00:00:04,-41
BLE,1704632899034014531,D3:F4:55:AB:96:20,-61
BLE,1704632899414761693,D3:F4:55:AB:96:20,-62
BLE,1704632899801632066,D3:F4:55:AB:96:20,-61
BLE,1704632899992552977,D3:F4:55:AB:96:20,-48
BLE,1704632900181288069,D3:F4:55:AB:96:20,-62
BLE,1704632900218470366,DF:DF:EE:00:00:04,-55
BLE,1704632901215422351,DF:DF:EE:00:00:04,-53
BLE,1704632901703993263,D3:F4:55:AB:96:20,-63
BLE,1704632901760934513,DF:DF:EE:00:00:04,-53
BLE,1704632902223915260,DF:DF:EE:00:00:04,-55
BLE,1704632902476343308,D3:F4:55:AB:96:20,-57
BLE,1704632902666363017,D3:F4:55:AB:96:20,-64
BLE,1704632902862609351,D3:F4:55:AB:96:20,-62
BLE,1704632903220451998,DF:DF:EE:00:00:04,-54
BLE,1704632903622466771,D3:F4:55:AB:96:20,-64
BLE,1704632903820238179,D3:F4:55:AB:96:20,-59
BLE,1704632904006733244,D3:F4:55:AB:96:20,-61
BLE,1704632904197220366,D3:F4:55:AB:96:20,-48
BLE,1704632904216191991,DF:DF:EE:00:00:04,-53
BLE,1704632904388655024,D3:F4:55:AB:96:20,-62
BLE,1704632904777201968,D3:F4:55:AB:96:20,-62
BLE,1704632905163921758,D3:F4:55:AB:96:20,-63
BLE,1704632905221070757,DF:DF:EE:00:00:04,-38
BLE,1704632905358056065,D3:F4:55:AB:96:20,-61
BLE,1704632905552359954,D3:F4:55:AB:96:20,-64
BLE,1704632905740457092,D3:F4:55:AB:96:20,-62
BLE,1704632905938254874,D3:F4:55:AB:96:20,-62
BLE,1704632906135675493,D3:F4:55:AB:96:20,-64
BLE,1704632906331432622,D3:F4:55:AB:96:20,-62
BLE,1704632906497637945,DF:DF:EE:00:00:04,-41
BLE,1704632906522345241,D3:F4:55:AB:96:20,-64
BLE,1704632906907714873,D3:F4:55:AB:96:20,-61
BLE,1704632907103316462,D3:F4:55:AB:96:20,-64
BLE,1704632907297691809,D3:F4:55:AB:96:20,-64
BLE,1704632907681330952,D3:F4:55:AB:96:20,-64
BLE,1704632908058883803,D3:F4:55:AB:96:20,-62
BLE,1704632908639910940,D3:F4:55:AB:96:20,-63
BLE,1704632908833473875,D3:F4:55:AB:96:20,-64
BLE,1704632909039093481,DF:DF:EE:00:00:04,-55
BLE,1704632909218629967,D3:F4:55:AB:96:20,-63
BLE,1704632909787730391,D3:F4:55:AB:96:20,-63
BLE,1704632909977410144,D3:F4:55:AB:96:20,-64
BLE,1704632910039234654,DF:DF:EE:00:00:04,-39
BLE,1704632910167707975,D3:F4:55:AB:96:20,-64
BLE,1704632910332125894,DF:A6:DC:DC:2E:81,-85
BLE,1704632910332157602,DF:DF:EE:00:00:01,-85
BLE,1704632910361433201,D3:F4:55:AB:96:20,-63
BLE,1704632910496300106,DF:DF:EE:00:00:04,-44
BLE,1704632910554344683,D3:F4:55:AB:96:20,-62
BLE,1704632910937559412,D3:F4:55:AB:96:20,-52
BLE,1704632911329504960,D3:F4:55:AB:96:20,-62
BLE,1704632911497118774,DF:DF:EE:00:00:04,-54
BLE,1704632911520279622,D3:F4:55:AB:96:20,-57
BLE,1704632911716155875,D3:F4:55:AB:96:20,-64
BLE,1704632911908413861,D3:F4:55:AB:96:20,-62
BLE,1704632912098838567,D3:F4:55:AB:96:20,-64
BLE,1704632912294395364,D3:F4:55:AB:96:20,-56
BLE,1704632912483816660,D3:F4:55:AB:96:20,-62
BLE,1704632912534897241,DF:DF:EE:00:00:04,-53
BLE,1704632912998780565,DF:DF:EE:00:00:04,-56
BLE,1704632913065282003,D3:F4:55:AB:96:20,-58
BLE,1704632913252705103,D3:F4:55:AB:96:20,-61
BLE,1704632913448500899,D3:F4:55:AB:96:20,-63
BLE,1704632913539248219,DF:DF:EE:00:00:04,-51
BLE,1704632913644051030,D3:F4:55:AB:96:20,-62
BLE,1704632914410304824,D3:F4:55:AB:96:20,-64
BLE,1704632914997934792,DF:DF:EE:00:00:04,-55
BLE,1704632915173936843,D3:F4:55:AB:96:20,-62
BLE,1704632915551728734,D3:F4:55:AB:96:20,-61
BLE,1704632915742764144,D3:F4:55:AB:96:20,-59
BLE,1704632915934794089,D3:F4:55:AB:96:20,-62
BLE,1704632916127500405,D3:F4:55:AB:96:20,-62
BLE,1704632916275112393,DF:DF:EE:00:00:04,-45
BLE,1704632916504054512,D3:F4:55:AB:96:20,-48
BLE,1704632916698941272,D3:F4:55:AB:96:20,-62
BLE,1704632916893479326,D3:F4:55:AB:96:20,-62
BLE,1704632917281409900,D3:F4:55:AB:96:20,-62
BLE,1704632917470980986,D3:F4:55:AB:96:20,-64
BLE,1704632917551699164,DF:DF:EE:00:00:04,-54
BLE,1704632917662547143,D3:F4:55:AB:96:20,-61
BLE,1704632917859038934,D3:F4:55:AB:96:20,-63
BLE,1704632918091020242,DF:DF:EE:00:00:04,-38
BLE,1704632918555578812,DF:DF:EE:00:00:04,-51
BLE,1704632918813984071,D3:F4:55:AB:96:20,-62
BLE,1704632919196921719,D3:F4:55:AB:96:20,-47
BLE,1704632919388698624,D3:F4:55:AB:96:20,-82
BLE,1704632919556760561,DF:DF:EE:00:00:04,-53
BLE,1704632919582967305,D3:F4:55:AB:96:20,-63
BLE,1704632919772825182,D3:F4:55:AB:96:20,-62
BLE,1704632919960540447,D3:F4:55:AB:96:20,-62
BLE,1704632920559219635,DF:DF:EE:00:00:04,-55
BLE,1704632921481282071,D3:F4:55:AB:96:20,-63
BLE,1704632921552851225,DF:DF:EE:00:00:04,-57
BLE,1704632921860855283,D3:F4:55:AB:96:20,-64
BLE,1704632922090262732,DF:DF:EE:00:00:04,-55
BLE,1704632922241779653,D3:F4:55:AB:96:20,-64
BLE,1704632922430366829,D3:F4:55:AB:96:20,-64
BLE,1704632922550231832,DF:DF:EE:00:00:04,-53
BLE,1704632923007870114,D3:F4:55:AB:96:20,-63
BLE,1704632923045738949,DF:A6:DC:DC:2E:81,-82
BLE,1704632923045754365,DF:DF:EE:00:00:01,-82
BLE,1704632923396596266,D3:F4:55:AB:96:20,-63
BLE,1704632923581991047,D3:F4:55:AB:96:20,-62
BLE,1704632923776181686,D3:F4:55:AB:96:20,-59
BLE,1704632923829102588,DF:DF:EE:00:00:04,-54
BLE,1704632923968002550,D3:F4:55:AB:96:20,-61
BLE,1704632924162298105,D3:F4:55:AB:96:20,-47
BLE,1704632924322914674,DF:A6:DC:DC:2E:81,-83
BLE,1704632924322946882,DF:DF:EE:00:00:01,-83
BLE,1704632924369349327,DF:DF:EE:00:00:04,-53
BLE,1704632924830619710,DF:DF:EE:00:00:04,-54
BLE,1704632924924476885,D3:F4:55:AB:96:20,-62
BLE,1704632925315609771,D3:F4:55:AB:96:20,-62
BLE,1704632925368321299,DF:DF:EE:00:00:04,-50
BLE,1704632925504686402,D3:F4:55:AB:96:20,-48
BLE,1704632925830284886,DF:DF:EE:00:00:04,-54
BLE,1704632926077788591,D3:F4:55:AB:96:20,-62
BLE,1704632926266662558,D3:F4:55:AB:96:20,-62
BLE,1704632926460196243,D3:F4:55:AB:96:20,-47
BLE,1704632927040030138,D3:F4:55:AB:96:20,-64
BLE,1704632927106915907,DF:DF:EE:00:00:04,-55
BLE,1704632927226675036,D3:F4:55:AB:96:20,-47
BLE,1704632927421462713,D3:F4:55:AB:96:20,-59
BLE,1704632927608643982,D3:F4:55:AB:96:20,-62
BLE,1704632927652772483,DF:DF:EE:00:00:04,-53
BLE,1704632927994389945,D3:F4:55:AB:96:20,-57
BLE,1704632928108144614,DF:DF:EE:00:00:04,-53
BLE,1704632928109819186,DF:DF:EE:00:00:04,-54
BLE,1704632928186301141,D3:F4:55:AB:96:20,-64
BLE,1704632928572453977,D3:F4:55:AB:96:20,-47
BLE,1704632928645030208,DF:DF:EE:00:00:04,-53
BLE,1704632929107776831,DF:DF:EE:00:00:04,-46
BLE,1704632929147692818,D3:F4:55:AB:96:20,-63
BLE,1704632929413986067,DF:A6:DC:DC:2E:81,-85
BLE,1704632929414039275,DF:DF:EE:00:00:01,-85
BLE,1704632929724334984,D3:F4:55:AB:96:20,-61
BLE,1704632930108672165,D3:F4:55:AB:96:20,-62
BLE,1704632930109907115,DF:DF:EE:00:00:04,-53
BLE,1704632930302155559,D3:F4:55:AB:96:20,-84
BLE,1704632930492353392,D3:F4:55:AB:96:20,-62
BLE,1704632930684165089,D3:F4:55:AB:96:20,-59
BLE,1704632931652452387,DF:DF:EE:00:00:04,-55
BLE,1704632931655706324,D3:F4:55:AB:96:20,-62
BLE,1704632932619449111,D3:F4:55:AB:96:20,-64
BLE,1704632932998749950,D3:F4:55:AB:96:20,-48
BLE,1704632933235343977,DF:A6:DC:DC:2E:81,-84
BLE,1704632933235382727,DF:DF:EE:00:00:01,-84
BLE,1704632934159445358,D3:F4:55:AB:96:20,-63
BLE,1704632934382879930,DF:DF:EE:00:00:04,-53
BLE,1704632934933955973,D3:F4:55:AB:96:20,-63
BLE,1704632935320719513,D3:F4:55:AB:96:20,-64
BLE,1704632936664991005,DF:DF:EE:00:00:04,-39
BLE,1704632936675260396,D3:F4:55:AB:96:20,-57
BLE,1704632936873431926,D3:F4:55:AB:96:20,-62
BLE,1704632937061236774,D3:F4:55:AB:96:20,-61
BLE,1704632937457767667,D3:F4:55:AB:96:20,-64
BLE,1704632937648849577,D3:F4:55:AB:96:20,-61
BLE,1704632937842030598,D3:F4:55:AB:96:20,-63
BLE,1704632938029300408,D3:F4:55:AB:96:20,-62
BLE,1704632938221316770,D3:F4:55:AB:96:20,-65
BLE,1704632938318868712,DF:A6:DC:DC:2E:81,-84
BLE,1704632938318903003,DF:DF:EE:00:00:01,-84
BLE,1704632938798379017,D3:F4:55:AB:96:20,-39
BLE,1704632939482183561,DF:DF:EE:00:00:04,-55
BLE,1704632939773851810,D3:F4:55:AB:96:20,-63
BLE,1704632940344081559,D3:F4:55:AB:96:20,-58
BLE,1704632941210628569,DF:DF:EE:00:00:04,-55
BLE,1704632941320309264,D3:F4:55:AB:96:20,-62
BLE,1704632941514177781,D3:F4:55:AB:96:20,-61
BLE,1704632942863938862,D3:F4:55:AB:96:20,-62
BLE,1704632943059762950,D3:F4:55:AB:96:20,-63
BLE,1704632943246333848,D3:F4:55:AB:96:20,-62
BLE,1704632943408745029,DF:A6:DC:DC:2E:81,-83
BLE,1704632943408780946,DF:DF:EE:00:00:01,-83
BLE,1704632943445661662,D3:F4:55:AB:96:20,-64
BLE,1704632943637316151,D3:F4:55:AB:96:20,-62
BLE,1704632943830662005,D3:F4:55:AB:96:20,-47
BLE,1704632944025715847,D3:F4:55:AB:96:20,-64
BLE,1704632944212976990,D3:F4:55:AB:96:20,-62
BLE,1704632944409331449,D3:F4:55:AB:96:20,-64
BLE,1704632944600241360,D3:F4:55:AB:96:20,-61
BLE,1704632945015859002,DF:DF:EE:00:00:04,-51
BLE,1704632945485810953,DF:DF:EE:00:00:04,-55
BLE,1704632945774803010,D3:F4:55:AB:96:20,-62
BLE,1704632945968282863,D3:F4:55:AB:96:20,-61
BLE,1704632946018275076,DF:DF:EE:00:00:04,-39
BLE,1704632946166842891,D3:F4:55:AB:96:20,-64
BLE,1704632946478587549,DF:DF:EE:00:00:04,-52
BLE,1704632946554425925,D3:F4:55:AB:96:20,-61
BLE,1704632946748342733,D3:F4:55:AB:96:20,-64
BLE,1704632946938101568,D3:F4:55:AB:96:20,-63
BLE,1704632947132064418,D3:F4:55:AB:96:20,-64
BLE,1704632947232409216,DF:A6:DC:DC:2E:81,-84
BLE,1704632947232448632,DF:DF:EE:00:00:01,-84
BLE,1704632947325810143,D3:F4:55:AB:96:20,-62
BLE,1704632948016595600,DF:DF:EE:00:00:04,-54
BLE,1704632948292665285,D3:F4:55:AB:96:20,-62
BLE,1704632948514181703,DF:DF:EE:00:00:04,-53
BLE,1704632948684133835,D3:F4:55:AB:96:20,-64
BLE,1704632949264469602,D3:F4:55:AB:96:20,-62
BLE,1704632949640632836,D3:F4:55:AB:96:20,-61
BLE,1704632949773869585,DF:A6:DC:DC:2E:81,-84
BLE,1704632949773884543,DF:DF:EE:00:00:01,-84
BLE,1704632950020003675,D3:F4:55:AB:96:20,-62
BLE,1704632950595803930,D3:F4:55:AB:96:20,-64
BLE,1704632951249961669,DF:DF:EE:00:00:04,-56
BLE,1704632951365900698,D3:F4:55:AB:96:20,-64
BLE,1704632951551426853,D3:F4:55:AB:96:20,-62
BLE,1704632951745943824,D3:F4:55:AB:96:20,-64
BLE,1704632951791963605,DF:DF:EE:00:00:04,-55
BLE,1704632951932213307,D3:F4:55:AB:96:20,-62
BLE,1704632952247737024,DF:DF:EE:00:00:04,-53
BLE,1704632952693352593,D3:F4:55:AB:96:20,-62
BLE,1704632952880883485,D3:F4:55:AB:96:20,-61
BLE,1704632953271357417,D3:F4:55:AB:96:20,-64
BLE,1704632953272766824,D3:F4:55:AB:96:20,-63
BLE,1704632953858362807,D3:F4:55:AB:96:20,-64
BLE,1704632954238530640,D3:F4:55:AB:96:20,-62
BLE,1704632954522109983,DF:DF:EE:00:00:04,-54
BLE,1704632955398062389,D3:F4:55:AB:96:20,-62
BLE,1704632955527381538,DF:DF:EE:00:00:04,-55
BLE,1704632955783448271,D3:F4:55:AB:96:20,-62
BLE,1704632955978730320,D3:F4:55:AB:96:20,-63
BLE,1704632956068973768,DF:DF:EE:00:00:04,-57
BLE,1704632956169518940,D3:F4:55:AB:96:20,-62
BLE,1704632956742412839,D3:F4:55:AB:96:20,-62
BLE,1704632957325985126,D3:F4:55:AB:96:20,-63
BLE,1704632958338659841,DF:DF:EE:00:00:04,-55
BLE,1704632958794065555,DF:DF:EE:00:00:04,-66
BLE,1704632959050960907,D3:F4:55:AB:96:20,-64
BLE,1704632959438474775,D3:F4:55:AB:96:20,-48
BLE,1704632959817075910,D3:F4:55:AB:96:20,-62
BLE,1704632960198503402,D3:F4:55:AB:96:20,-64
BLE,1704632960390506347,D3:F4:55:AB:96:20,-57
BLE,1704632960580710430,D3:F4:55:AB:96:20,-62
BLE,1704632960968807794,D3:F4:55:AB:96:20,-64
BLE,1704632961163709804,D3:F4:55:AB:96:20,-62
BLE,1704632961337794034,DF:DF:EE:00:00:04,-53
BLE,1704632961355207919,D3:F4:55:AB:96:20,-63
BLE,1704632961543872887,D3:F4:55:AB:96:20,-62
BLE,1704632962124566735,D3:F4:55:AB:96:20,-47
BLE,1704632962314499777,D3:F4:55:AB:96:20,-62
BLE,1704632962346082778,DF:DF:EE:00:00:04,-55
BLE,1704632962508425544,D3:F4:55:AB:96:20,-62
BLE,1704632962704464213,D3:F4:55:AB:96:20,-64
BLE,1704632963088120981,D3:F4:55:AB:96:20,-64
BLE,1704632963273484095,D3:F4:55:AB:96:20,-62
BLE,1704632963617140419,DF:DF:EE:00:00:04,-54
BLE,1704632963664562565,D3:F4:55:AB:96:20,-63
BLE,1704632963857577254,D3:F4:55:AB:96:20,-48
BLE,1704632964239292410,D3:F4:55:AB:96:20,-61
BLE,1704632964437017735,D3:F4:55:AB:96:20,-64
BLE,1704632964623176594,D3:F4:55:AB:96:20,-76
BLE,1704632964892395657,DF:DF:EE:00:00:04,-38
BLE,1704632965006095367,D3:F4:55:AB:96:20,-62
BLE,1704632965586486217,D3:F4:55:AB:96:20,-63
BLE,1704632966165799116,DF:DF:EE:00:00:04,-55
BLE,1704632966351747351,D3:F4:55:AB:96:20,-59
BLE,1704632966549342885,D3:F4:55:AB:96:20,-62
BLE,1704632966931742578,D3:F4:55:AB:96:20,-64
BLE,1704632967590944451,DF:A6:DC:DC:2E:81,-83
BLE,1704632967590980118,DF:DF:EE:00:00:01,-83
BLE,1704632967696123843,D3:F4:55:AB:96:20,-63
BLE,1704632967886036886,D3:F4:55:AB:96:20,-64
BLE,1704632968438401586,DF:DF:EE:00:00:04,-55
BLE,1704632968660114836,D3:F4:55:AB:96:20,-64
BLE,1704632969039922964,D3:F4:55:AB:96:20,-62
BLE,1704632969422251866,D3:F4:55:AB:96:20,-63
BLE,1704632969998495076,D3:F4:55:AB:96:20,-62
BLE,1704632970384058624,D3:F4:55:AB:96:20,-61
BLE,1704632970772683485,D3:F4:55:AB:96:20,-62
BLE,1704632971536113964,DF:DF:EE:00:00:04,-55
BLE,1704632971550700660,D3:F4:55:AB:96:20,-62
BLE,1704632971744055013,D3:F4:55:AB:96:20,-64
BLE,1704632971936996286,D3:F4:55:AB:96:20,-61
BLE,1704632971988406531,DF:DF:EE:00:00:04,-54
BLE,1704632972131753005,D3:F4:55:AB:96:20,-62
BLE,1704632972534852521,DF:DF:EE:00:00:04,-55
BLE,1704632972896348560,D3:F4:55:AB:96:20,-62
BLE,1704632972991179269,DF:DF:EE:00:00:04,-53
BLE,1704632973083588078,D3:F4:55:AB:96:20,-62
BLE,1704632973853751847,D3:F4:55:AB:96:20,-62
BLE,1704632973961120182,DF:A6:DC:DC:2E:81,-83
BLE,1704632973961142015,DF:DF:EE:00:00:01,-83
BLE,1704632974048192901,D3:F4:55:AB:96:20,-62
BLE,1704632974243751865,D3:F4:55:AB:96:20,-64
BLE,1704632974270289816,DF:DF:EE:00:00:04,-55
BLE,1704632974628374669,D3:F4:55:AB:96:20,-63
BLE,1704632974802695689,DF:DF:EE:00:00:04,-50
BLE,1704632974819482829,D3:F4:55:AB:96:20,-62
BLE,1704632975207878066,D3:F4:55:AB:96:20,-64
BLE,1704632975271845270,DF:DF:EE:00:00:04,-53
BLE,1704632975585550374,D3:F4:55:AB:96:20,-62
BLE,1704632975776167954,D3:F4:55:AB:96:20,-64
BLE,1704632975969584265,D3:F4:55:AB:96:20,-63
BLE,1704632976163749863,D3:F4:55:AB:96:20,-64
BLE,1704632976540617010,DF:DF:EE:00:00:04,-55
BLE,1704632976546447471,D3:F4:55:AB:96:20,-61
BLE,1704632976926574305,D3:F4:55:AB:96:20,-64
BLE,1704632977305390688,D3:F4:55:AB:96:20,-64
BLE,1704632977540772140,DF:DF:EE:00:00:04,-53
BLE,1704632977884339839,D3:F4:55:AB:96:20,-53
BLE,1704632978265687915,D3:F4:55:AB:96:20,-62
BLE,1704632978814520347,DF:DF:EE:00:00:04,-40
BLE,1704632979220219012,D3:F4:55:AB:96:20,-48
BLE,1704632979803822966,D3:F4:55:AB:96:20,-62
BLE,1704632979808212687,DF:DF:EE:00:00:04,-71
BLE,1704632979992623016,D3:F4:55:AB:96:20,-62
BLE,1704632980352000444,DF:DF:EE:00:00:04,-54
BLE,1704632980809998057,DF:DF:EE:00:00:04,-55
BLE,1704632980958401497,D3:F4:55:AB:96:20,-63
BLE,1704632981155151078,D3:F4:55:AB:96:20,-62
BLE,1704632981346369404,D3:F4:55:AB:96:20,-63
BLE,1704632981353076735,DF:DF:EE:00:00:04,-56
BLE,1704632981732888362,D3:F4:55:AB:96:20,-48
BLE,1704632982697408186,D3:F4:55:AB:96:20,-63
BLE,1704632982871042002,DF:A6:DC:DC:2E:81,-82
BLE,1704632982871057252,DF:DF:EE:00:00:01,-82
BLE,1704632983086435377,DF:DF:EE:00:00:04,-62
BLE,1704632983274535765,D3:F4:55:AB:96:20,-61
BLE,1704632983473299333,D3:F4:55:AB:96:20,-63
BLE,1704632983622859391,DF:DF:EE:00:00:04,-54
BLE,1704632983659786148,D3:F4:55:AB:96:20,-63
BLE,1704632983849006029,D3:F4:55:AB:96:20,-64
BLE,1704632984234463785,D3:F4:55:AB:96:20,-64
BLE,1704632984422695631,D3:F4:55:AB:96:20,-62
BLE,1704632984617751306,D3:F4:55:AB:96:20,-64
BLE,1704632984621938862,DF:DF:EE:00:00:04,-56
BLE,1704632984812805023,D3:F4:55:AB:96:20,-48
BLE,1704632985004588345,D3:F4:55:AB:96:20,-64
BLE,1704632985081562923,DF:DF:EE:00:00:04,-50
BLE,1704632985577172163,D3:F4:55:AB:96:20,-62
BLE,1704632985771206679,D3:F4:55:AB:96:20,-61
BLE,1704632986150351644,D3:F4:55:AB:96:20,-63
BLE,1704632986532092008,D3:F4:55:AB:96:20,-64
BLE,1704632986726072232,D3:F4:55:AB:96:20,-63
BLE,1704632986915085573,D3:F4:55:AB:96:20,-64
BLE,1704632987102364049,D3:F4:55:AB:96:20,-63
BLE,1704632987294470536,D3:F4:55:AB:96:20,-62
BLE,1704632987363221917,DF:DF:EE:00:00:04,-40
BLE,1704632987676442232,D3:F4:55:AB:96:20,-63
BLE,1704632988263971993,D3:F4:55:AB:96:20,-64
BLE,1704632988848917730,D3:F4:55:AB:96:20,-48
BLE,1704632989237043719,D3:F4:55:AB:96:20,-61
BLE,1704632990006664491,D3:F4:55:AB:96:20,-63
BLE,1704632990782177807,D3:F4:55:AB:96:20,-58
BLE,1704632990971284397,D3:F4:55:AB:96:20,-61
BLE,1704632991167762979,D3:F4:55:AB:96:20,-63
BLE,1704632991171089916,DF:DF:EE:00:00:04,-42
BLE,1704632991550479837,D3:F4:55:AB:96:20,-63
BLE,1704632991745111057,D3:F4:55:AB:96:20,-62
BLE,1704632991937811374,D3:F4:55:AB:96:20,-63
BLE,1704632992886012554,D3:F4:55:AB:96:20,-64
BLE,1704632993266400219,D3:F4:55:AB:96:20,-81
BLE,1704632993653896213,D3:F4:55:AB:96:20,-64
BLE,1704632993844597333,D3:F4:55:AB:96:20,-64
BLE,1704632994231296624,D3:F4:55:AB:96:20,-62
BLE,1704632994326514081,DF:A6:DC:DC:2E:81,-69
BLE,1704632994326546664,DF:DF:EE:00:00:01,-69
BLE,1704632994907900340,DF:DF:EE:00:00:04,-53
BLE,1704632995181666290,D3:F4:55:AB:96:20,-62
BLE,1704632995375324433,D3:F4:55:AB:96:20,-53
BLE,1704632995567288671,D3:F4:55:AB:96:20,-62
BLE,1704632995757604627,D3:F4:55:AB:96:20,-64
BLE,1704632996177860488,DF:DF:EE:00:00:04,-54
BLE,1704632996333945795,D3:F4:55:AB:96:20,-62
BLE,1704632996528598890,D3:F4:55:AB:96:20,-62
BLE,1704632996721765578,D3:F4:55:AB:96:20,-64
BLE,1704632996869516190,DF:A6:DC:DC:2E:81,-86
BLE,1704632996869550273,DF:DF:EE:00:00:01,-86
BLE,1704632997476487031,D3:F4:55:AB:96:20,-63
BLE,1704632997670693629,D3:F4:55:AB:96:20,-63
BLE,1704632998438416038,D3:F4:55:AB:96:20,-63
BLE,1704632998735869290,DF:DF:EE:00:00:04,-54
BLE,1704632999273406130,DF:DF:EE:00:00:04,-53
BLE,1704633000174460413,D3:F4:55:AB:96:20,-63
BLE,1704633000735063393,DF:DF:EE:00:00:04,-54
BLE,1704633000756240045,D3:F4:55:AB:96:20,-61
BLE,1704633001334362576,D3:F4:55:AB:96:20,-59
BLE,1704633001521481637,D3:F4:55:AB:96:20,-48
BLE,1704633001719084546,D3:F4:55:AB:96:20,-48
BLE,1704633001738972040,DF:DF:EE:00:00:04,-55
BLE,1704633002685575148,D3:F4:55:AB:96:20,-64
BLE,1704633003258011967,D3:F4:55:AB:96:20,-63
BLE,1704633003641451237,D3:F4:55:AB:96:20,-62
BLE,1704633004223885656,D3:F4:55:AB:96:20,-62
BLE,1704633004414005781,D3:F4:55:AB:96:20,-62
BLE,1704633004984702236,D3:F4:55:AB:96:20,-63
BLE,1704633005546425334,DF:DF:EE:00:00:04,-56
BLE,1704633005746578601,D3:F4:55:AB:96:20,-64
BLE,1704633005935689774,D3:F4:55:AB:96:20,-62
BLE,1704633006000996844,DF:DF:EE:00:00:04,-53
BLE,1704633006900188639,D3:F4:55:AB:96:20,-61
BLE,1704633007039497764,DF:A6:DC:DC:2E:81,-82
BLE,1704633007039532556,DF:DF:EE:00:00:01,-82
BLE,1704633007096556431,D3:F4:55:AB:96:20,-64
BLE,1704633007285922227,D3:F4:55:AB:96:20,-62
BLE,1704633008246112787,D3:F4:55:AB:96:20,-63
BLE,1704633008438969727,D3:F4:55:AB:96:20,-64
BLE,1704633008830512235,D3:F4:55:AB:96:20,-63
BLE,1704633009212239392,D3:F4:55:AB:96:20,-63
BLE,1704633009582559665,DF:A6:DC:DC:2E:81,-81
BLE,1704633009582601289,DF:DF:EE:00:00:01,-81
BLE,1704633009793552235,D3:F4:55:AB:96:20,-64
BLE,1704633009982328744,D3:F4:55:AB:96:20,-63
BLE,1704633010089271332,DF:DF:EE:00:00:04,-55
BLE,1704633010173484778,D3:F4:55:AB:96:20,-64
BLE,1704633010366583383,D3:F4:55:AB:96:20,-62
BLE,1704633010762286448,D3:F4:55:AB:96:20,-64
BLE,1704633011099031858,DF:DF:EE:00:00:04,-55
BLE,1704633011147639747,D3:F4:55:AB:96:20,-63
BLE,1704633011334321186,D3:F4:55:AB:96:20,-57
BLE,1704633011528936281,D3:F4:55:AB:96:20,-62
BLE,1704633012096150384,DF:DF:EE:00:00:04,-52
BLE,1704633012123841827,DF:A6:DC:DC:2E:81,-84
BLE,1704633012123888160,DF:DF:EE:00:00:01,-84
BLE,1704633012682364445,D3:F4:55:AB:96:20,-48
BLE,1704633013066595835,D3:F4:55:AB:96:20,-63
BLE,1704633013088842355,DF:DF:EE:00:00:04,-42
BLE,1704633014094649490,DF:DF:EE:00:00:04,-56
BLE,1704633014813975051,D3:F4:55:AB:96:20,-64
BLE,1704633015199049436,D3:F4:55:AB:96:20,-62
BLE,1704633015384360133,D3:F4:55:AB:96:20,-62
BLE,1704633015768582898,D3:F4:55:AB:96:20,-61
BLE,1704633016052938153,DF:DF:EE:00:00:04,-40
BLE,1704633016146277081,D3:F4:55:AB:96:20,-62
BLE,1704633017058663789,DF:DF:EE:00:00:04,-56
BLE,1704633017110414032,D3:F4:55:AB:96:20,-48
BLE,1704633017304421548,D3:F4:55:AB:96:20,-62
BLE,1704633017497774859,D3:F4:55:AB:96:20,-61
BLE,1704633017883982194,D3:F4:55:AB:96:20,-64
BLE,1704633018079297243,D3:F4:55:AB:96:20,-62
BLE,1704633018464146754,D3:F4:55:AB:96:20,-62
BLE,1704633019802937574,D3:F4:55:AB:96:20,-62
BLE,1704633019867632565,DF:DF:EE:00:00:04,-55
BLE,1704633019996364386,D3:F4:55:AB:96:20,-63
BLE,1704633020194018169,D3:F4:55:AB:96:20,-64
BLE,1704633020380562609,D3:F4:55:AB:96:20,-63
BLE,1704633021146076783,D3:F4:55:AB:96:20,-63
BLE,1704633021339537344,D3:F4:55:AB:96:20,-63
BLE,1704633021727564708,D3:F4:55:AB:96:20,-62
BLE,1704633021926261568,D3:F4:55:AB:96:20,-63
BLE,1704633022113418796,D3:F4:55:AB:96:20,-52
BLE,1704633023467028352,D3:F4:55:AB:96:20,-48
BLE,1704633023856685373,D3:F4:55:AB:96:20,-64
BLE,1704633023881845124,DF:DF:EE:00:00:04,-56
BLE,1704633024051318301,D3:F4:55:AB:96:20,-62
BLE,1704633024408837450,DF:DF:EE:00:00:04,-55
BLE,1704633024431151553,D3:F4:55:AB:96:20,-48
BLE,1704633024621281219,D3:F4:55:AB:96:20,-58
BLE,1704633024811442927,D3:F4:55:AB:96:20,-61
BLE,1704633024872601192,DF:DF:EE:00:00:04,-55
BLE,1704633025008685630,D3:F4:55:AB:96:20,-64
BLE,1704633025202859020,D3:F4:55:AB:96:20,-63
BLE,1704633025411983811,DF:DF:EE:00:00:04,-56
BLE,1704633025581653528,D3:F4:55:AB:96:20,-62
BLE,1704633025776891411,D3:F4:55:AB:96:20,-57
BLE,1704633025874912891,DF:DF:EE:00:00:04,-56
BLE,1704633025971850921,D3:F4:55:AB:96:20,-59
BLE,1704633026141281306,DF:A6:DC:DC:2E:81,-72
BLE,1704633026141315681,DF:DF:EE:00:00:01,-72
BLE,1704633026358028881,D3:F4:55:AB:96:20,-62
BLE,1704633026410458828,DF:DF:EE:00:00:04,-66
BLE,1704633026544369655,D3:F4:55:AB:96:20,-57
BLE,1704633026733494620,D3:F4:55:AB:96:20,-64
BLE,1704633026879429160,DF:DF:EE:00:00:04,-39
BLE,1704633026925656731,D3:F4:55:AB:96:20,-62
BLE,1704633027114504739,D3:F4:55:AB:96:20,-63
BLE,1704633027413731688,DF:DF:EE:00:00:04,-56
BLE,1704633028255767567,D3:F4:55:AB:96:20,-62
BLE,1704633028452766938,D3:F4:55:AB:96:20,-64
BLE,1704633028645587628,D3:F4:55:AB:96:20,-62
BLE,1704633028680432899,DF:A6:DC:DC:2E:81,-82
BLE,1704633028680493899,DF:DF:EE:00:00:01,-82
BLE,1704633029229355747,D3:F4:55:AB:96:20,-64
BLE,1704633029415810854,DF:DF:EE:00:00:04,-55
BLE,1704633029618383355,D3:F4:55:AB:96:20,-64
BLE,1704633029804320008,D3:F4:55:AB:96:20,-62
BLE,1704633030002731328,D3:F4:55:AB:96:20,-64
BLE,1704633030192267123,D3:F4:55:AB:96:20,-61
BLE,1704633030382561163,D3:F4:55:AB:96:20,-62
BLE,1704633030771937186,D3:F4:55:AB:96:20,-61
BLE,1704633030966658363,D3:F4:55:AB:96:20,-62
BLE,1704633031156502698,D3:F4:55:AB:96:20,-48
BLE,1704633031222398681,DF:A6:DC:DC:2E:81,-84
BLE,1704633031222454348,DF:DF:EE:00:00:01,-84
BLE,1704633031353349320,D3:F4:55:AB:96:20,-63
BLE,1704633031545319724,D3:F4:55:AB:96:20,-48
BLE,1704633031734808937,D3:F4:55:AB:96:20,-62
BLE,1704633032115198477,D3:F4:55:AB:96:20,-64
BLE,1704633032309766697,D3:F4:55:AB:96:20,-62
BLE,1704633032699568258,D3:F4:55:AB:96:20,-58
BLE,1704633032892535989,D3:F4:55:AB:96:20,-62
BLE,1704633033197641233,DF:DF:EE:00:00:04,-55
BLE,1704633033285710695,D3:F4:55:AB:96:20,-63
BLE,1704633033860110126,D3:F4:55:AB:96:20,-63
BLE,1704633034050156709,D3:F4:55:AB:96:20,-63
BLE,1704633034241278703,D3:F4:55:AB:96:20,-63
BLE,1704633034478405226,DF:DF:EE:00:00:04,-55
BLE,1704633034814465433,D3:F4:55:AB:96:20,-59
BLE,1704633035048357353,DF:A6:DC:DC:2E:81,-83
BLE,1704633035048401019,DF:DF:EE:00:00:01,-83
BLE,1704633035584479869,D3:F4:55:AB:96:20,-64
BLE,1704633035966576356,D3:F4:55:AB:96:20,-63
BLE,1704633036545115634,D3:F4:55:AB:96:20,-64
BLE,1704633037114856929,D3:F4:55:AB:96:20,-63
BLE,1704633037308692738,D3:F4:55:AB:96:20,-61
BLE,1704633037685265178,D3:F4:55:AB:96:20,-61
BLE,1704633037748544762,DF:DF:EE:00:00:04,-53
BLE,1704633037875772800,D3:F4:55:AB:96:20,-63
BLE,1704633038071770178,D3:F4:55:AB:96:20,-63
BLE,1704633038264015788,D3:F4:55:AB:96:20,-62
BLE,1704633038644326995,D3:F4:55:AB:96:20,-64
BLE,1704633039027055520,DF:DF:EE:00:00:04,-55
BLE,1704633039224656179,D3:F4:55:AB:96:20,-64
BLE,1704633039414541597,D3:F4:55:AB:96:20,-57
BLE,1704633039608183907,D3:F4:55:AB:96:20,-59
BLE,1704633039989081652,D3:F4:55:AB:96:20,-53
BLE,1704633040177857118,D3:F4:55:AB:96:20,-48
BLE,1704633040375775650,D3:F4:55:AB:96:20,-64
BLE,1704633040563918454,D3:F4:55:AB:96:20,-62
BLE,1704633041147419867,D3:F4:55:AB:96:20,-62
BLE,1704633041295785391,DF:DF:EE:00:00:04,-55
BLE,1704633041341260550,D3:F4:55:AB:96:20,-64
BLE,1704633041415819102,DF:A6:DC:DC:2E:81,-82
BLE,1704633041415876435,DF:DF:EE:00:00:01,-82
BLE,1704633041720242850,D3:F4:55:AB:96:20,-63
BLE,1704633041909946769,D3:F4:55:AB:96:20,-62
BLE,1704633042301518777,DF:DF:EE:00:00:04,-54
BLE,1704633043242022050,D3:F4:55:AB:96:20,-57
BLE,1704633043433102168,D3:F4:55:AB:96:20,-64
BLE,1704633043574745862,DF:DF:EE:00:00:04,-53
BLE,1704633043624220661,D3:F4:55:AB:96:20,-62
BLE,1704633043817320975,D3:F4:55:AB:96:20,-63
BLE,1704633043960952697,DF:A6:DC:DC:2E:81,-81
BLE,1704633043960989613,DF:DF:EE:00:00:01,-81
BLE,1704633044004514035,D3:F4:55:AB:96:20,-61
BLE,1704633044196622980,D3:F4:55:AB:96:20,-64
BLE,1704633044385993693,D3:F4:55:AB:96:20,-58
BLE,1704633044573820500,DF:DF:EE:00:00:04,-54
BLE,1704633044771657157,D3:F4:55:AB:96:20,-63
BLE,1704633045112161459,DF:DF:EE:00:00:04,-55
BLE,1704633045159760438,D3:F4:55:AB:96:20,-49
BLE,1704633045354631864,D3:F4:55:AB:96:20,-61
BLE,1704633045927943261,D3:F4:55:AB:96:20,-64
BLE,1704633046502141276,DF:A6:DC:DC:2E:81,-82
BLE,1704633046502175234,DF:DF:EE:00:00:01,-82
BLE,1704633047084333406,D3:F4:55:AB:96:20,-57
BLE,1704633047380836164,DF:DF:EE:00:00:04,-54
BLE,1704633047845837356,DF:DF:EE:00:00:04,-55
BLE,1704633048631023484,D3:F4:55:AB:96:20,-64
BLE,1704633048820101824,D3:F4:55:AB:96:20,-64
BLE,1704633049653473718,DF:DF:EE:00:00:04,-71
BLE,1704633049991633952,D3:F4:55:AB:96:20,-61
BLE,1704633050115382597,DF:DF:EE:00:00:04,-57
BLE,1704633050385933067,D3:F4:55:AB:96:20,-62
BLE,1704633050657571073,DF:DF:EE:00:00:04,-55
BLE,1704633050958763967,D3:F4:55:AB:96:20,-62
BLE,1704633051924711697,D3:F4:55:AB:96:20,-61
BLE,1704633052115487984,D3:F4:55:AB:96:20,-64
BLE,1704633052309895748,D3:F4:55:AB:96:20,-62
BLE,1704633052689347085,D3:F4:55:AB:96:20,-61
BLE,1704633052870131855,DF:A6:DC:DC:2E:81,-76
BLE,1704633052870151396,DF:DF:EE:00:00:01,-76
BLE,1704633052882536565,D3:F4:55:AB:96:20,-62
BLE,1704633053266100292,D3:F4:55:AB:96:20,-64
BLE,1704633053457299243,D3:F4:55:AB:96:20,-61
BLE,1704633053653149164,D3:F4:55:AB:96:20,-63
BLE,1704633053926389700,DF:DF:EE:00:00:04,-53
BLE,1704633054031024803,D3:F4:55:AB:96:20,-63
BLE,1704633054226250061,D3:F4:55:AB:96:20,-63
BLE,1704633054803710097,D3:F4:55:AB:96:20,-62
BLE,1704633056165099935,D3:F4:55:AB:96:20,-62
BLE,1704633056360342443,D3:F4:55:AB:96:20,-63
BLE,1704633056390047164,DF:DF:EE:00:00:04,-54
BLE,1704633056693423294,DF:A6:DC:DC:2E:81,-84
BLE,1704633056693462377,DF:DF:EE:00:00:01,-84
BLE,1704633056745918074,D3:F4:55:AB:96:20,-48
BLE,1704633057895614596,D3:F4:55:AB:96:20,-62
BLE,1704633058088332662,D3:F4:55:AB:96:20,-61
BLE,1704633058879804457,DF:DF:EE:00:00:04,-54
BLE,1704633059045101911,D3:F4:55:AB:96:20,-63
BLE,1704633060011087725,D3:F4:55:AB:96:20,-64
BLE,1704633060399677044,D3:F4:55:AB:96:20,-64
BLE,1704633060421778399,DF:DF:EE:00:00:04,-55
BLE,1704633060587229728,D3:F4:55:AB:96:20,-58
BLE,1704633060781043078,D3:F4:55:AB:96:20,-62
BLE,1704633060888510913,DF:DF:EE:00:00:04,-54
BLE,1704633061425544381,DF:DF:EE:00:00:04,-55
BLE,1704633061552661753,D3:F4:55:AB:96:20,-62
BLE,1704633061747271973,D3:F4:55:AB:96:20,-64
BLE,1704633061887305677,DF:DF:EE:00:00:04,-55
BLE,1704633061934767740,D3:F4:55:AB:96:20,-52
BLE,1704633062317355058,D3:F4:55:AB:96:20,-62
BLE,1704633062425853552,DF:DF:EE:00:00:04,-55
BLE,1704633063061154749,DF:A6:DC:DC:2E:81,-85
BLE,1704633063061192832,DF:DF:EE:00:00:01,-85
BLE,1704633064043297623,D3:F4:55:AB:96:20,-64
BLE,1704633064421894175,DF:DF:EE:00:00:04,-54
BLE,1704633065007238826,D3:F4:55:AB:96:20,-64
BLE,1704633065196924953,D3:F4:55:AB:96:20,-64
BLE,1704633065393916199,D3:F4:55:AB:96:20,-62
BLE,1704633065423078466,DF:DF:EE:00:00:04,-53
BLE,1704633065581103968,D3:F4:55:AB:96:20,-63
BLE,1704633065776167185,D3:F4:55:AB:96:20,-64
BLE,1704633066354663256,D3:F4:55:AB:96:20,-48
BLE,1704633066885097601,DF:A6:DC:DC:2E:81,-83
BLE,1704633066885157642,DF:DF:EE:00:00:01,-83
BLE,1704633067125198313,D3:F4:55:AB:96:20,-64
BLE,1704633067157437851,DF:DF:EE:00:00:04,-53
BLE,1704633067315053898,D3:F4:55:AB:96:20,-63
BLE,1704633067508847457,D3:F4:55:AB:96:20,-63
BLE,1704633067698250795,D3:F4:55:AB:96:20,-61
BLE,1704633068281239836,D3:F4:55:AB:96:20,-62
BLE,1704633068477232005,D3:F4:55:AB:96:20,-64
BLE,1704633068858818620,D3:F4:55:AB:96:20,-64
BLE,1704633069435017289,DF:DF:EE:00:00:04,-54
BLE,1704633069631471372,D3:F4:55:AB:96:20,-62
BLE,1704633069825654304,D3:F4:55:AB:96:20,-63
BLE,1704633070210129150,D3:F4:55:AB:96:20,-63
BLE,1704633070402027013,D3:F4:55:AB:96:20,-62
BLE,1704633071176824751,D3:F4:55:AB:96:20,-63
BLE,1704633071363149025,D3:F4:55:AB:96:20,-61
BLE,1704633072132293884,D3:F4:55:AB:96:20,-63
BLE,1704633072903740102,D3:F4:55:AB:96:20,-62
BLE,1704633072983300495,DF:DF:EE:00:00:04,-54
BLE,1704633073485118237,D3:F4:55:AB:96:20,-62
BLE,1704633073675112362,D3:F4:55:AB:96:20,-47
BLE,1704633073865087488,D3:F4:55:AB:96:20,-61
BLE,1704633074060274746,D3:F4:55:AB:96:20,-64
BLE,1704633074453246870,D3:F4:55:AB:96:20,-48
BLE,1704633074829454979,D3:F4:55:AB:96:20,-48
BLE,1704633074982271849,DF:DF:EE:00:00:04,-55
BLE,1704633075209442480,D3:F4:55:AB:96:20,-61
BLE,1704633075517601037,DF:DF:EE:00:00:04,-56
BLE,1704633075593325747,D3:F4:55:AB:96:20,-62
BLE,1704633075976096313,DF:DF:EE:00:00:04,-54
BLE,1704633075983623888,D3:F4:55:AB:96:20,-62
BLE,1704633076374463443,D3:F4:55:AB:96:20,-63
BLE,1704633076514417273,DF:DF:EE:00:00:04,-53
BLE,1704633076563211452,D3:F4:55:AB:96:20,-61
BLE,1704633076756070600,D3:F4:55:AB:96:20,-63
BLE,1704633077142891931,D3:F4:55:AB:96:20,-64
BLE,1704633077527113571,D3:F4:55:AB:96:20,-63
BLE,1704633078303818713,D3:F4:55:AB:96:20,-64
BLE,1704633078343016663,DF:A6:DC:DC:2E:81,-72
BLE,1704633078343038413,DF:DF:EE:00:00:01,-72
BLE,1704633078498799764,D3:F4:55:AB:96:20,-62
BLE,1704633078521511031,DF:DF:EE:00:00:04,-53
BLE,1704633078878846556,D3:F4:55:AB:96:20,-63
BLE,1704633079270153524,D3:F4:55:AB:96:20,-62
BLE,1704633079477399911,DF:DF:EE:00:00:04,-64
BLE,1704633079842553885,D3:F4:55:AB:96:20,-62
BLE,1704633080035965113,D3:F4:55:AB:96:20,-62
BLE,1704633080416682401,D3:F4:55:AB:96:20,-63
BLE,1704633080612725903,D3:F4:55:AB:96:20,-61
BLE,1704633081299762718,DF:DF:EE:00:00:04,-45
BLE,1704633081391701030,D3:F4:55:AB:96:20,-63
BLE,1704633081581270992,D3:F4:55:AB:96:20,-62
BLE,1704633081758810574,DF:DF:EE:00:00:04,-54
BLE,1704633081775189591,D3:F4:55:AB:96:20,-47
BLE,1704633081971857715,D3:F4:55:AB:96:20,-48
BLE,1704633082167789759,DF:A6:DC:DC:2E:81,-84
BLE,1704633082167840717,DF:DF:EE:00:00:01,-84
BLE,1704633082357983842,D3:F4:55:AB:96:20,-64
BLE,1704633083125823084,D3:F4:55:AB:96:20,-64
BLE,1704633083312651480,D3:F4:55:AB:96:20,-48
BLE,1704633083700933135,D3:F4:55:AB:96:20,-63
BLE,1704633083891227800,D3:F4:55:AB:96:20,-63
BLE,1704633084032714328,DF:DF:EE:00:00:04,-54
BLE,1704633084080848595,D3:F4:55:AB:96:20,-61
BLE,1704633084569986961,DF:DF:EE:00:00:04,-48
BLE,1704633084865355560,D3:F4:55:AB:96:20,-61
BLE,1704633085059222744,D3:F4:55:AB:96:20,-62
BLE,1704633086007607381,D3:F4:55:AB:96:20,-64
BLE,1704633086030284982,DF:DF:EE:00:00:04,-55
BLE,1704633086394940042,D3:F4:55:AB:96:20,-48
BLE,1704633086776487450,D3:F4:55:AB:96:20,-48
BLE,1704633087173009884,D3:F4:55:AB:96:20,-64
BLE,1704633087551994850,D3:F4:55:AB:96:20,-64
BLE,1704633088317257609,D3:F4:55:AB:96:20,-64
BLE,1704633088572471513,DF:DF:EE:00:00:04,-51
BLE,1704633089475928613,D3:F4:55:AB:96:20,-61
BLE,1704633089531981078,DF:DF:EE:00:00:04,-53
BLE,1704633089675454135,D3:F4:55:AB:96:20,-63
BLE,1704633090252215091,D3:F4:55:AB:96:20,-64
BLE,1704633090447493724,D3:F4:55:AB:96:20,-62
BLE,1704633090533430534,DF:DF:EE:00:00:04,-54
BLE,1704633090640337831,D3:F4:55:AB:96:20,-64
BLE,1704633090829672794,D3:F4:55:AB:96:20,-61
BLE,1704633091024288722,D3:F4:55:AB:96:20,-63
BLE,1704633091075844841,DF:A6:DC:DC:2E:81,-83
BLE,1704633091075865550,DF:DF:EE:00:00:01,-83
BLE,1704633091215542923,D3:F4:55:AB:96:20,-48
BLE,1704633091600937805,D3:F4:55:AB:96:20,-62
BLE,1704633091794103284,D3:F4:55:AB:96:20,-61
BLE,1704633091985218486,D3:F4:55:AB:96:20,-64
BLE,1704633092176786393,D3:F4:55:AB:96:20,-63
BLE,1704633092370568618,D3:F4:55:AB:96:20,-64
BLE,1704633092558917588,D3:F4:55:AB:96:20,-61
BLE,1704633092747705721,D3:F4:55:AB:96:20,-64
BLE,1704633093085160919,DF:DF:EE:00:00:04,-54
BLE,1704633093323602267,D3:F4:55:AB:96:20,-61
BLE,1704633093520202141,D3:F4:55:AB:96:20,-64
BLE,1704633093710057392,D3:F4:55:AB:96:20,-61
BLE,1704633094095618107,D3:F4:55:AB:96:20,-62
BLE,1704633094287130555,D3:F4:55:AB:96:20,-63
BLE,1704633094865839416,D3:F4:55:AB:96:20,-62
BLE,1704633094867211449,D3:F4:55:AB:96:20,-63
BLE,1704633094899340071,DF:DF:EE:00:00:04,-53
BLE,1704633095056451454,D3:F4:55:AB:96:20,-63
BLE,1704633095364054681,DF:DF:EE:00:00:04,-51
BLE,1704633095445106857,D3:F4:55:AB:96:20,-62
BLE,1704633095640789486,D3:F4:55:AB:96:20,-62
BLE,1704633095840761421,D3:F4:55:AB:96:20,-63
BLE,1704633095904404753,DF:DF:EE:00:00:04,-40
BLE,1704633096423406631,D3:F4:55:AB:96:20,-64
BLE,1704633096613580422,D3:F4:55:AB:96:20,-63
BLE,1704633096614928871,D3:F4:55:AB:96:20,-62
BLE,1704633096807474313,D3:F4:55:AB:96:20,-62
BLE,1704633096899860498,DF:DF:EE:00:00:04,-71
BLE,1704633097188415142,D3:F4:55:AB:96:20,-63
BLE,1704633097360415010,DF:DF:EE:00:00:04,-54
BLE,1704633097375190163,D3:F4:55:AB:96:20,-62
BLE,1704633097572204451,D3:F4:55:AB:96:20,-62
BLE,1704633097760065215,D3:F4:55:AB:96:20,-63
BLE,1704633097956010260,D3:F4:55:AB:96:20,-63
BLE,1704633098335646680,D3:F4:55:AB:96:20,-47
BLE,1704633098634369424,DF:DF:EE:00:00:04,-53
BLE,1704633098722875217,D3:F4:55:AB:96:20,-62
BLE,1704633098725455033,DF:A6:DC:DC:2E:81,-83
BLE,1704633098725485991,DF:DF:EE:00:00:01,-83
BLE,1704633098914148417,D3:F4:55:AB:96:20,-62
BLE,1704633099103008467,D3:F4:55:AB:96:20,-47
BLE,1704633099289021535,D3:F4:55:AB:96:20,-57
BLE,1704633099866619153,D3:F4:55:AB:96:20,-64
BLE,1704633100256251132,D3:F4:55:AB:96:20,-62
BLE,1704633100453378711,D3:F4:55:AB:96:20,-53
BLE,1704633100908975298,DF:DF:EE:00:00:04,-53
BLE,1704633101210479815,D3:F4:55:AB:96:20,-64
BLE,1704633101447412090,DF:DF:EE:00:00:04,-54
BLE,1704633101595366325,D3:F4:55:AB:96:20,-64
BLE,1704633101911137082,DF:DF:EE:00:00:04,-55
BLE,1704633102448511923,DF:DF:EE:00:00:04,-55
BLE,1704633102551115248,DF:A6:DC:DC:2E:81,-82
BLE,1704633102551129123,DF:DF:EE:00:00:01,-82
BLE,1704633102553469066,D3:F4:55:AB:96:20,-64
BLE,1704633102745768343,D3:F4:55:AB:96:20,-64
BLE,1704633102933643066,D3:F4:55:AB:96:20,-63
BLE,1704633103128242786,D3:F4:55:AB:96:20,-64
BLE,1704633103315531179,D3:F4:55:AB:96:20,-62
BLE,1704633103698861867,D3:F4:55:AB:96:20,-61
BLE,1704633103894359873,D3:F4:55:AB:96:20,-63
BLE,1704633104086632691,D3:F4:55:AB:96:20,-63
BLE,1704633104186944948,DF:DF:EE:00:00:04,-56
BLE,1704633104283227815,D3:F4:55:AB:96:20,-61
BLE,1704633104854048019,D3:F4:55:AB:96:20,-64
BLE,1704633105042729695,D3:F4:55:AB:96:20,-62
BLE,1704633105092941032,DF:A6:DC:DC:2E:81,-84
BLE,1704633105092975281,DF:DF:EE:00:00:01,-84
BLE,1704633105186143169,DF:DF:EE:00:00:04,-38
BLE,1704633105624782201,D3:F4:55:AB:96:20,-64
BLE,1704633105814109497,D3:F4:55:AB:96:20,-63
BLE,1704633106006679397,D3:F4:55:AB:96:20,-64
BLE,1704633106193059463,D3:F4:55:AB:96:20,-57
BLE,1704633106393329646,D3:F4:55:AB:96:20,-63
BLE,1704633106780210560,D3:F4:55:AB:96:20,-62
BLE,1704633107928497508,D3:F4:55:AB:96:20,-62
BLE,1704633108510280932,D3:F4:55:AB:96:20,-62
BLE,1704633108706138019,D3:F4:55:AB:96:20,-62
BLE,1704633108893795327,D3:F4:55:AB:96:20,-62
BLE,1704633109003194524,DF:DF:EE:00:00:04,-56
BLE,1704633109092946059,D3:F4:55:AB:96:20,-63
BLE,1704633109473518306,D3:F4:55:AB:96:20,-62
BLE,1704633109662928227,D3:F4:55:AB:96:20,-61
BLE,1704633109855047380,D3:F4:55:AB:96:20,-48
BLE,1704633110236832161,D3:F4:55:AB:96:20,-62
BLE,1704633110821427108,D3:F4:55:AB:96:20,-64
BLE,1704633111459305621,DF:A6:DC:DC:2E:81,-82
BLE,1704633111459343246,DF:DF:EE:00:00:01,-82
BLE,1704633112171991184,D3:F4:55:AB:96:20,-59
BLE,1704633112270601785,DF:DF:EE:00:00:04,-42
BLE,1704633112554370378,D3:F4:55:AB:96:20,-64
BLE,1704633113276930834,DF:DF:EE:00:00:04,-56
BLE,1704633113517950124,D3:F4:55:AB:96:20,-62
BLE,1704633114003838012,DF:A6:DC:DC:2E:81,-82
BLE,1704633114003871511,DF:DF:EE:00:00:01,-82
BLE,1704633114482343656,D3:F4:55:AB:96:20,-63
BLE,1704633114673169901,D3:F4:55:AB:96:20,-63
BLE,1704633114867925871,D3:F4:55:AB:96:20,-64
BLE,1704633115062279134,D3:F4:55:AB:96:20,-62
BLE,1704633116027539203,D3:F4:55:AB:96:20,-62
BLE,1704633116225484068,D3:F4:55:AB:96:20,-62
BLE,1704633116413387623,D3:F4:55:AB:96:20,-62
BLE,1704633116605728942,D3:F4:55:AB:96:20,-64
BLE,1704633116986804977,D3:F4:55:AB:96:20,-64
BLE,1704633117180362663,D3:F4:55:AB:96:20,-62
BLE,1704633117280875002,DF:DF:EE:00:00:04,-41
BLE,1704633117375631420,D3:F4:55:AB:96:20,-64
BLE,1704633117570569513,D3:F4:55:AB:96:20,-63
BLE,1704633118729939888,D3:F4:55:AB:96:20,-63
BLE,1704633119091401470,DF:A6:DC:DC:2E:81,-82
BLE,1704633119091438219,DF:DF:EE:00:00:01,-82
BLE,1704633119498888165,D3:F4:55:AB:96:20,-64
BLE,1704633120271686041,D3:F4:55:AB:96:20,-64
BLE,1704633120279205116,DF:DF:EE:00:00:04,-54
BLE,1704633120459238516,D3:F4:55:AB:96:20,-62
BLE,1704633120654435065,D3:F4:55:AB:96:20,-63
BLE,1704633120818280071,DF:DF:EE:00:00:04,-47
BLE,1704633121276947888,DF:DF:EE:00:00:04,-50
BLE,1704633121415217353,D3:F4:55:AB:96:20,-62
BLE,1704633121630943768,DF:A6:DC:DC:2E:81,-83
BLE,1704633121630960768,DF:DF:EE:00:00:01,-83
BLE,1704633121793618157,D3:F4:55:AB:96:20,-53
BLE,1704633122173500450,D3:F4:55:AB:96:20,-57
BLE,1704633122948291354,D3:F4:55:AB:96:20,-64
BLE,1704633123335302892,D3:F4:55:AB:96:20,-63
BLE,1704633123716835592,D3:F4:55:AB:96:20,-47
BLE,1704633124865032165,D3:F4:55:AB:96:20,-64
BLE,1704633125059565678,D3:F4:55:AB:96:20,-63
BLE,1704633125442679908,D3:F4:55:AB:96:20,-62
BLE,1704633125832243054,D3:F4:55:AB:96:20,-62
BLE,1704633126412379947,D3:F4:55:AB:96:20,-48
BLE,1704633126603248234,D3:F4:55:AB:96:20,-57
BLE,1704633127564325413,D3:F4:55:AB:96:20,-64
BLE,1704633128108189837,DF:DF:EE:00:00:04,-49
BLE,1704633128132949215,D3:F4:55:AB:96:20,-61
BLE,1704633128326031446,D3:F4:55:AB:96:20,-64
BLE,1704633128645860134,DF:DF:EE:00:00:04,-55
BLE,1704633128712682653,D3:F4:55:AB:96:20,-63
BLE,1704633128908692155,D3:F4:55:AB:96:20,-64
BLE,1704633129101877760,D3:F4:55:AB:96:20,-62
BLE,1704633129295300571,D3:F4:55:AB:96:20,-63
BLE,1704633129484869908,D3:F4:55:AB:96:20,-61
BLE,1704633129680146373,D3:F4:55:AB:96:20,-62
BLE,1704633130633727435,D3:F4:55:AB:96:20,-62
BLE,1704633131016456043,D3:F4:55:AB:96:20,-61
BLE,1704633131206793583,D3:F4:55:AB:96:20,-63
BLE,1704633131382612344,DF:DF:EE:00:00:04,-55
BLE,1704633131396737042,D3:F4:55:AB:96:20,-63
BLE,1704633132545770527,D3:F4:55:AB:96:20,-52
BLE,1704633132739484003,D3:F4:55:AB:96:20,-64
BLE,1704633133320750389,D3:F4:55:AB:96:20,-64
BLE,1704633133512131339,D3:F4:55:AB:96:20,-61
BLE,1704633134088011926,D3:F4:55:AB:96:20,-63
BLE,1704633134273529165,D3:F4:55:AB:96:20,-61
BLE,1704633134368769038,DF:A6:DC:DC:2E:81,-84
BLE,1704633134368843121,DF:DF:EE:00:00:01,-84
BLE,1704633134472743688,D3:F4:55:AB:96:20,-63
BLE,1704633134666402622,D3:F4:55:AB:96:20,-62
BLE,1704633134857773281,D3:F4:55:AB:96:20,-85
BLE,1704633135242899498,D3:F4:55:AB:96:20,-48
BLE,1704633135632090147,D3:F4:55:AB:96:20,-62
BLE,1704633136204310383,DF:DF:EE:00:00:04,-55
BLE,1704633136587962360,D3:F4:55:AB:96:20,-59
BLE,1704633136779401809,D3:F4:55:AB:96:20,-64
BLE,1704633137164129696,D3:F4:55:AB:96:20,-62
BLE,1704633137200439915,DF:DF:EE:00:00:04,-53
BLE,1704633137355858060,D3:F4:55:AB:96:20,-57
BLE,1704633137922637458,D3:F4:55:AB:96:20,-63
BLE,1704633138206002219,DF:DF:EE:00:00:04,-55
BLE,1704633138317984733,D3:F4:55:AB:96:20,-63
BLE,1704633138505366417,D3:F4:55:AB:96:20,-61
BLE,1704633138894778981,D3:F4:55:AB:96:20,-63
BLE,1704633139283241759,D3:F4:55:AB:96:20,-53
BLE,1704633139670543504,D3:F4:55:AB:96:20,-77
BLE,1704633140251268310,D3:F4:55:AB:96:20,-64
BLE,1704633140635768656,D3:F4:55:AB:96:20,-62
BLE,1704633140753282800,DF:DF:EE:00:00:04,-53
BLE,1704633141016162071,D3:F4:55:AB:96:20,-64
BLE,1704633141586087698,D3:F4:55:AB:96:20,-61
BLE,1704633141968651807,D3:F4:55:AB:96:20,-63
BLE,1704633142024491773,DF:DF:EE:00:00:04,-55
BLE,1704633142362672966,D3:F4:55:AB:96:20,-48
BLE,1704633143306718090,DF:DF:EE:00:00:04,-54
BLE,1704633143836223108,DF:DF:EE:00:00:04,-72
BLE,1704633143899914856,D3:F4:55:AB:96:20,-47
BLE,1704633144298640859,DF:DF:EE:00:00:04,-55
BLE,1704633144676165042,D3:F4:55:AB:96:20,-48
BLE,1704633145051610115,D3:F4:55:AB:96:20,-62
BLE,1704633145304213662,DF:DF:EE:00:00:04,-54
BLE,1704633145439217857,D3:F4:55:AB:96:20,-63
BLE,1704633145841299546,DF:DF:EE:00:00:04,-54
BLE,1704633146019707165,D3:F4:55:AB:96:20,-61
BLE,1704633146302904677,DF:DF:EE:00:00:04,-55
BLE,1704633146403488807,D3:F4:55:AB:96:20,-48
BLE,1704633146837602244,DF:DF:EE:00:00:04,-56
BLE,1704633147305616541,DF:DF:EE:00:00:04,-54
BLE,1704633147362921164,D3:F4:55:AB:96:20,-63
BLE,1704633147550954428,D3:F4:55:AB:96:20,-63
BLE,1704633147742966415,D3:F4:55:AB:96:20,-64
BLE,1704633147840971645,DF:DF:EE:00:00:04,-55
BLE,1704633148323324265,D3:F4:55:AB:96:20,-63
BLE,1704633148516820159,D3:F4:55:AB:96:20,-62
BLE,1704633148902137917,D3:F4:55:AB:96:20,-48
BLE,1704633149094872899,D3:F4:55:AB:96:20,-64
BLE,1704633149283711865,D3:F4:55:AB:96:20,-58
BLE,1704633149585643755,DF:DF:EE:00:00:04,-53
BLE,1704633149678929891,D3:F4:55:AB:96:20,-62
BLE,1704633149866253326,D3:F4:55:AB:96:20,-61
BLE,1704633150060840421,D3:F4:55:AB:96:20,-59
BLE,1704633150114599734,DF:DF:EE:00:00:04,-53
BLE,1704633150444520440,D3:F4:55:AB:96:20,-64
BLE,1704633150578791265,DF:DF:EE:00:00:04,-51
BLE,1704633150826779509,D3:F4:55:AB:96:20,-64
BLE,1704633150924846406,DF:A6:DC:DC:2E:81,-82
BLE,1704633150924861781,DF:DF:EE:00:00:01,-82
BLE,1704633151121784652,DF:DF:EE:00:00:04,-56
BLE,1704633151209348785,D3:F4:55:AB:96:20,-64
BLE,1704633152125076887,DF:DF:EE:00:00:04,-53
BLE,1704633152584731739,DF:DF:EE:00:00:04,-56
BLE,1704633152738470062,D3:F4:55:AB:96:20,-64
BLE,1704633153123565779,D3:F4:55:AB:96:20,-54
BLE,1704633153507818835,D3:F4:55:AB:96:20,-64
BLE,1704633153896969276,D3:F4:55:AB:96:20,-62
BLE,1704633154476142092,D3:F4:55:AB:96:20,-81
BLE,1704633154668252703,D3:F4:55:AB:96:20,-63
BLE,1704633154855466472,DF:DF:EE:00:00:04,-55
BLE,1704633155399107939,DF:DF:EE:00:00:04,-55
BLE,1704633156773990022,D3:F4:55:AB:96:20,-58
BLE,1704633156964721226,D3:F4:55:AB:96:20,-64
BLE,1704633157133884780,DF:DF:EE:00:00:04,-54
BLE,1704633157157335542,D3:F4:55:AB:96:20,-47
BLE,1704633157356076152,D3:F4:55:AB:96:20,-64
BLE,1704633157668767345,DF:DF:EE:00:00:04,-54
BLE,1704633158124788596,D3:F4:55:AB:96:20,-63
BLE,1704633158136498228,DF:DF:EE:00:00:04,-56
BLE,1704633158321892508,D3:F4:55:AB:96:20,-64
BLE,1704633158513326791,D3:F4:55:AB:96:20,-62
BLE,1704633158667446569,DF:DF:EE:00:00:04,-38
BLE,1704633159091650529,D3:F4:55:AB:96:20,-64
BLE,1704633159288666900,D3:F4:55:AB:96:20,-64
BLE,1704633159474718135,D3:F4:55:AB:96:20,-61
BLE,1704633159668162779,D3:F4:55:AB:96:20,-64
BLE,1704633159673094372,DF:DF:EE:00:00:04,-55
BLE,1704633160137213861,DF:DF:EE:00:00:04,-53
BLE,1704633160247410720,D3:F4:55:AB:96:20,-64
BLE,1704633160633379182,D3:F4:55:AB:96:20,-64
BLE,1704633160826935034,D3:F4:55:AB:96:20,-61
BLE,1704633162355789021,D3:F4:55:AB:96:20,-61
BLE,1704633162380167527,DF:A6:DC:DC:2E:81,-84
BLE,1704633162380184194,DF:DF:EE:00:00:01,-84
BLE,1704633162404064537,DF:DF:EE:00:00:04,-53
BLE,1704633162548103714,D3:F4:55:AB:96:20,-64
BLE,1704633162943455864,DF:DF:EE:00:00:04,-54
BLE,1704633163412031283,DF:DF:EE:00:00:04,-54
BLE,1704633163903503759,D3:F4:55:AB:96:20,-64
BLE,1704633164090656319,D3:F4:55:AB:96:20,-63
BLE,1704633164407504236,DF:DF:EE:00:00:04,-44
BLE,1704633164485694263,D3:F4:55:AB:96:20,-62
BLE,1704633164676639924,D3:F4:55:AB:96:20,-62
BLE,1704633164923490092,DF:A6:DC:DC:2E:81,-81
BLE,1704633164923524342,DF:DF:EE:00:00:01,-81
BLE,1704633164946641732,DF:DF:EE:00:00:04,-54
BLE,1704633164948185972,DF:DF:EE:00:00:04,-54
BLE,1704633165071919324,D3:F4:55:AB:96:20,-62
BLE,1704633165453812355,D3:F4:55:AB:96:20,-64
BLE,1704633165639892464,D3:F4:55:AB:96:20,-62
BLE,1704633165831543704,D3:F4:55:AB:96:20,-64
BLE,1704633165946634905,DF:DF:EE:00:00:04,-56
BLE,1704633166024194937,D3:F4:55:AB:96:20,-63
BLE,1704633166221021476,D3:F4:55:AB:96:20,-64
BLE,1704633166604111665,D3:F4:55:AB:96:20,-64
BLE,1704633166983744293,D3:F4:55:AB:96:20,-64
BLE,1704633167951115806,D3:F4:55:AB:96:20,-63
BLE,1704633168523977372,D3:F4:55:AB:96:20,-62
BLE,1704633168718852923,D3:F4:55:AB:96:20,-70
BLE,1704633169100850370,D3:F4:55:AB:96:20,-62
BLE,1704633169457394400,DF:DF:EE:00:00:04,-55
BLE,1704633169682080797,D3:F4:55:AB:96:20,-63
BLE,1704633169997766263,DF:DF:EE:00:00:04,-55
BLE,1704633170267031075,D3:F4:55:AB:96:20,-58
BLE,1704633170457089992,DF:DF:EE:00:00:04,-47
BLE,1704633170854181839,D3:F4:55:AB:96:20,-62
BLE,1704633170996705235,DF:DF:EE:00:00:04,-54
BLE,1704633171045998744,D3:F4:55:AB:96:20,-62
BLE,1704633171430425174,D3:F4:55:AB:96:20,-48
BLE,1704633171455204844,DF:DF:EE:00:00:04,-55
BLE,1704633172002528828,DF:DF:EE:00:00:04,-55
BLE,1704633172457719626,DF:DF:EE:00:00:04,-53
BLE,1704633172975285181,D3:F4:55:AB:96:20,-53
BLE,1704633172995836962,DF:DF:EE:00:00:04,-54
BLE,1704633173360109900,D3:F4:55:AB:96:20,-61
BLE,1704633173463631677,DF:DF:EE:00:00:04,-55
BLE,1704633173942457445,D3:F4:55:AB:96:20,-61
BLE,1704633173996083842,DF:DF:EE:00:00:04,-40
BLE,1704633174135870298,D3:F4:55:AB:96:20,-64
BLE,1704633174456617688,DF:DF:EE:00:00:04,-54
BLE,1704633174527844428,D3:F4:55:AB:96:20,-61
BLE,1704633174996382472,DF:DF:EE:00:00:04,-56
BLE,1704633175064173526,DF:DF:EE:00:00:04,-55
BLE,1704633175093643291,D3:F4:55:AB:96:20,-48
BLE,1704633175472922588,D3:F4:55:AB:96:20,-63
BLE,1704633175963414362,DF:DF:EE:00:00:04,-51
BLE,1704633176052382319,D3:F4:55:AB:96:20,-59
BLE,1704633177766632253,DF:DF:EE:00:00:04,-73
BLE,1704633177771797636,D3:F4:55:AB:96:20,-61
BLE,1704633178160807494,D3:F4:55:AB:96:20,-64
BLE,1704633178233712973,DF:DF:EE:00:00:04,-55
BLE,1704633178355671546,D3:F4:55:AB:96:20,-61
BLE,1704633178550462348,D3:F4:55:AB:96:20,-63
BLE,1704633178741501884,D3:F4:55:AB:96:20,-62
BLE,1704633178932625668,D3:F4:55:AB:96:20,-64
BLE,1704633179767527261,DF:DF:EE:00:00:04,-55
BLE,1704633179892344148,D3:F4:55:AB:96:20,-63
BLE,1704633180272823813,D3:F4:55:AB:96:20,-62
BLE,1704633180661492423,D3:F4:55:AB:96:20,-64
BLE,1704633180770575956,DF:DF:EE:00:00:04,-54
BLE,1704633181232732291,DF:DF:EE:00:00:04,-53
BLE,1704633181246324994,D3:F4:55:AB:96:20,-58
BLE,1704633182206551512,D3:F4:55:AB:96:20,-48
BLE,1704633182401430522,D3:F4:55:AB:96:20,-48
BLE,1704633182739816213,DF:A6:DC:DC:2E:81,-82
BLE,1704633182739849880,DF:DF:EE:00:00:01,-82
BLE,1704633182766398163,DF:DF:EE:00:00:04,-47
BLE,1704633182783490176,D3:F4:55:AB:96:20,-61
BLE,1704633182841500419,DF:DF:EE:00:00:04,-55
BLE,1704633183167938648,D3:F4:55:AB:96:20,-48
BLE,1704633184000167924,DF:DF:EE:00:00:04,-53
BLE,1704633184541468781,DF:DF:EE:00:00:04,-38
BLE,1704633184707506939,D3:F4:55:AB:96:20,-62
BLE,1704633185004119113,DF:DF:EE:00:00:04,-41
BLE,1704633185091901078,D3:F4:55:AB:96:20,-62
BLE,1704633185548455242,DF:DF:EE:00:00:04,-63
BLE,1704633185868889135,D3:F4:55:AB:96:20,-63
BLE,1704633186061467535,D3:F4:55:AB:96:20,-59
BLE,1704633187405345822,D3:F4:55:AB:96:20,-62
BLE,1704633187790730954,D3:F4:55:AB:96:20,-64
BLE,1704633187983794601,D3:F4:55:AB:96:20,-61
BLE,1704633188279015034,DF:DF:EE:00:00:04,-54
BLE,1704633188812173403,DF:DF:EE:00:00:04,-55
BLE,1704633189110456358,DF:A6:DC:DC:2E:81,-83
BLE,1704633189110474608,DF:DF:EE:00:00:01,-83
BLE,1704633189502082491,D3:F4:55:AB:96:20,-64
BLE,1704633189691823159,D3:F4:55:AB:96:20,-63
BLE,1704633190271225766,D3:F4:55:AB:96:20,-59
BLE,1704633190460751102,D3:F4:55:AB:96:20,-63
BLE,1704633191042278361,D3:F4:55:AB:96:20,-48
BLE,1704633191089069804,DF:DF:EE:00:00:04,-53
BLE,1704633191238153323,D3:F4:55:AB:96:20,-48
BLE,1704633191623687163,D3:F4:55:AB:96:20,-64
BLE,1704633192008808130,D3:F4:55:AB:96:20,-63
BLE,1704633192094976563,DF:DF:EE:00:00:04,-56
BLE,1704633192198531674,D3:F4:55:AB:96:20,-63
BLE,1704633192389769958,D3:F4:55:AB:96:20,-62
BLE,1704633192551617018,DF:DF:EE:00:00:04,-54
BLE,1704633192577248391,D3:F4:55:AB:96:20,-61
BLE,1704633192767491015,D3:F4:55:AB:96:20,-64
BLE,1704633192954498119,D3:F4:55:AB:96:20,-62
BLE,1704633193143328794,D3:F4:55:AB:96:20,-62
BLE,1704633193551724441,DF:DF:EE:00:00:04,-55
BLE,1704633193909517296,D3:F4:55:AB:96:20,-62
BLE,1704633194105802714,D3:F4:55:AB:96:20,-61
BLE,1704633194548488552,DF:DF:EE:00:00:04,-55
BLE,1704633195260925700,D3:F4:55:AB:96:20,-63
BLE,1704633195457060660,D3:F4:55:AB:96:20,-61
BLE,1704633195477938231,DF:A6:DC:DC:2E:81,-83
BLE,1704633195477949731,DF:DF:EE:00:00:01,-83
BLE,1704633195654164531,D3:F4:55:AB:96:20,-63
BLE,1704633196604316407,D3:F4:55:AB:96:20,-62
BLE,1704633197362414671,DF:DF:EE:00:00:04,-56
BLE,1704633197822490979,DF:DF:EE:00:00:04,-55
BLE,1704633197949448352,D3:F4:55:AB:96:20,-62
BLE,1704633198140543596,D3:F4:55:AB:96:20,-64
BLE,1704633198526361142,D3:F4:55:AB:96:20,-64
BLE,1704633198714385863,D3:F4:55:AB:96:20,-62
BLE,1704633198828259781,DF:DF:EE:00:00:04,-54
BLE,1704633198909384248,D3:F4:55:AB:96:20,-64
BLE,1704633199102028064,D3:F4:55:AB:96:20,-57
BLE,1704633199296843074,D3:F4:55:AB:96:20,-63
BLE,1704633199684153486,D3:F4:55:AB:96:20,-61
BLE,1704633200061898085,D3:F4:55:AB:96:20,-64
BLE,1704633200097130728,DF:DF:EE:00:00:04,-54
BLE,1704633200259101996,D3:F4:55:AB:96:20,-48
BLE,1704633200446326348,D3:F4:55:AB:96:20,-49
BLE,1704633200637430258,DF:DF:EE:00:00:04,-54
BLE,1704633200642621015,D3:F4:55:AB:96:20,-63
BLE,1704633201101222291,DF:DF:EE:00:00:04,-54
BLE,1704633201414513647,D3:F4:55:AB:96:20,-61
BLE,1704633201612146306,D3:F4:55:AB:96:20,-64
BLE,1704633202001416371,D3:F4:55:AB:96:20,-63
BLE,1704633202195796134,D3:F4:55:AB:96:20,-63
BLE,1704633202579577027,D3:F4:55:AB:96:20,-53
BLE,1704633202768030037,D3:F4:55:AB:96:20,-63
BLE,1704633202921705485,DF:DF:EE:00:00:04,-53
BLE,1704633202963993957,D3:F4:55:AB:96:20,-80
BLE,1704633203104275159,DF:A6:DC:DC:2E:81,-82
BLE,1704633203104312368,DF:DF:EE:00:00:01,-82
BLE,1704633203381825543,DF:DF:EE:00:00:04,-55
BLE,1704633203915405158,DF:DF:EE:00:00:04,-54
BLE,1704633204495307720,D3:F4:55:AB:96:20,-63
BLE,1704633204680865666,D3:F4:55:AB:96:20,-63
BLE,1704633205066307298,D3:F4:55:AB:96:20,-62
BLE,1704633205838940633,D3:F4:55:AB:96:20,-62
BLE,1704633206026888480,D3:F4:55:AB:96:20,-62
BLE,1704633206375883977,DF:DF:EE:00:00:04,-54
BLE,1704633206413420438,D3:F4:55:AB:96:20,-61
BLE,1704633206995399569,D3:F4:55:AB:96:20,-48
BLE,1704633207191266531,D3:F4:55:AB:96:20,-58
BLE,1704633208156775265,D3:F4:55:AB:96:20,-59
BLE,1704633208345998895,D3:F4:55:AB:96:20,-62
BLE,1704633208540544366,D3:F4:55:AB:96:20,-62
BLE,1704633208729314041,D3:F4:55:AB:96:20,-48
BLE,1704633208927069157,D3:F4:55:AB:96:20,-62
BLE,1704633209119148769,D3:F4:55:AB:96:20,-63
BLE,1704633209191924498,DF:DF:EE:00:00:04,-56
BLE,1704633209499349727,D3:F4:55:AB:96:20,-48
BLE,1704633209646965131,DF:DF:EE:00:00:04,-40
BLE,1704633209690578594,D3:F4:55:AB:96:20,-53
BLE,1704633210653810343,DF:DF:EE:00:00:04,-56
BLE,1704633210731880787,DF:A6:DC:DC:2E:81,-83
BLE,1704633210731911871,DF:DF:EE:00:00:01,-83
BLE,1704633210846399076,D3:F4:55:AB:96:20,-61
BLE,1704633211428448373,D3:F4:55:AB:96:20,-62
BLE,1704633212006836069,D3:F4:55:AB:96:20,-59
BLE,1704633212196714112,D3:F4:55:AB:96:20,-62
BLE,1704633212390724420,D3:F4:55:AB:96:20,-64
BLE,1704633212971991430,D3:F4:55:AB:96:20,-64
BLE,1704633214466885891,DF:DF:EE:00:00:04,-54
BLE,1704633214503181568,D3:F4:55:AB:96:20,-64
BLE,1704633216438628131,D3:F4:55:AB:96:20,-64
BLE,1704633216628173302,D3:F4:55:AB:96:20,-57
BLE,1704633216817101892,D3:F4:55:AB:96:20,-48
BLE,1704633217196032567,D3:F4:55:AB:96:20,-64
BLE,1704633217474873692,DF:DF:EE:00:00:04,-55
BLE,1704633217573864874,D3:F4:55:AB:96:20,-61
BLE,1704633217965115217,D3:F4:55:AB:96:20,-63
BLE,1704633218154665304,D3:F4:55:AB:96:20,-63
BLE,1704633218352677127,D3:F4:55:AB:96:20,-48
BLE,1704633218538132574,D3:F4:55:AB:96:20,-62
BLE,1704633218734511366,D3:F4:55:AB:96:20,-64
BLE,1704633218921587219,D3:F4:55:AB:96:20,-61
BLE,1704633219119769999,D3:F4:55:AB:96:20,-62
BLE,1704633219505711127,D3:F4:55:AB:96:20,-62
BLE,1704633220085341107,D3:F4:55:AB:96:20,-64
BLE,1704633220273256996,D3:F4:55:AB:96:20,-63
BLE,1704633220465928396,D3:F4:55:AB:96:20,-64
BLE,1704633220652590501,D3:F4:55:AB:96:20,-61
BLE,1704633220749228824,DF:DF:EE:00:00:04,-53
BLE,1704633220851630526,D3:F4:55:AB:96:20,-64
BLE,1704633221037715843,D3:F4:55:AB:96:20,-48
BLE,1704633221294416905,DF:DF:EE:00:00:04,-55
BLE,1704633221433489407,D3:F4:55:AB:96:20,-59
BLE,1704633221623701698,D3:F4:55:AB:96:20,-48
BLE,1704633221749858118,DF:DF:EE:00:00:04,-54
BLE,1704633221815145147,D3:F4:55:AB:96:20,-64
BLE,1704633222004893274,D3:F4:55:AB:96:20,-61
BLE,1704633222193981823,D3:F4:55:AB:96:20,-64
BLE,1704633222389598578,D3:F4:55:AB:96:20,-63
BLE,1704633222586594990,D3:F4:55:AB:96:20,-61
BLE,1704633222754520511,DF:DF:EE:00:00:04,-55
BLE,1704633223166718092,D3:F4:55:AB:96:20,-64
BLE,1704633223355969889,D3:F4:55:AB:96:20,-61
BLE,1704633223467111075,DF:A6:DC:DC:2E:81,-83
BLE,1704633223467135533,DF:DF:EE:00:00:01,-83
BLE,1704633223548700871,D3:F4:55:AB:96:20,-62
BLE,1704633223735544476,D3:F4:55:AB:96:20,-63
BLE,1704633224119741741,D3:F4:55:AB:96:20,-61
BLE,1704633224313526425,D3:F4:55:AB:96:20,-63
BLE,1704633224501907686,D3:F4:55:AB:96:20,-62
BLE,1704633224698343019,D3:F4:55:AB:96:20,-47
BLE,1704633224889889843,D3:F4:55:AB:96:20,-62
BLE,1704633225281814640,D3:F4:55:AB:96:20,-64
BLE,1704633226052973860,D3:F4:55:AB:96:20,-62
BLE,1704633227122708992,DF:DF:EE:00:00:04,-55
BLE,1704633227215833629,D3:F4:55:AB:96:20,-64
BLE,1704633227578481203,DF:DF:EE:00:00:04,-55
BLE,1704633227791642092,D3:F4:55:AB:96:20,-64
BLE,1704633229325787420,D3:F4:55:AB:96:20,-64
BLE,1704633229705304174,D3:F4:55:AB:96:20,-63
BLE,1704633230085098551,D3:F4:55:AB:96:20,-61
BLE,1704633230467775784,D3:F4:55:AB:96:20,-64
BLE,1704633230854772781,D3:F4:55:AB:96:20,-64
BLE,1704633230857853969,DF:DF:EE:00:00:04,-49
BLE,1704633231239378001,D3:F4:55:AB:96:20,-62
BLE,1704633231429933790,D3:F4:55:AB:96:20,-63
BLE,1704633231851167103,DF:DF:EE:00:00:04,-56
BLE,1704633232384676094,D3:F4:55:AB:96:20,-63
BLE,1704633232961824132,D3:F4:55:AB:96:20,-61
BLE,1704633233150570266,D3:F4:55:AB:96:20,-64
BLE,1704633233344696905,D3:F4:55:AB:96:20,-48
BLE,1704633233392657298,DF:DF:EE:00:00:04,-53
BLE,1704633233539136252,D3:F4:55:AB:96:20,-62
BLE,1704633233727117765,D3:F4:55:AB:96:20,-61
BLE,1704633234108757131,D3:F4:55:AB:96:20,-58
BLE,1704633234391879810,DF:DF:EE:00:00:04,-56
BLE,1704633234491176157,D3:F4:55:AB:96:20,-63
BLE,1704633235067937072,D3:F4:55:AB:96:20,-64
BLE,1704633236022125047,D3:F4:55:AB:96:20,-61
BLE,1704633236409665915,D3:F4:55:AB:96:20,-62
BLE,1704633236462478151,DF:DF:EE:00:00:04,-55
BLE,1704633236799990265,D3:F4:55:AB:96:20,-59
BLE,1704633236989902891,D3:F4:55:AB:96:20,-62
BLE,1704633237384889668,D3:F4:55:AB:96:20,-64
BLE,1704633237768490270,D3:F4:55:AB:96:20,-63
BLE,1704633237894751398,DF:DF:EE:00:00:04,-55
BLE,1704633238154174067,D3:F4:55:AB:96:20,-64
BLE,1704633238355945990,DF:DF:EE:00:00:04,-55
BLE,1704633238735638285,D3:F4:55:AB:96:20,-53
BLE,1704633238742977153,DF:A6:DC:DC:2E:81,-82
BLE,1704633238742989320,DF:DF:EE:00:00:01,-82
BLE,1704633238924973873,D3:F4:55:AB:96:20,-63
BLE,1704633239317475500,D3:F4:55:AB:96:20,-64
BLE,1704633239622365828,DF:DF:EE:00:00:04,-53
BLE,1704633239710078668,D3:F4:55:AB:96:20,-47
BLE,1704633240094300141,D3:F4:55:AB:96:20,-64
BLE,1704633240164808636,DF:DF:EE:00:00:04,-54
BLE,1704633240287376038,D3:F4:55:AB:96:20,-64
BLE,1704633240626271643,DF:DF:EE:00:00:04,-56
BLE,1704633240666179172,D3:F4:55:AB:96:20,-63
BLE,1704633241165917427,DF:DF:EE:00:00:04,-54
BLE,1704633241436135025,D3:F4:55:AB:96:20,-77
BLE,1704633242020033268,D3:F4:55:AB:96:20,-64
BLE,1704633242207747492,D3:F4:55:AB:96:20,-62
BLE,1704633242590883222,D3:F4:55:AB:96:20,-48
BLE,1704633242627285149,DF:DF:EE:00:00:04,-52
BLE,1704633243355000363,D3:F4:55:AB:96:20,-61
BLE,1704633243741155824,D3:F4:55:AB:96:20,-62
BLE,1704633243832151100,DF:A6:DC:DC:2E:81,-82
BLE,1704633243832169225,DF:DF:EE:00:00:01,-82
BLE,1704633243903365757,DF:DF:EE:00:00:04,-39
BLE,1704633244129342688,D3:F4:55:AB:96:20,-62
BLE,1704633244319564062,D3:F4:55:AB:96:20,-63
BLE,1704633244886436500,D3:F4:55:AB:96:20,-61
BLE,1704633245085236026,D3:F4:55:AB:96:20,-63
BLE,1704633245109019245,DF:A6:DC:DC:2E:81,-68
BLE,1704633245109031120,DF:DF:EE:00:00:01,-68
BLE,1704633245177514669,DF:DF:EE:00:00:04,-53
BLE,1704633245668345275,D3:F4:55:AB:96:20,-48
BLE,1704633246251147775,D3:F4:55:AB:96:20,-63
BLE,1704633246438066004,D3:F4:55:AB:96:20,-63
BLE,1704633246633587593,D3:F4:55:AB:96:20,-48
BLE,1704633246819562912,D3:F4:55:AB:96:20,-61
BLE,1704633247011204818,D3:F4:55:AB:96:20,-64
BLE,1704633247206725407,D3:F4:55:AB:96:20,-63
BLE,1704633247601127897,D3:F4:55:AB:96:20,-62
BLE,1704633248175017747,D3:F4:55:AB:96:20,-63
BLE,1704633248995733100,DF:DF:EE:00:00:04,-55
BLE,1704633249333910793,D3:F4:55:AB:96:20,-63
BLE,1704633249448719746,DF:DF:EE:00:00:04,-56
BLE,1704633249717474520,D3:F4:55:AB:96:20,-64
BLE,1704633249903115632,D3:F4:55:AB:96:20,-48
BLE,1704633250476414904,D3:F4:55:AB:96:20,-62
BLE,1704633250666776194,D3:F4:55:AB:96:20,-62
BLE,1704633251247375750,D3:F4:55:AB:96:20,-59
BLE,1704633251437555541,D3:F4:55:AB:96:20,-61
BLE,1704633251631114601,D3:F4:55:AB:96:20,-64
BLE,1704633251992356059,DF:DF:EE:00:00:04,-54
BLE,1704633252017472852,D3:F4:55:AB:96:20,-48
BLE,1704633252596040756,D3:F4:55:AB:96:20,-53
BLE,1704633252784863722,D3:F4:55:AB:96:20,-61
BLE,1704633252981902343,D3:F4:55:AB:96:20,-63
BLE,1704633253170347104,D3:F4:55:AB:96:20,-63
BLE,1704633253556334732,D3:F4:55:AB:96:20,-62
BLE,1704633253942893856,D3:F4:55:AB:96:20,-63
BLE,1704633254136948872,D3:F4:55:AB:96:20,-48
BLE,1704633254331195011,D3:F4:55:AB:96:20,-48
BLE,1704633254523743203,D3:F4:55:AB:96:20,-62
BLE,1704633254713829119,D3:F4:55:AB:96:20,-64
BLE,1704633254809505657,DF:DF:EE:00:00:04,-47
BLE,1704633255266085071,DF:DF:EE:00:00:04,-55
BLE,1704633255292562063,D3:F4:55:AB:96:20,-63
BLE,1704633255303817823,DF:A6:DC:DC:2E:81,-82
BLE,1704633255303834572,DF:DF:EE:00:00:01,-82
BLE,1704633255679558435,D3:F4:55:AB:96:20,-64
BLE,1704633255806302143,DF:DF:EE:00:00:04,-54
BLE,1704633255866277582,D3:F4:55:AB:96:20,-61
BLE,1704633256263145430,D3:F4:55:AB:96:20,-63
BLE,1704633256646257702,D3:F4:55:AB:96:20,-59
BLE,1704633256804593411,DF:DF:EE:00:00:04,-55
BLE,1704633256835974830,D3:F4:55:AB:96:20,-62
BLE,1704633257030563425,D3:F4:55:AB:96:20,-62
BLE,1704633257262380317,DF:DF:EE:00:00:04,-54
BLE,1704633257603183492,D3:F4:55:AB:96:20,-62
BLE,1704633257795343312,D3:F4:55:AB:96:20,-47
BLE,1704633257801036608,DF:DF:EE:00:00:04,-38
BLE,1704633257848589920,DF:A6:DC:DC:2E:81,-82
BLE,1704633257848603003,DF:DF:EE:00:00:01,-82
BLE,1704633257981138882,D3:F4:55:AB:96:20,-57
BLE,1704633258943319679,D3:F4:55:AB:96:20,-48
BLE,1704633259804970512,DF:DF:EE:00:00:04,-54
BLE,1704633260312269426,DF:DF:EE:00:00:04,-41
BLE,1704633260391373280,DF:A6:DC:DC:2E:81,-83
BLE,1704633260391395239,DF:DF:EE:00:00:01,-83
BLE,1704633260676381031,D3:F4:55:AB:96:20,-64
BLE,1704633260767148059,DF:DF:EE:00:00:04,-55
BLE,1704633261059232013,D3:F4:55:AB:96:20,-63
BLE,1704633261629354972,D3:F4:55:AB:96:20,-48
BLE,1704633262211515893,D3:F4:55:AB:96:20,-63
BLE,1704633262593970878,D3:F4:55:AB:96:20,-57
BLE,1704633262792171075,D3:F4:55:AB:96:20,-58
BLE,1704633263583905076,DF:DF:EE:00:00:04,-55
BLE,1704633263760161959,D3:F4:55:AB:96:20,-64
BLE,1704633264043893843,DF:DF:EE:00:00:04,-56
BLE,1704633264535113529,D3:F4:55:AB:96:20,-62
BLE,1704633264921821444,D3:F4:55:AB:96:20,-63
BLE,1704633265113870597,D3:F4:55:AB:96:20,-61
BLE,1704633265317452675,DF:DF:EE:00:00:04,-54
BLE,1704633265497562699,D3:F4:55:AB:96:20,-48
BLE,1704633265691053427,D3:F4:55:AB:96:20,-63
BLE,1704633265877094286,D3:F4:55:AB:96:20,-61
BLE,1704633266449003775,D3:F4:55:AB:96:20,-63
BLE,1704633266643786036,D3:F4:55:AB:96:20,-63
BLE,1704633266838346215,D3:F4:55:AB:96:20,-64
BLE,1704633267607504031,D3:F4:55:AB:96:20,-62
BLE,1704633267854301825,DF:DF:EE:00:00:04,-54
BLE,1704633268760615448,D3:F4:55:AB:96:20,-61
BLE,1704633269155131270,D3:F4:55:AB:96:20,-59
BLE,1704633269320125060,DF:DF:EE:00:00:04,-39
BLE,1704633269347658920,D3:F4:55:AB:96:20,-64
BLE,1704633269541046107,D3:F4:55:AB:96:20,-62
BLE,1704633269737295441,D3:F4:55:AB:96:20,-63
BLE,1704633269933565692,D3:F4:55:AB:96:20,-76
BLE,1704633270127618291,D3:F4:55:AB:96:20,-59
BLE,1704633270317645624,D3:F4:55:AB:96:20,-64
BLE,1704633270710029835,D3:F4:55:AB:96:20,-64
BLE,1704633270901068079,D3:F4:55:AB:96:20,-61
BLE,1704633270902301571,D3:F4:55:AB:96:20,-62
BLE,1704633271091554701,D3:F4:55:AB:96:20,-63
BLE,1704633271279932962,D3:F4:55:AB:96:20,-48
BLE,1704633271839659990,DF:A6:DC:DC:2E:81,-82
BLE,1704633271839695823,DF:DF:EE:00:00:01,-82
BLE,1704633271858400991,D3:F4:55:AB:96:20,-62
BLE,1704633272434684785,D3:F4:55:AB:96:20,-63
BLE,1704633272825879087,D3:F4:55:AB:96:20,-64
BLE,1704633272872832278,DF:DF:EE:00:00:04,-55
BLE,1704633273020238684,D3:F4:55:AB:96:20,-62
BLE,1704633273209801437,D3:F4:55:AB:96:20,-62
BLE,1704633273396296044,D3:F4:55:AB:96:20,-62
BLE,1704633273407780843,DF:DF:EE:00:00:04,-55
BLE,1704633273785916773,D3:F4:55:AB:96:20,-62
BLE,1704633273865072253,DF:DF:EE:00:00:04,-38
BLE,1704633274386674739,DF:A6:DC:DC:2E:81,-82
BLE,1704633274386711989,DF:DF:EE:00:00:01,-82
BLE,1704633274557619281,D3:F4:55:AB:96:20,-63
BLE,1704633275142838183,D3:F4:55:AB:96:20,-64
BLE,1704633275714436507,D3:F4:55:AB:96:20,-62
BLE,1704633275909705139,D3:F4:55:AB:96:20,-64
BLE,1704633276423917924,DF:DF:EE:00:00:04,-73
BLE,1704633276675381145,D3:F4:55:AB:96:20,-80
BLE,1704633276929445725,DF:A6:DC:DC:2E:81,-83
BLE,1704633276929512057,DF:DF:EE:00:00:01,-83
BLE,1704633277064788584,D3:F4:55:AB:96:20,-63
BLE,1704633277642267870,D3:F4:55:AB:96:20,-62
BLE,1704633277838162207,D3:F4:55:AB:96:20,-63
BLE,1704633278410318319,D3:F4:55:AB:96:20,-61
BLE,1704633278603144384,D3:F4:55:AB:96:20,-62
BLE,1704633278794132920,D3:F4:55:AB:96:20,-62
BLE,1704633279179169262,D3:F4:55:AB:96:20,-62
BLE,1704633279238396914,DF:DF:EE:00:00:04,-51
BLE,1704633279701099330,DF:DF:EE:00:00:04,-54
BLE,1704633279942547742,D3:F4:55:AB:96:20,-62
BLE,1704633280521078770,D3:F4:55:AB:96:20,-64
BLE,1704633280697572443,DF:DF:EE:00:00:04,-51
BLE,1704633280706816674,D3:F4:55:AB:96:20,-63
BLE,1704633280900602858,D3:F4:55:AB:96:20,-64
BLE,1704633281286414946,D3:F4:55:AB:96:20,-62
BLE,1704633281482112617,D3:F4:55:AB:96:20,-62
BLE,1704633281673950522,D3:F4:55:AB:96:20,-62
BLE,1704633282058090871,D3:F4:55:AB:96:20,-61
BLE,1704633282252971881,D3:F4:55:AB:96:20,-64
BLE,1704633282448375387,D3:F4:55:AB:96:20,-62
BLE,1704633282973819390,DF:DF:EE:00:00:04,-55
BLE,1704633283417347515,D3:F4:55:AB:96:20,-63
BLE,1704633283513055635,DF:DF:EE:00:00:04,-56
BLE,1704633283607350265,D3:F4:55:AB:96:20,-62
BLE,1704633283800513411,D3:F4:55:AB:96:20,-64
BLE,1704633283971294955,DF:DF:EE:00:00:04,-39
BLE,1704633284372907522,D3:F4:55:AB:96:20,-62
BLE,1704633284753824100,D3:F4:55:AB:96:20,-64
BLE,1704633285139601855,D3:F4:55:AB:96:20,-62
BLE,1704633285337640761,D3:F4:55:AB:96:20,-64
BLE,1704633285524080159,D3:F4:55:AB:96:20,-48
BLE,1704633285712624128,D3:F4:55:AB:96:20,-63
BLE,1704633285838589341,DF:A6:DC:DC:2E:81,-83
BLE,1704633285838602549,DF:DF:EE:00:00:01,-83
BLE,1704633286292961186,D3:F4:55:AB:96:20,-63
BLE,1704633286673196310,D3:F4:55:AB:96:20,-62
BLE,1704633286863710183,D3:F4:55:AB:96:20,-64
BLE,1704633287054245721,D3:F4:55:AB:96:20,-61
BLE,1704633287249195439,D3:F4:55:AB:96:20,-64
BLE,1704633287445047526,D3:F4:55:AB:96:20,-62
BLE,1704633287526933487,DF:DF:EE:00:00:04,-53
BLE,1704633288218091567,D3:F4:55:AB:96:20,-64
BLE,1704633288522383691,DF:DF:EE:00:00:04,-55
BLE,1704633288602305207,D3:F4:55:AB:96:20,-57
BLE,1704633289369150289,D3:F4:55:AB:96:20,-61
BLE,1704633289566549740,D3:F4:55:AB:96:20,-53
BLE,1704633289797331931,DF:DF:EE:00:00:04,-53
BLE,1704633289945278208,D3:F4:55:AB:96:20,-64
BLE,1704633291666255098,D3:F4:55:AB:96:20,-63
BLE,1704633292059923676,D3:F4:55:AB:96:20,-63
BLE,1704633292613602368,DF:DF:EE:00:00:04,-38
BLE,1704633293030756999,D3:F4:55:AB:96:20,-58
BLE,1704633293078106063,DF:DF:EE:00:00:04,-57
BLE,1704633293224933972,D3:F4:55:AB:96:20,-64
BLE,1704633293417470873,D3:F4:55:AB:96:20,-62
BLE,1704633293614308162,D3:F4:55:AB:96:20,-63
BLE,1704633293809984291,D3:F4:55:AB:96:20,-62
BLE,1704633294348381501,DF:DF:EE:00:00:04,-49
BLE,1704633294383111272,D3:F4:55:AB:96:20,-62
BLE,1704633294957969033,D3:F4:55:AB:96:20,-64
BLE,1704633295338561489,D3:F4:55:AB:96:20,-64
BLE,1704633295530593309,D3:F4:55:AB:96:20,-63
BLE,1704633295624626649,DF:DF:EE:00:00:04,-53
BLE,1704633295915948775,D3:F4:55:AB:96:20,-48
BLE,1704633296113470392,D3:F4:55:AB:96:20,-59
BLE,1704633297440822246,DF:DF:EE:00:00:04,-56
BLE,1704633298236297640,D3:F4:55:AB:96:20,-62
BLE,1704633298618293836,D3:F4:55:AB:96:20,-61
BLE,1704633298903853541,DF:DF:EE:00:00:04,-40
BLE,1704633298998261129,D3:F4:55:AB:96:20,-63
BLE,1704633299445290272,DF:DF:EE:00:00:04,-56
BLE,1704633299577993399,D3:F4:55:AB:96:20,-59
BLE,1704633299767175238,D3:F4:55:AB:96:20,-62
BLE,1704633300347954794,D3:F4:55:AB:96:20,-75
BLE,1704633300440827391,DF:DF:EE:00:00:04,-54
BLE,1704633300733218677,D3:F4:55:AB:96:20,-62
BLE,1704633300900136704,DF:DF:EE:00:00:04,-55
BLE,1704633301114605919,DF:A6:DC:DC:2E:81,-72
BLE,1704633301114674043,DF:DF:EE:00:00:01,-72
BLE,1704633301307759315,D3:F4:55:AB:96:20,-64
BLE,1704633301442969801,DF:DF:EE:00:00:04,-56
BLE,1704633301878445187,D3:F4:55:AB:96:20,-48
BLE,1704633301897537061,DF:DF:EE:00:00:04,-56
BLE,1704633302074265816,D3:F4:55:AB:96:20,-64
BLE,1704633302263971735,D3:F4:55:AB:96:20,-62
BLE,1704633302443498971,DF:DF:EE:00:00:04,-55
BLE,1704633302845760200,D3:F4:55:AB:96:20,-62
BLE,1704633303224337169,D3:F4:55:AB:96:20,-64
BLE,1704633303419527468,D3:F4:55:AB:96:20,-48
BLE,1704633303673958212,DF:DF:EE:00:00:04,-51
BLE,1704633303802631907,D3:F4:55:AB:96:20,-48
BLE,1704633303998367912,D3:F4:55:AB:96:20,-61
BLE,1704633304581912032,D3:F4:55:AB:96:20,-63
BLE,1704633304938415521,DF:A6:DC:DC:2E:81,-79
BLE,1704633304938452812,DF:DF:EE:00:00:01,-79
BLE,1704633305743782141,D3:F4:55:AB:96:20,-64
BLE,1704633306515909730,D3:F4:55:AB:96:20,-62
BLE,1704633306900415701,D3:F4:55:AB:96:20,-48
BLE,1704633307094417133,D3:F4:55:AB:96:20,-81
BLE,1704633307675923267,D3:F4:55:AB:96:20,-64
BLE,1704633307863392618,D3:F4:55:AB:96:20,-62
BLE,1704633308058738333,D3:F4:55:AB:96:20,-58
BLE,1704633308248359503,D3:F4:55:AB:96:20,-61
BLE,1704633308444525754,D3:F4:55:AB:96:20,-63
BLE,1704633308630636655,D3:F4:55:AB:96:20,-62
BLE,1704633308824341465,D3:F4:55:AB:96:20,-62
BLE,1704633309010539407,D3:F4:55:AB:96:20,-61
BLE,1704633309205768623,D3:F4:55:AB:96:20,-64
BLE,1704633309231464871,DF:DF:EE:00:00:04,-55
BLE,1704633309583270557,D3:F4:55:AB:96:20,-64
BLE,1704633310348299984,D3:F4:55:AB:96:20,-62
BLE,1704633310500650440,DF:DF:EE:00:00:04,-54
BLE,1704633310736761971,D3:F4:55:AB:96:20,-64
BLE,1704633310928988165,D3:F4:55:AB:96:20,-64
BLE,1704633311035552048,DF:DF:EE:00:00:04,-54
BLE,1704633311122227561,D3:F4:55:AB:96:20,-62
BLE,1704633311495874270,DF:DF:EE:00:00:04,-54
BLE,1704633311509592722,D3:F4:55:AB:96:20,-62
BLE,1704633311707721794,D3:F4:55:AB:96:20,-62
BLE,1704633311895766765,D3:F4:55:AB:96:20,-61
BLE,1704633312288143351,D3:F4:55:AB:96:20,-64
BLE,1704633312668275393,D3:F4:55:AB:96:20,-64
BLE,1704633313047918480,D3:F4:55:AB:96:20,-64
BLE,1704633313431394874,D3:F4:55:AB:96:20,-62
BLE,1704633313623762943,D3:F4:55:AB:96:20,-58
BLE,1704633313848510715,DF:A6:DC:DC:2E:81,-77
BLE,1704633313848552798,DF:DF:EE:00:00:01,-77
BLE,1704633314200769648,D3:F4:55:AB:96:20,-64
BLE,1704633314389032410,D3:F4:55:AB:96:20,-62
BLE,1704633314585538034,D3:F4:55:AB:96:20,-64
BLE,1704633314774021586,D3:F4:55:AB:96:20,-63
BLE,1704633314968221976,D3:F4:55:AB:96:20,-64
BLE,1704633315041971074,DF:DF:EE:00:00:04,-54
BLE,1704633315154741749,D3:F4:55:AB:96:20,-62
BLE,1704633315351191582,D3:F4:55:AB:96:20,-63
BLE,1704633315537238942,D3:F4:55:AB:96:20,-61
BLE,1704633315584594005,DF:DF:EE:00:00:04,-38
BLE,1704633315732104410,D3:F4:55:AB:96:20,-64
BLE,1704633317072936509,D3:F4:55:AB:96:20,-63
BLE,1704633317264037835,D3:F4:55:AB:96:20,-64
BLE,1704633317325544472,DF:DF:EE:00:00:04,-54
BLE,1704633317457284523,D3:F4:55:AB:96:20,-62
BLE,1704633317845867134,D3:F4:55:AB:96:20,-64
BLE,1704633318032815821,D3:F4:55:AB:96:20,-48
BLE,1704633318983654859,D3:F4:55:AB:96:20,-62
BLE,1704633319142791230,DF:DF:EE:00:00:04,-55
BLE,1704633319180853229,D3:F4:55:AB:96:20,-52
BLE,1704633319596109998,DF:DF:EE:00:00:04,-53
BLE,1704633320133414631,D3:F4:55:AB:96:20,-62
BLE,1704633320518091518,D3:F4:55:AB:96:20,-63
BLE,1704633320708174351,D3:F4:55:AB:96:20,-64
BLE,1704633320881214922,DF:DF:EE:00:00:04,-54
BLE,1704633321091100750,D3:F4:55:AB:96:20,-63
BLE,1704633321280371463,D3:F4:55:AB:96:20,-48
BLE,1704633321469252971,D3:F4:55:AB:96:20,-64
BLE,1704633321658397977,D3:F4:55:AB:96:20,-63
BLE,1704633322048867201,D3:F4:55:AB:96:20,-64
BLE,1704633322237772292,D3:F4:55:AB:96:20,-63
BLE,1704633322623144966,D3:F4:55:AB:96:20,-62
BLE,1704633322693244588,DF:DF:EE:00:00:04,-54
BLE,1704633322820663792,D3:F4:55:AB:96:20,-62
BLE,1704633323008889345,D3:F4:55:AB:96:20,-61
BLE,1704633323153584269,DF:DF:EE:00:00:04,-57
BLE,1704633323203490191,D3:F4:55:AB:96:20,-64
BLE,1704633323390394086,D3:F4:55:AB:96:20,-62
BLE,1704633323580698168,D3:F4:55:AB:96:20,-63
BLE,1704633323697669107,DF:DF:EE:00:00:04,-55
BLE,1704633323771683787,D3:F4:55:AB:96:20,-61
BLE,1704633323961676371,D3:F4:55:AB:96:20,-63
BLE,1704633324157320459,D3:F4:55:AB:96:20,-64
BLE,1704633324353349462,D3:F4:55:AB:96:20,-64
BLE,1704633324548453595,D3:F4:55:AB:96:20,-64
BLE,1704633324742004156,D3:F4:55:AB:96:20,-62
BLE,1704633324931669700,D3:F4:55:AB:96:20,-64
BLE,1704633324932913609,D3:F4:55:AB:96:20,-64
BLE,1704633325126709876,D3:F4:55:AB:96:20,-61
BLE,1704633325323775205,D3:F4:55:AB:96:20,-62
BLE,1704633325514839781,D3:F4:55:AB:96:20,-63
BLE,1704633325707960303,D3:F4:55:AB:96:20,-48
BLE,1704633325905043840,D3:F4:55:AB:96:20,-59
BLE,1704633326092127527,D3:F4:55:AB:96:20,-52
BLE,1704633326428185316,DF:DF:EE:00:00:04,-54
BLE,1704633327259140852,D3:F4:55:AB:96:20,-61
BLE,1704633327652058726,D3:F4:55:AB:96:20,-63
BLE,1704633327847077818,D3:F4:55:AB:96:20,-63
BLE,1704633328236880880,D3:F4:55:AB:96:20,-63
BLE,1704633328814949870,D3:F4:55:AB:96:20,-48
BLE,1704633329007268355,D3:F4:55:AB:96:20,-63
BLE,1704633329104332758,DF:A6:DC:DC:2E:81,-82
BLE,1704633329104388549,DF:DF:EE:00:00:01,-82
BLE,1704633329195057120,D3:F4:55:AB:96:20,-62
BLE,1704633329240029824,DF:DF:EE:00:00:04,-53
BLE,1704633329578118101,D3:F4:55:AB:96:20,-48
BLE,1704633329704231396,DF:DF:EE:00:00:04,-55
BLE,1704633329959772091,D3:F4:55:AB:96:20,-61
BLE,1704633330159223696,D3:F4:55:AB:96:20,-63
BLE,1704633330346562089,D3:F4:55:AB:96:20,-58
BLE,1704633330538053663,D3:F4:55:AB:96:20,-64
BLE,1704633330726070176,D3:F4:55:AB:96:20,-61
BLE,1704633330918324912,D3:F4:55:AB:96:20,-64
BLE,1704633330983832481,DF:DF:EE:00:00:04,-55
BLE,1704633331111727765,D3:F4:55:AB:96:20,-62
BLE,1704633331303608419,D3:F4:55:AB:96:20,-64
BLE,1704633331493265464,D3:F4:55:AB:96:20,-61
BLE,1704633331882955734,D3:F4:55:AB:96:20,-64
BLE,1704633332247334255,DF:DF:EE:00:00:04,-50
BLE,1704633332261214663,D3:F4:55:AB:96:20,-62
BLE,1704633332639255885,D3:F4:55:AB:96:20,-62
BLE,1704633332789960269,DF:DF:EE:00:00:04,-56
BLE,1704633332835645344,D3:F4:55:AB:96:20,-62
BLE,1704633332931862461,DF:A6:DC:DC:2E:81,-83
BLE,1704633332931889544,DF:DF:EE:00:00:01,-83
BLE,1704633333247188721,DF:DF:EE:00:00:04,-53
BLE,1704633333409942525,D3:F4:55:AB:96:20,-48
BLE,1704633333790613397,D3:F4:55:AB:96:20,-50
BLE,1704633333986044903,D3:F4:55:AB:96:20,-62
BLE,1704633334380063395,D3:F4:55:AB:96:20,-63
BLE,1704633334792084644,DF:DF:EE:00:00:04,-55
BLE,1704633335521047475,D3:F4:55:AB:96:20,-62
BLE,1704633336682452587,D3:F4:55:AB:96:20,-63
BLE,1704633336781701059,DF:DF:EE:00:00:04,-38
BLE,1704633336878344840,D3:F4:55:AB:96:20,-62
BLE,1704633337073154559,D3:F4:55:AB:96:20,-58
BLE,1704633337249895605,DF:DF:EE:00:00:04,-54
BLE,1704633337267405906,D3:F4:55:AB:96:20,-63
BLE,1704633337788616270,DF:DF:EE:00:00:04,-43
BLE,1704633337857478276,DF:DF:EE:00:00:04,-54
BLE,1704633338016636271,DF:A6:DC:DC:2E:81,-73
BLE,1704633338016670270,DF:DF:EE:00:00:01,-73
BLE,1704633338053334779,D3:F4:55:AB:96:20,-62
BLE,1704633338286098165,DF:DF:EE:00:00:04,-53
BLE,1704633338820022570,D3:F4:55:AB:96:20,-48
BLE,1704633339011444853,D3:F4:55:AB:96:20,-62
BLE,1704633339403789065,D3:F4:55:AB:96:20,-63
BLE,1704633339786285716,D3:F4:55:AB:96:20,-82
BLE,1704633340177097270,D3:F4:55:AB:96:20,-61
BLE,1704633341143437415,D3:F4:55:AB:96:20,-48
BLE,1704633341296399118,DF:DF:EE:00:00:04,-56
BLE,1704633341525956691,D3:F4:55:AB:96:20,-63
BLE,1704633341835586947,DF:DF:EE:00:00:04,-54
BLE,1704633342101184617,D3:F4:55:AB:96:20,-64
BLE,1704633342289085922,D3:F4:55:AB:96:20,-48
BLE,1704633342487619825,D3:F4:55:AB:96:20,-79
BLE,1704633342870479682,D3:F4:55:AB:96:20,-63
BLE,1704633343055690631,D3:F4:55:AB:96:20,-61
BLE,1704633343101527079,DF:A6:DC:DC:2E:81,-83
BLE,1704633343101551246,DF:DF:EE:00:00:01,-83
BLE,1704633343823642664,D3:F4:55:AB:96:20,-63
BLE,1704633344018364175,D3:F4:55:AB:96:20,-64
BLE,1704633344110905524,DF:DF:EE:00:00:04,-54
BLE,1704633344407457116,D3:F4:55:AB:96:20,-63
BLE,1704633344597192201,D3:F4:55:AB:96:20,-64
BLE,1704633344977785490,D3:F4:55:AB:96:20,-62
BLE,1704633345111159155,DF:DF:EE:00:00:04,-54
BLE,1704633345556023645,D3:F4:55:AB:96:20,-62
BLE,1704633345643611736,DF:A6:DC:DC:2E:81,-84
BLE,1704633345643643778,DF:DF:EE:00:00:01,-84
BLE,1704633345747137389,D3:F4:55:AB:96:20,-59
BLE,1704633345943285640,D3:F4:55:AB:96:20,-62
BLE,1704633346514954214,D3:F4:55:AB:96:20,-64
BLE,1704633347083651182,D3:F4:55:AB:96:20,-62
BLE,1704633347464917633,D3:F4:55:AB:96:20,-61
BLE,1704633347663760825,D3:F4:55:AB:96:20,-64
BLE,1704633348232865249,D3:F4:55:AB:96:20,-61
BLE,1704633348428115215,D3:F4:55:AB:96:20,-63
BLE,1704633348616585309,D3:F4:55:AB:96:20,-62
BLE,1704633349002055066,D3:F4:55:AB:96:20,-62
BLE,1704633349110022231,DF:DF:EE:00:00:04,-53
BLE,1704633349768810773,D3:F4:55:AB:96:20,-64
BLE,1704633350153830283,D3:F4:55:AB:96:20,-62
BLE,1704633350345765687,D3:F4:55:AB:96:20,-57
BLE,1704633350382731361,DF:DF:EE:00:00:04,-55
BLE,1704633350539722036,D3:F4:55:AB:96:20,-63
BLE,1704633350918403088,DF:DF:EE:00:00:04,-57
BLE,1704633351380611006,DF:DF:EE:00:00:04,-53
BLE,1704633351502958285,D3:F4:55:AB:96:20,-64
BLE,1704633352272311809,D3:F4:55:AB:96:20,-64
BLE,1704633352650848236,D3:F4:55:AB:96:20,-64
BLE,1704633352840863194,D3:F4:55:AB:96:20,-62
BLE,1704633353032052562,D3:F4:55:AB:96:20,-62
BLE,1704633353604591422,D3:F4:55:AB:96:20,-63
BLE,1704633353657014410,DF:DF:EE:00:00:04,-53
BLE,1704633353658502400,DF:DF:EE:00:00:04,-53
BLE,1704633353794570839,D3:F4:55:AB:96:20,-64
BLE,1704633353989642181,D3:F4:55:AB:96:20,-61
BLE,1704633354192920136,DF:DF:EE:00:00:04,-54
BLE,1704633354377428172,D3:F4:55:AB:96:20,-62
BLE,1704633354567102675,D3:F4:55:AB:96:20,-47
BLE,1704633354757508756,D3:F4:55:AB:96:20,-61
BLE,1704633355151021418,D3:F4:55:AB:96:20,-64
BLE,1704633355339825926,D3:F4:55:AB:96:20,-61
BLE,1704633355533367779,D3:F4:55:AB:96:20,-59
BLE,1704633355723356196,D3:F4:55:AB:96:20,-58
BLE,1704633355918944951,D3:F4:55:AB:96:20,-62
BLE,1704633356105238559,D3:F4:55:AB:96:20,-47
BLE,1704633356195578298,DF:DF:EE:00:00:04,-48
BLE,1704633356300823356,D3:F4:55:AB:96:20,-63
BLE,1704633356490286902,D3:F4:55:AB:96:20,-64
BLE,1704633356659065084,DF:DF:EE:00:00:04,-51
BLE,1704633356686037490,D3:F4:55:AB:96:20,-63
BLE,1704633357193776400,DF:DF:EE:00:00:04,-53
BLE,1704633357259095762,D3:F4:55:AB:96:20,-64
BLE,1704633357659573712,DF:DF:EE:00:00:04,-71
BLE,1704633357833504068,D3:F4:55:AB:96:20,-63
BLE,1704633358020220882,D3:F4:55:AB:96:20,-64
BLE,1704633358216902088,D3:F4:55:AB:96:20,-64
BLE,1704633358601448601,D3:F4:55:AB:96:20,-62
BLE,1704633358987081690,D3:F4:55:AB:96:20,-61
BLE,1704633359639968104,DF:A6:DC:DC:2E:81,-84
BLE,1704633359640030812,DF:DF:EE:00:00:01,-84
BLE,1704633360348815484,D3:F4:55:AB:96:20,-63
BLE,1704633360922868209,D3:F4:55:AB:96:20,-64
BLE,1704633360934840547,DF:DF:EE:00:00:04,-55
BLE,1704633361302016757,D3:F4:55:AB:96:20,-57
BLE,1704633361496585061,D3:F4:55:AB:96:20,-63
BLE,1704633361684645866,D3:F4:55:AB:96:20,-62
BLE,1704633361883948847,D3:F4:55:AB:96:20,-62
BLE,1704633362454085764,D3:F4:55:AB:96:20,-64
BLE,1704633362647750782,D3:F4:55:AB:96:20,-64
BLE,1704633362837305702,D3:F4:55:AB:96:20,-61
BLE,1704633363030604514,D3:F4:55:AB:96:20,-65
BLE,1704633363217672742,D3:F4:55:AB:96:20,-61
BLE,1704633363794358283,D3:F4:55:AB:96:20,-64
BLE,1704633363989315917,D3:F4:55:AB:96:20,-63
BLE,1704633364182711520,D3:F4:55:AB:96:20,-57
BLE,1704633364722830260,DF:A6:DC:DC:2E:81,-83
BLE,1704633364722883051,DF:DF:EE:00:00:01,-83
BLE,1704633364959325705,D3:F4:55:AB:96:20,-62
BLE,1704633365030485362,DF:DF:EE:00:00:04,-56
BLE,1704633365345389582,D3:F4:55:AB:96:20,-64
BLE,1704633365488805806,DF:DF:EE:00:00:04,-54
BLE,1704633365728597479,D3:F4:55:AB:96:20,-64
BLE,1704633365925293393,D3:F4:55:AB:96:20,-64
BLE,1704633366301293629,D3:F4:55:AB:96:20,-63
BLE,1704633366492655079,DF:DF:EE:00:00:04,-74
BLE,1704633366693841047,D3:F4:55:AB:96:20,-64
BLE,1704633367462388160,D3:F4:55:AB:96:20,-63
BLE,1704633367489571814,DF:DF:EE:00:00:04,-54
BLE,1704633367647903148,D3:F4:55:AB:96:20,-63
BLE,1704633368412536078,D3:F4:55:AB:96:20,-57
BLE,1704633368486775589,DF:DF:EE:00:00:04,-54
BLE,1704633368604570773,D3:F4:55:AB:96:20,-63
BLE,1704633368793545155,D3:F4:55:AB:96:20,-62
BLE,1704633369030025517,DF:DF:EE:00:00:04,-55
BLE,1704633369363417074,D3:F4:55:AB:96:20,-64
BLE,1704633369559289744,D3:F4:55:AB:96:20,-62
BLE,1704633369808139149,DF:A6:DC:DC:2E:81,-83
BLE,1704633369808187441,DF:DF:EE:00:00:01,-83
BLE,1704633369945517454,D3:F4:55:AB:96:20,-61
BLE,1704633370328336436,D3:F4:55:AB:96:20,-64
BLE,1704633370710967170,D3:F4:55:AB:96:20,-61
BLE,1704633371089112266,D3:F4:55:AB:96:20,-62
BLE,1704633371474925438,D3:F4:55:AB:96:20,-61
BLE,1704633371855311644,D3:F4:55:AB:96:20,-62
BLE,1704633372053267884,D3:F4:55:AB:96:20,-80
BLE,1704633372244318169,D3:F4:55:AB:96:20,-63
BLE,1704633372259241363,DF:DF:EE:00:00:04,-53
BLE,1704633372636250133,D3:F4:55:AB:96:20,-64
BLE,1704633373403284922,D3:F4:55:AB:96:20,-64
BLE,1704633373598002517,D3:F4:55:AB:96:20,-64
BLE,1704633374756517272,D3:F4:55:AB:96:20,-64
BLE,1704633374891994006,DF:A6:DC:DC:2E:81,-84
BLE,1704633374892045673,DF:DF:EE:00:00:01,-84
BLE,1704633375259294799,DF:DF:EE:00:00:04,-55
BLE,1704633375525373841,D3:F4:55:AB:96:20,-62
BLE,1704633375909519231,D3:F4:55:AB:96:20,-61
BLE,1704633376106597602,D3:F4:55:AB:96:20,-64
BLE,1704633376259113890,DF:DF:EE:00:00:04,-55
BLE,1704633376295897857,D3:F4:55:AB:96:20,-62
BLE,1704633376867969428,D3:F4:55:AB:96:20,-82
BLE,1704633377541721039,DF:DF:EE:00:00:04,-55
BLE,1704633377637599825,D3:F4:55:AB:96:20,-62
BLE,1704633377828300112,D3:F4:55:AB:96:20,-64
BLE,1704633378024362948,D3:F4:55:AB:96:20,-48
BLE,1704633378083032437,DF:DF:EE:00:00:04,-55
BLE,1704633378213841910,D3:F4:55:AB:96:20,-64
BLE,1704633378795778125,D3:F4:55:AB:96:20,-62
BLE,1704633378987554322,D3:F4:55:AB:96:20,-63
BLE,1704633379182619705,D3:F4:55:AB:96:20,-53
BLE,1704633379951107151,D3:F4:55:AB:96:20,-64
BLE,1704633380527845608,D3:F4:55:AB:96:20,-63
BLE,1704633381080499516,DF:DF:EE:00:00:04,-54
BLE,1704633381488094877,D3:F4:55:AB:96:20,-61
BLE,1704633381622809074,DF:DF:EE:00:00:04,-53
BLE,1704633382066873237,D3:F4:55:AB:96:20,-58
BLE,1704633382084685453,DF:DF:EE:00:00:04,-55
BLE,1704633382259454262,D3:F4:55:AB:96:20,-64
BLE,1704633382644675604,D3:F4:55:AB:96:20,-62
BLE,1704633382836222927,D3:F4:55:AB:96:20,-63
BLE,1704633383599891072,D3:F4:55:AB:96:20,-61
BLE,1704633383795591284,D3:F4:55:AB:96:20,-80
BLE,1704633384178258768,D3:F4:55:AB:96:20,-81
BLE,1704633384359390410,DF:DF:EE:00:00:04,-55
BLE,1704633384889716172,DF:DF:EE:00:00:04,-54
BLE,1704633385066887465,DF:A6:DC:DC:2E:81,-83
BLE,1704633385066904465,DF:DF:EE:00:00:01,-83
BLE,1704633385132722407,D3:F4:55:AB:96:20,-61
BLE,1704633385354954821,DF:DF:EE:00:00:04,-53
BLE,1704633385724117768,D3:F4:55:AB:96:20,-62
BLE,1704633386302815212,D3:F4:55:AB:96:20,-64
BLE,1704633386355539865,DF:DF:EE:00:00:04,-54
BLE,1704633387465139485,D3:F4:55:AB:96:20,-62
BLE,1704633387626590090,DF:DF:EE:00:00:04,-72
BLE,1704633387659933245,D3:F4:55:AB:96:20,-64
BLE,1704633388431350547,D3:F4:55:AB:96:20,-53
BLE,1704633389769357289,D3:F4:55:AB:96:20,-62
BLE,1704633389964310882,D3:F4:55:AB:96:20,-62
BLE,1704633390151297736,DF:A6:DC:DC:2E:81,-83
BLE,1704633390151317069,DF:DF:EE:00:00:01,-83
BLE,1704633390907946968,DF:DF:EE:00:00:04,-56
BLE,1704633390927971919,D3:F4:55:AB:96:20,-64
BLE,1704633391118856789,D3:F4:55:AB:96:20,-48
BLE,1704633391428843792,DF:A6:DC:DC:2E:81,-81
BLE,1704633391428875417,DF:DF:EE:00:00:01,-81
BLE,1704633391513433319,D3:F4:55:AB:96:20,-63
BLE,1704633391703054239,D3:F4:55:AB:96:20,-61
BLE,1704633391899332281,D3:F4:55:AB:96:20,-63
BLE,1704633392183105290,DF:DF:EE:00:00:04,-54
BLE,1704633392468303831,D3:F4:55:AB:96:20,-61
BLE,1704633392661613518,D3:F4:55:AB:96:20,-63
BLE,1704633392718926183,DF:DF:EE:00:00:04,-54
BLE,1704633392847134506,D3:F4:55:AB:96:20,-62
BLE,1704633393241252873,D3:F4:55:AB:96:20,-63
BLE,1704633394596923832,D3:F4:55:AB:96:20,-63
BLE,1704633394725091114,DF:DF:EE:00:00:04,-54
BLE,1704633394791950299,D3:F4:55:AB:96:20,-63
BLE,1704633395172150966,D3:F4:55:AB:96:20,-62
BLE,1704633395181652778,DF:DF:EE:00:00:04,-55
BLE,1704633395558036969,D3:F4:55:AB:96:20,-62
BLE,1704633395751941944,D3:F4:55:AB:96:20,-62
BLE,1704633395949111314,D3:F4:55:AB:96:20,-64
BLE,1704633396178685096,DF:DF:EE:00:00:04,-53
BLE,1704633396331761298,D3:F4:55:AB:96:20,-64
BLE,1704633396717162430,DF:DF:EE:00:00:04,-54
BLE,1704633396899957852,D3:F4:55:AB:96:20,-63
BLE,1704633397290794574,D3:F4:55:AB:96:20,-64
BLE,1704633397479593957,D3:F4:55:AB:96:20,-64
BLE,1704633397718063639,DF:DF:EE:00:00:04,-55
BLE,1704633397791951153,DF:DF:EE:00:00:04,-56
BLE,1704633397799608477,DF:A6:DC:DC:2E:81,-90
BLE,1704633397799656769,DF:DF:EE:00:00:01,-90
BLE,1704633398254132572,D3:F4:55:AB:96:20,-62
BLE,1704633398447717923,D3:F4:55:AB:96:20,-63
BLE,1704633398636970470,D3:F4:55:AB:96:20,-62
BLE,1704633398827833465,D3:F4:55:AB:96:20,-63
BLE,1704633398960525551,DF:DF:EE:00:00:04,-55
BLE,1704633399014413197,D3:F4:55:AB:96:20,-61
BLE,1704633399410895381,D3:F4:55:AB:96:20,-63
BLE,1704633399607185048,D3:F4:55:AB:96:20,-64
BLE,1704633399997227733,D3:F4:55:AB:96:20,-64
BLE,1704633400187450524,D3:F4:55:AB:96:20,-63
BLE,1704633400231513859,DF:DF:EE:00:00:04,-54
BLE,1704633400579270780,D3:F4:55:AB:96:20,-59
BLE,1704633400770443606,DF:DF:EE:00:00:04,-67
BLE,1704633400961692140,D3:F4:55:AB:96:20,-64
BLE,1704633401537000190,D3:F4:55:AB:96:20,-49
BLE,1704633402124789741,D3:F4:55:AB:96:20,-62
BLE,1704633402509796125,DF:DF:EE:00:00:04,-54
BLE,1704633402515569504,D3:F4:55:AB:96:20,-64
BLE,1704633402897002121,D3:F4:55:AB:96:20,-59
BLE,1704633403468330572,D3:F4:55:AB:96:20,-62
BLE,1704633403665979105,D3:F4:55:AB:96:20,-59
BLE,1704633403785742567,DF:DF:EE:00:00:04,-54
BLE,1704633403852352004,D3:F4:55:AB:96:20,-61
BLE,1704633404236997850,D3:F4:55:AB:96:20,-62
BLE,1704633404813206019,D3:F4:55:AB:96:20,-48
BLE,1704633405398407587,D3:F4:55:AB:96:20,-47
BLE,1704633405975672165,D3:F4:55:AB:96:20,-64
BLE,1704633406363815488,D3:F4:55:AB:96:20,-63
BLE,1704633407128550041,D3:F4:55:AB:96:20,-63
BLE,1704633407512208560,D3:F4:55:AB:96:20,-47
BLE,1704633407879559186,DF:DF:EE:00:00:04,-54
BLE,1704633407969094722,DF:A6:DC:DC:2E:81,-85
BLE,1704633407969111222,DF:DF:EE:00:00:01,-85
BLE,1704633408661520626,D3:F4:55:AB:96:20,-64
BLE,1704633409335838775,DF:DF:EE:00:00:04,-56
BLE,1704633409434080254,D3:F4:55:AB:96:20,-48
BLE,1704633410012891989,D3:F4:55:AB:96:20,-64
BLE,1704633410333417173,DF:DF:EE:00:00:04,-53
BLE,1704633410402315970,D3:F4:55:AB:96:20,-63
BLE,1704633410788070391,D3:F4:55:AB:96:20,-62
BLE,1704633411169501132,D3:F4:55:AB:96:20,-64
BLE,1704633411547957310,D3:F4:55:AB:96:20,-58
BLE,1704633411741876202,D3:F4:55:AB:96:20,-64
BLE,1704633411927342482,D3:F4:55:AB:96:20,-61
BLE,1704633412509412195,D3:F4:55:AB:96:20,-64
BLE,1704633412842598338,DF:DF:EE:00:00:04,-55
BLE,1704633412898369804,D3:F4:55:AB:96:20,-63
BLE,1704633413093380188,D3:F4:55:AB:96:20,-59
BLE,1704633413481538219,D3:F4:55:AB:96:20,-61
BLE,1704633414252220609,D3:F4:55:AB:96:20,-64
BLE,1704633414340122447,DF:A6:DC:DC:2E:81,-83
BLE,1704633414340142947,DF:DF:EE:00:00:01,-83
BLE,1704633414647225553,DF:DF:EE:00:00:04,-55
BLE,1704633414823189645,D3:F4:55:AB:96:20,-63
BLE,1704633415013238187,D3:F4:55:AB:96:20,-61
BLE,1704633415396335501,D3:F4:55:AB:96:20,-62
BLE,1704633415617298756,DF:A6:DC:DC:2E:81,-83
BLE,1704633415617331298,DF:DF:EE:00:00:01,-83
BLE,1704633416359429750,D3:F4:55:AB:96:20,-61
BLE,1704633416556291622,D3:F4:55:AB:96:20,-48
BLE,1704633416750448054,D3:F4:55:AB:96:20,-64
BLE,1704633416940647345,D3:F4:55:AB:96:20,-63
BLE,1704633417135834936,D3:F4:55:AB:96:20,-62
BLE,1704633417331350567,D3:F4:55:AB:96:20,-63
BLE,1704633417717661401,D3:F4:55:AB:96:20,-64
BLE,1704633418295460643,D3:F4:55:AB:96:20,-62
BLE,1704633419638661476,D3:F4:55:AB:96:20,-64
BLE,1704633420932487092,DF:DF:EE:00:00:04,-54
BLE,1704633421379904358,D3:F4:55:AB:96:20,-61
BLE,1704633421576282525,D3:F4:55:AB:96:20,-63
BLE,1704633421766784522,D3:F4:55:AB:96:20,-63
BLE,1704633421934540085,DF:DF:EE:00:00:04,-55
BLE,1704633421958403887,D3:F4:55:AB:96:20,-63
BLE,1704633421985390084,DF:A6:DC:DC:2E:81,-78
BLE,1704633421985401626,DF:DF:EE:00:00:01,-78
BLE,1704633422918887612,D3:F4:55:AB:96:20,-62
BLE,1704633423205208604,DF:DF:EE:00:00:04,-39
BLE,1704633423304754366,D3:F4:55:AB:96:20,-53
BLE,1704633423744233392,DF:DF:EE:00:00:04,-54
BLE,1704633424207190431,DF:DF:EE:00:00:04,-40
BLE,1704633424450077667,D3:F4:55:AB:96:20,-48
BLE,1704633424527681781,DF:A6:DC:DC:2E:81,-73
BLE,1704633424527699073,DF:DF:EE:00:00:01,-73
BLE,1704633424643409687,D3:F4:55:AB:96:20,-62
BLE,1704633424839257815,D3:F4:55:AB:96:20,-53
BLE,1704633425421918608,D3:F4:55:AB:96:20,-80
BLE,1704633425475076926,DF:DF:EE:00:00:04,-43
BLE,1704633425807757988,D3:F4:55:AB:96:20,-64
BLE,1704633426013423427,DF:DF:EE:00:00:04,-54
BLE,1704633427161024546,D3:F4:55:AB:96:20,-61
BLE,1704633427473141160,DF:DF:EE:00:00:04,-55
BLE,1704633428477714637,DF:DF:EE:00:00:04,-55
BLE,1704633429280406233,D3:F4:55:AB:96:20,-61
BLE,1704633429666293445,D3:F4:55:AB:96:20,-63
BLE,1704633429748207323,DF:DF:EE:00:00:04,-53
BLE,1704633430625987300,D3:F4:55:AB:96:20,-48
BLE,1704633430742601783,DF:DF:EE:00:00:04,-53
BLE,1704633430744288022,DF:DF:EE:00:00:04,-50
BLE,1704633431005241889,D3:F4:55:AB:96:20,-64
BLE,1704633431202552925,D3:F4:55:AB:96:20,-59
BLE,1704633431292765832,DF:DF:EE:00:00:04,-55
BLE,1704633431587294270,D3:F4:55:AB:96:20,-53
BLE,1704633431779972752,D3:F4:55:AB:96:20,-62
BLE,1704633432159886462,DF:A6:DC:DC:2E:81,-84
BLE,1704633432159909545,DF:DF:EE:00:00:01,-84
BLE,1704633432171017431,D3:F4:55:AB:96:20,-62
BLE,1704633432366177481,D3:F4:55:AB:96:20,-64
BLE,1704633432757126493,D3:F4:55:AB:96:20,-47
BLE,1704633433028590541,DF:DF:EE:00:00:04,-55
BLE,1704633433437034521,DF:A6:DC:DC:2E:81,-82
BLE,1704633433437070188,DF:DF:EE:00:00:01,-82
BLE,1704633433528468878,D3:F4:55:AB:96:20,-61
BLE,1704633433725306667,D3:F4:55:AB:96:20,-63
BLE,1704633433911051987,D3:F4:55:AB:96:20,-63
BLE,1704633434030013205,DF:DF:EE:00:00:04,-54
BLE,1704633434105600374,D3:F4:55:AB:96:20,-59
BLE,1704633434488828437,D3:F4:55:AB:96:20,-53
BLE,1704633434874679108,D3:F4:55:AB:96:20,-63
BLE,1704633435458449936,D3:F4:55:AB:96:20,-64
BLE,1704633435652326661,D3:F4:55:AB:96:20,-63
BLE,1704633435841834456,DF:DF:EE:00:00:04,-76
BLE,1704633436842510083,DF:DF:EE:00:00:04,-30
BLE,1704633437197727164,D3:F4:55:AB:96:20,-61
BLE,1704633437964218248,D3:F4:55:AB:96:20,-61
BLE,1704633438155186617,D3:F4:55:AB:96:20,-64
BLE,1704633438297221641,DF:DF:EE:00:00:04,-53
BLE,1704633438535273784,D3:F4:55:AB:96:20,-63
BLE,1704633438727395729,D3:F4:55:AB:96:20,-63
BLE,1704633438834747106,DF:DF:EE:00:00:04,-55
BLE,1704633438919809963,D3:F4:55:AB:96:20,-64
BLE,1704633439110868207,D3:F4:55:AB:96:20,-62
BLE,1704633439302133574,DF:DF:EE:00:00:04,-55
BLE,1704633439682877320,D3:F4:55:AB:96:20,-64
BLE,1704633439840152619,DF:DF:EE:00:00:04,-55
BLE,1704633440065564512,D3:F4:55:AB:96:20,-64
BLE,1704633440454943992,D3:F4:55:AB:96:20,-64
BLE,1704633440648028139,D3:F4:55:AB:96:20,-63
BLE,1704633441034666097,D3:F4:55:AB:96:20,-64
BLE,1704633441222725360,D3:F4:55:AB:96:20,-57
BLE,1704633441421357970,D3:F4:55:AB:96:20,-62
BLE,1704633441570052867,DF:DF:EE:00:00:04,-56
BLE,1704633442008415276,D3:F4:55:AB:96:20,-62
BLE,1704633442199813309,D3:F4:55:AB:96:20,-64
BLE,1704633442349123660,DF:A6:DC:DC:2E:81,-83
BLE,1704633442349196826,DF:DF:EE:00:00:01,-83
BLE,1704633442572968521,DF:DF:EE:00:00:04,-54
BLE,1704633442574581886,D3:F4:55:AB:96:20,-62
BLE,1704633442770306057,D3:F4:55:AB:96:20,-63
BLE,1704633443155230192,D3:F4:55:AB:96:20,-64
BLE,1704633444121117715,D3:F4:55:AB:96:20,-63
BLE,1704633444696708596,D3:F4:55:AB:96:20,-62
BLE,1704633445089059641,D3:F4:55:AB:96:20,-47
BLE,1704633445669544906,D3:F4:55:AB:96:20,-58
BLE,1704633445844371090,DF:DF:EE:00:00:04,-56
BLE,1704633446054068211,D3:F4:55:AB:96:20,-63
BLE,1704633446244994164,D3:F4:55:AB:96:20,-62
BLE,1704633446626500613,D3:F4:55:AB:96:20,-63
BLE,1704633446821012625,D3:F4:55:AB:96:20,-63
BLE,1704633446844110265,DF:DF:EE:00:00:04,-56
BLE,1704633447402609801,D3:F4:55:AB:96:20,-64
BLE,1704633447592612718,D3:F4:55:AB:96:20,-63
BLE,1704633447849231322,DF:DF:EE:00:00:04,-54
BLE,1704633447981555285,D3:F4:55:AB:96:20,-62
BLE,1704633448172316322,D3:F4:55:AB:96:20,-63
BLE,1704633448748580074,D3:F4:55:AB:96:20,-63
BLE,1704633449130884893,D3:F4:55:AB:96:20,-64
BLE,1704633449326524231,D3:F4:55:AB:96:20,-61
BLE,1704633449708058097,D3:F4:55:AB:96:20,-63
BLE,1704633450399346342,DF:DF:EE:00:00:04,-55
BLE,1704633451260335013,DF:A6:DC:DC:2E:81,-81
BLE,1704633451260392179,DF:DF:EE:00:00:01,-81
BLE,1704633451672688843,DF:DF:EE:00:00:04,-53
BLE,1704633451819691793,D3:F4:55:AB:96:20,-61
BLE,1704633452199129256,D3:F4:55:AB:96:20,-64
BLE,1704633452582946565,D3:F4:55:AB:96:20,-48
BLE,1704633452970259934,D3:F4:55:AB:96:20,-62
BLE,1704633453353798995,D3:F4:55:AB:96:20,-63
BLE,1704633453546443895,D3:F4:55:AB:96:20,-63
BLE,1704633453928895880,D3:F4:55:AB:96:20,-64
BLE,1704633454314685884,D3:F4:55:AB:96:20,-63
BLE,1704633454510327348,D3:F4:55:AB:96:20,-64
BLE,1704633454897841507,D3:F4:55:AB:96:20,-63
BLE,1704633455085601606,D3:F4:55:AB:96:20,-62
BLE,1704633455279306124,D3:F4:55:AB:96:20,-63
BLE,1704633455470962780,D3:F4:55:AB:96:20,-61
BLE,1704633455661917566,D3:F4:55:AB:96:20,-64
BLE,1704633455762443905,DF:DF:EE:00:00:04,-47
BLE,1704633455847564512,D3:F4:55:AB:96:20,-62
BLE,1704633456043548556,D3:F4:55:AB:96:20,-64
BLE,1704633456222808960,DF:DF:EE:00:00:04,-51
BLE,1704633456425913166,D3:F4:55:AB:96:20,-64
BLE,1704633456615364254,D3:F4:55:AB:96:20,-64
BLE,1704633456760247134,DF:DF:EE:00:00:04,-55
BLE,1704633456806943035,D3:F4:55:AB:96:20,-76
BLE,1704633457190842469,D3:F4:55:AB:96:20,-63
BLE,1704633457221601850,DF:DF:EE:00:00:04,-54
BLE,1704633457580275866,D3:F4:55:AB:96:20,-61
BLE,1704633457776353118,D3:F4:55:AB:96:20,-63
BLE,1704633457964983878,D3:F4:55:AB:96:20,-58
BLE,1704633458220304782,DF:DF:EE:00:00:04,-54
BLE,1704633458347614986,D3:F4:55:AB:96:20,-61
BLE,1704633458913056101,D3:F4:55:AB:96:20,-63
BLE,1704633459488759065,D3:F4:55:AB:96:20,-64
BLE,1704633460070612655,D3:F4:55:AB:96:20,-63
BLE,1704633460260096409,D3:F4:55:AB:96:20,-62
BLE,1704633460644072217,D3:F4:55:AB:96:20,-48
BLE,1704633460754769031,DF:DF:EE:00:00:04,-54
BLE,1704633461028670479,D3:F4:55:AB:96:20,-62
BLE,1704633461452946106,DF:A6:DC:DC:2E:81,-83
BLE,1704633461452985480,DF:DF:EE:00:00:01,-83
BLE,1704633461992553515,D3:F4:55:AB:96:20,-63
BLE,1704633462569787552,D3:F4:55:AB:96:20,-62
BLE,1704633463143300447,D3:F4:55:AB:96:20,-62
BLE,1704633463523860903,DF:DF:EE:00:00:04,-53
BLE,1704633463988208765,DF:DF:EE:00:00:04,-73
BLE,1704633464484090004,D3:F4:55:AB:96:20,-64
BLE,1704633465250789879,D3:F4:55:AB:96:20,-64
BLE,1704633465436850197,D3:F4:55:AB:96:20,-62
BLE,1704633465816715865,D3:F4:55:AB:96:20,-62
BLE,1704633466390734840,D3:F4:55:AB:96:20,-62
BLE,1704633466782555638,D3:F4:55:AB:96:20,-64
BLE,1704633466805321322,DF:DF:EE:00:00:04,-67
BLE,1704633466973191134,D3:F4:55:AB:96:20,-63
BLE,1704633467164960790,D3:F4:55:AB:96:20,-48
BLE,1704633467549772259,D3:F4:55:AB:96:20,-62
BLE,1704633467743942607,D3:F4:55:AB:96:20,-62
BLE,1704633467800609485,DF:DF:EE:00:00:04,-38
BLE,1704633467820512812,DF:A6:DC:DC:2E:81,-76
BLE,1704633467820547937,DF:DF:EE:00:00:01,-76
BLE,1704633467931368958,D3:F4:55:AB:96:20,-61
BLE,1704633468309160348,D3:F4:55:AB:96:20,-53
BLE,1704633468494407630,D3:F4:55:AB:96:20,-48
BLE,1704633468684134007,D3:F4:55:AB:96:20,-48
BLE,1704633468880333675,D3:F4:55:AB:96:20,-62
BLE,1704633469077533670,D3:F4:55:AB:96:20,-63
BLE,1704633469463377008,D3:F4:55:AB:96:20,-61
BLE,1704633469657035151,D3:F4:55:AB:96:20,-63
BLE,1704633469807932283,DF:DF:EE:00:00:04,-54
BLE,1704633470045036266,D3:F4:55:AB:96:20,-61
BLE,1704633470242831840,D3:F4:55:AB:96:20,-63
BLE,1704633470264258574,DF:DF:EE:00:00:04,-55
BLE,1704633470806713840,DF:DF:EE:00:00:04,-55
BLE,1704633470880592020,DF:DF:EE:00:00:04,-39
BLE,1704633471013925102,D3:F4:55:AB:96:20,-62
BLE,1704633471210878640,D3:F4:55:AB:96:20,-59
BLE,1704633471398207241,D3:F4:55:AB:96:20,-63
BLE,1704633471594461784,D3:F4:55:AB:96:20,-63
BLE,1704633471644514080,DF:A6:DC:DC:2E:81,-84
BLE,1704633471644546580,DF:DF:EE:00:00:01,-84
BLE,1704633471781037307,D3:F4:55:AB:96:20,-62
BLE,1704633472043041209,DF:DF:EE:00:00:04,-56
BLE,1704633472176324916,D3:F4:55:AB:96:20,-63
BLE,1704633472365478422,D3:F4:55:AB:96:20,-61
BLE,1704633472557956031,D3:F4:55:AB:96:20,-63
BLE,1704633472942854416,D3:F4:55:AB:96:20,-62
BLE,1704633473047704935,DF:DF:EE:00:00:04,-55
BLE,1704633473133567745,D3:F4:55:AB:96:20,-63
BLE,1704633473327615386,D3:F4:55:AB:96:20,-63
BLE,1704633473519989995,D3:F4:55:AB:96:20,-62
BLE,1704633474044406630,DF:DF:EE:00:00:04,-55
BLE,1704633474293253327,D3:F4:55:AB:96:20,-63
BLE,1704633474481908586,D3:F4:55:AB:96:20,-63
BLE,1704633474585615279,DF:DF:EE:00:00:04,-40
BLE,1704633474670651761,D3:F4:55:AB:96:20,-48
BLE,1704633475621786256,D3:F4:55:AB:96:20,-64
BLE,1704633476204380133,D3:F4:55:AB:96:20,-64
BLE,1704633476392002066,D3:F4:55:AB:96:20,-62
BLE,1704633476771426070,D3:F4:55:AB:96:20,-63
BLE,1704633476967769196,D3:F4:55:AB:96:20,-63
BLE,1704633478893092367,D3:F4:55:AB:96:20,-62
BLE,1704633479086838385,D3:F4:55:AB:96:20,-63
BLE,1704633479320700472,DF:DF:EE:00:00:04,-53
BLE,1704633479475752619,D3:F4:55:AB:96:20,-61
BLE,1704633480053748026,D3:F4:55:AB:96:20,-53
BLE,1704633480322160594,DF:DF:EE:00:00:04,-55
BLE,1704633480629687030,D3:F4:55:AB:96:20,-64
BLE,1704633480857341741,DF:DF:EE:00:00:04,-40
BLE,1704633481010626899,D3:F4:55:AB:96:20,-48
BLE,1704633481205628409,D3:F4:55:AB:96:20,-58
BLE,1704633481313536116,DF:DF:EE:00:00:04,-55
BLE,1704633481396044948,D3:F4:55:AB:96:20,-63
BLE,1704633481588050602,D3:F4:55:AB:96:20,-52
BLE,1704633482367657016,D3:F4:55:AB:96:20,-64
BLE,1704633482557541018,D3:F4:55:AB:96:20,-62
BLE,1704633482941963739,D3:F4:55:AB:96:20,-63
BLE,1704633483526749810,D3:F4:55:AB:96:20,-63
BLE,1704633483590470724,DF:DF:EE:00:00:04,-53
BLE,1704633483915443920,D3:F4:55:AB:96:20,-64
BLE,1704633484131860831,DF:DF:EE:00:00:04,-47
BLE,1704633484592553301,DF:DF:EE:00:00:04,-55
BLE,1704633485058281155,D3:F4:55:AB:96:20,-48
BLE,1704633485124215763,DF:DF:EE:00:00:04,-53
BLE,1704633485251436009,D3:F4:55:AB:96:20,-63
BLE,1704633485438909401,D3:F4:55:AB:96:20,-62
BLE,1704633485643456139,DF:A6:DC:DC:2E:81,-82
BLE,1704633485643501931,DF:DF:EE:00:00:01,-82
BLE,1704633485821198929,D3:F4:55:AB:96:20,-57
BLE,1704633486016530644,D3:F4:55:AB:96:20,-59
BLE,1704633486125390803,DF:DF:EE:00:00:04,-56
BLE,1704633486399509667,D3:F4:55:AB:96:20,-63
BLE,1704633486920863822,DF:A6:DC:DC:2E:81,-83
BLE,1704633486920902405,DF:DF:EE:00:00:01,-83
BLE,1704633487592489655,DF:DF:EE:00:00:04,-55
BLE,1704633487931083595,D3:F4:55:AB:96:20,-80
BLE,1704633488516605202,D3:F4:55:AB:96:20,-63
BLE,1704633488703899137,D3:F4:55:AB:96:20,-63
BLE,1704633489097734089,D3:F4:55:AB:96:20,-48
BLE,1704633489287972296,D3:F4:55:AB:96:20,-48
BLE,1704633489468252069,DF:A6:DC:DC:2E:81,-82
BLE,1704633489468289110,DF:DF:EE:00:00:01,-82
BLE,1704633489479473120,D3:F4:55:AB:96:20,-64
BLE,1704633490627176447,D3:F4:55:AB:96:20,-63
BLE,1704633490813020766,D3:F4:55:AB:96:20,-62
BLE,1704633491003389014,D3:F4:55:AB:96:20,-62
BLE,1704633491192717603,D3:F4:55:AB:96:20,-63
BLE,1704633491380085287,D3:F4:55:AB:96:20,-63
BLE,1704633491572416647,D3:F4:55:AB:96:20,-64
BLE,1704633491687760097,DF:DF:EE:00:00:04,-55
BLE,1704633491759871539,D3:F4:55:AB:96:20,-62
BLE,1704633491949300335,D3:F4:55:AB:96:20,-64
BLE,1704633492007017705,DF:A6:DC:DC:2E:81,-83
BLE,1704633492007051414,DF:DF:EE:00:00:01,-83
BLE,1704633492525297589,D3:F4:55:AB:96:20,-61
BLE,1704633492906041126,D3:F4:55:AB:96:20,-62
BLE,1704633493298083548,D3:F4:55:AB:96:20,-62
BLE,1704633494143828944,DF:DF:EE:00:00:04,-53
BLE,1704633494660959918,D3:F4:55:AB:96:20,-76
BLE,1704633495423353113,DF:DF:EE:00:00:04,-56
BLE,1704633496019387234,D3:F4:55:AB:96:20,-61
BLE,1704633496591115516,D3:F4:55:AB:96:20,-64
BLE,1704633497095345700,DF:A6:DC:DC:2E:81,-83
BLE,1704633497095410116,DF:DF:EE:00:00:01,-83
BLE,1704633497168988799,D3:F4:55:AB:96:20,-64
BLE,1704633497226037007,DF:DF:EE:00:00:04,-54
BLE,1704633497363345604,D3:F4:55:AB:96:20,-64
BLE,1704633497553149647,D3:F4:55:AB:96:20,-62
BLE,1704633497691067199,DF:DF:EE:00:00:04,-55
BLE,1704633497935609216,D3:F4:55:AB:96:20,-64
BLE,1704633498129534149,D3:F4:55:AB:96:20,-62
BLE,1704633498322335672,D3:F4:55:AB:96:20,-64
BLE,1704633498517819345,D3:F4:55:AB:96:20,-62
BLE,1704633498958728029,DF:DF:EE:00:00:04,-54
BLE,1704633499090599745,D3:F4:55:AB:96:20,-62
BLE,1704633499280831785,D3:F4:55:AB:96:20,-62
BLE,1704633499672432377,D3:F4:55:AB:96:20,-62
BLE,1704633499868520087,D3:F4:55:AB:96:20,-64
BLE,1704633500061799857,D3:F4:55:AB:96:20,-62
BLE,1704633500774915668,DF:DF:EE:00:00:04,-54
BLE,1704633500920442044,DF:A6:DC:DC:2E:81,-77
BLE,1704633500920479169,DF:DF:EE:00:00:01,-77
BLE,1704633501014353426,D3:F4:55:AB:96:20,-48
BLE,1704633501228415185,DF:DF:EE:00:00:04,-40
BLE,1704633501405455146,D3:F4:55:AB:96:20,-48
BLE,1704633501599591952,D3:F4:55:AB:96:20,-53
BLE,1704633501984926502,D3:F4:55:AB:96:20,-48
BLE,1704633502367394653,D3:F4:55:AB:96:20,-63
BLE,1704633502507262275,DF:DF:EE:00:00:04,-56
BLE,1704633503330886775,D3:F4:55:AB:96:20,-62
BLE,1704633503463064405,DF:A6:DC:DC:2E:81,-81
BLE,1704633503463091739,DF:DF:EE:00:00:01,-81
BLE,1704633503523302009,D3:F4:55:AB:96:20,-65
BLE,1704633504043644296,DF:DF:EE:00:00:04,-54
BLE,1704633504096945945,D3:F4:55:AB:96:20,-48
BLE,1704633504287963272,D3:F4:55:AB:96:20,-63
BLE,1704633504475709829,D3:F4:55:AB:96:20,-53
BLE,1704633504508357031,DF:DF:EE:00:00:04,-64
BLE,1704633504668048897,D3:F4:55:AB:96:20,-64
BLE,1704633504857539026,D3:F4:55:AB:96:20,-63
BLE,1704633505816279596,D3:F4:55:AB:96:20,-63
BLE,1704633506002737828,DF:A6:DC:DC:2E:81,-84
BLE,1704633506002776619,DF:DF:EE:00:00:01,-84
BLE,1704633507168557286,D3:F4:55:AB:96:20,-62
BLE,1704633507748434681,D3:F4:55:AB:96:20,-64
BLE,1704633507939718881,D3:F4:55:AB:96:20,-62
BLE,1704633508049222077,DF:DF:EE:00:00:04,-55
BLE,1704633508520936350,D3:F4:55:AB:96:20,-63
BLE,1704633508549297622,DF:A6:DC:DC:2E:81,-83
BLE,1704633508549330997,DF:DF:EE:00:00:01,-83
BLE,1704633508712959546,D3:F4:55:AB:96:20,-48
BLE,1704633509099317963,D3:F4:55:AB:96:20,-47
BLE,1704633509287287310,D3:F4:55:AB:96:20,-61
BLE,1704633509485847838,D3:F4:55:AB:96:20,-63
BLE,1704633509672397402,D3:F4:55:AB:96:20,-62
BLE,1704633510055250760,DF:DF:EE:00:00:04,-55
BLE,1704633510066762976,D3:F4:55:AB:96:20,-48
BLE,1704633510449520625,D3:F4:55:AB:96:20,-63
BLE,1704633510641622528,D3:F4:55:AB:96:20,-63
BLE,1704633511032966955,D3:F4:55:AB:96:20,-63
BLE,1704633511223700242,D3:F4:55:AB:96:20,-61
BLE,1704633511810921255,D3:F4:55:AB:96:20,-62
BLE,1704633512003432697,D3:F4:55:AB:96:20,-63
BLE,1704633512190132344,D3:F4:55:AB:96:20,-70
BLE,1704633512575003563,D3:F4:55:AB:96:20,-48
BLE,1704633512763918612,D3:F4:55:AB:96:20,-64
BLE,1704633512863200668,DF:DF:EE:00:00:04,-54
BLE,1704633512955138772,D3:F4:55:AB:96:20,-48
BLE,1704633513533523801,D3:F4:55:AB:96:20,-62
BLE,1704633514102604309,D3:F4:55:AB:96:20,-61
BLE,1704633514300306592,D3:F4:55:AB:96:20,-62
BLE,1704633514869406766,D3:F4:55:AB:96:20,-61
BLE,1704633515059701514,D3:F4:55:AB:96:20,-63
BLE,1704633515452009851,D3:F4:55:AB:96:20,-49
BLE,1704633515833757465,D3:F4:55:AB:96:20,-61
BLE,1704633515879684913,DF:DF:EE:00:00:04,-72
BLE,1704633516220930294,D3:F4:55:AB:96:20,-63
BLE,1704633516411029044,D3:F4:55:AB:96:20,-63
BLE,1704633516598797559,D3:F4:55:AB:96:20,-61
BLE,1704633517363871777,D3:F4:55:AB:96:20,-62
BLE,1704633517935316394,D3:F4:55:AB:96:20,-62
BLE,1704633518128461790,D3:F4:55:AB:96:20,-62
BLE,1704633518323840756,D3:F4:55:AB:96:20,-63
BLE,1704633518426904369,DF:DF:EE:00:00:04,-54
BLE,1704633518703616466,D3:F4:55:AB:96:20,-64
BLE,1704633518895789411,D3:F4:55:AB:96:20,-58
BLE,1704633518966094782,DF:DF:EE:00:00:04,-39
BLE,1704633519469062557,D3:F4:55:AB:96:20,-63
BLE,1704633519966568619,DF:DF:EE:00:00:04,-55
BLE,1704633520428762037,DF:DF:EE:00:00:04,-53
BLE,1704633520434371084,D3:F4:55:AB:96:20,-64
BLE,1704633520973530913,DF:DF:EE:00:00:04,-55
BLE,1704633521393500901,D3:F4:55:AB:96:20,-63
BLE,1704633521776046260,D3:F4:55:AB:96:20,-62
BLE,1704633521968356620,DF:DF:EE:00:00:04,-56
BLE,1704633522161162436,D3:F4:55:AB:96:20,-61
BLE,1704633522541297061,DF:A6:DC:DC:2E:81,-84
BLE,1704633522541351310,DF:DF:EE:00:00:01,-84
BLE,1704633523428872515,DF:DF:EE:00:00:04,-56
BLE,1704633523511183015,D3:F4:55:AB:96:20,-63
BLE,1704633523703278586,D3:F4:55:AB:96:20,-64
BLE,1704633523893894624,D3:F4:55:AB:96:20,-48
BLE,1704633523966410313,DF:DF:EE:00:00:04,-55
BLE,1704633524279922001,D3:F4:55:AB:96:20,-48
BLE,1704633525084280587,DF:A6:DC:DC:2E:81,-83
BLE,1704633525084333628,DF:DF:EE:00:00:01,-83
BLE,1704633525435116988,D3:F4:55:AB:96:20,-64
BLE,1704633525622617754,D3:F4:55:AB:96:20,-62
BLE,1704633525748550176,DF:DF:EE:00:00:04,-56
BLE,1704633526004580451,D3:F4:55:AB:96:20,-61
BLE,1704633526202449483,D3:F4:55:AB:96:20,-63
BLE,1704633526396867829,D3:F4:55:AB:96:20,-64
BLE,1704633526592678208,D3:F4:55:AB:96:20,-61
BLE,1704633526783889284,D3:F4:55:AB:96:20,-64
BLE,1704633526973553203,D3:F4:55:AB:96:20,-62
BLE,1704633527212025427,DF:DF:EE:00:00:04,-50
BLE,1704633527553688430,D3:F4:55:AB:96:20,-63
BLE,1704633527751627586,D3:F4:55:AB:96:20,-62
BLE,1704633527942471498,D3:F4:55:AB:96:20,-61
BLE,1704633528138415542,D3:F4:55:AB:96:20,-62
BLE,1704633528477127565,DF:DF:EE:00:00:04,-56
BLE,1704633528721657873,D3:F4:55:AB:96:20,-47
BLE,1704633528907359860,D3:F4:55:AB:96:20,-48
BLE,1704633529098573311,D3:F4:55:AB:96:20,-64
BLE,1704633529288430854,D3:F4:55:AB:96:20,-63
BLE,1704633529672730160,D3:F4:55:AB:96:20,-62
BLE,1704633529755447075,DF:DF:EE:00:00:04,-56
BLE,1704633529866248387,D3:F4:55:AB:96:20,-59
BLE,1704633530289956476,DF:DF:EE:00:00:04,-56
BLE,1704633530448824348,D3:F4:55:AB:96:20,-64
BLE,1704633531032349843,D3:F4:55:AB:96:20,-62
BLE,1704633531287762580,DF:DF:EE:00:00:04,-54
BLE,1704633531418622261,D3:F4:55:AB:96:20,-62
BLE,1704633531451244922,DF:A6:DC:DC:2E:81,-73
BLE,1704633531451256130,DF:DF:EE:00:00:01,-73
BLE,1704633531607229063,D3:F4:55:AB:96:20,-52
BLE,1704633531803861520,D3:F4:55:AB:96:20,-63
BLE,1704633531993285274,D3:F4:55:AB:96:20,-62
BLE,1704633532381435138,D3:F4:55:AB:96:20,-48
BLE,1704633532570604852,D3:F4:55:AB:96:20,-63
BLE,1704633532747902228,DF:DF:EE:00:00:04,-54
BLE,1704633532757403415,D3:F4:55:AB:96:20,-64
BLE,1704633533289978079,DF:DF:EE:00:00:04,-67
BLE,1704633533341442699,D3:F4:55:AB:96:20,-58
BLE,1704633533536162919,D3:F4:55:AB:96:20,-64
BLE,1704633533725749463,D3:F4:55:AB:96:20,-57
BLE,1704633533746520118,DF:DF:EE:00:00:04,-53
BLE,1704633534112005715,D3:F4:55:AB:96:20,-62
BLE,1704633534288332639,DF:DF:EE:00:00:04,-54
BLE,1704633534301531385,D3:F4:55:AB:96:20,-71
BLE,1704633534689072586,D3:F4:55:AB:96:20,-63
BLE,1704633534752847459,DF:DF:EE:00:00:04,-56
BLE,1704633534878575340,D3:F4:55:AB:96:20,-64
BLE,1704633535267938529,D3:F4:55:AB:96:20,-63
BLE,1704633535273760908,DF:A6:DC:DC:2E:81,-83
BLE,1704633535273773033,DF:DF:EE:00:00:01,-83
BLE,1704633535286681531,DF:DF:EE:00:00:04,-54
BLE,1704633535654609153,D3:F4:55:AB:96:20,-64
BLE,1704633535789241393,DF:DF:EE:00:00:04,-56
BLE,1704633536245837973,DF:DF:EE:00:00:04,-54
BLE,1704633536613345056,D3:F4:55:AB:96:20,-64
BLE,1704633536795938189,DF:DF:EE:00:00:04,-55
BLE,1704633537251833565,DF:DF:EE:00:00:04,-56
BLE,1704633537787677916,DF:DF:EE:00:00:04,-55
BLE,1704633538156830739,D3:F4:55:AB:96:20,-63
BLE,1704633538255986878,DF:DF:EE:00:00:04,-55
BLE,1704633538351404126,D3:F4:55:AB:96:20,-64
BLE,1704633538795423914,DF:DF:EE:00:00:04,-55
BLE,1704633539688240376,D3:F4:55:AB:96:20,-62
BLE,1704633540516291347,DF:DF:EE:00:00:04,-53
BLE,1704633541050983538,D3:F4:55:AB:96:20,-64
BLE,1704633541239257092,D3:F4:55:AB:96:20,-53
BLE,1704633541429075385,D3:F4:55:AB:96:20,-62
BLE,1704633542384105396,D3:F4:55:AB:96:20,-57
BLE,1704633542767782081,D3:F4:55:AB:96:20,-62
BLE,1704633542789261190,DF:DF:EE:00:00:04,-48
BLE,1704633543153391545,D3:F4:55:AB:96:20,-62
BLE,1704633543330855170,DF:DF:EE:00:00:04,-53
BLE,1704633543730597749,D3:F4:55:AB:96:20,-63
BLE,1704633544114727598,D3:F4:55:AB:96:20,-64
BLE,1704633544307612621,D3:F4:55:AB:96:20,-62
BLE,1704633544499138861,D3:F4:55:AB:96:20,-61
BLE,1704633545066089841,DF:DF:EE:00:00:04,-38
BLE,1704633545265443113,D3:F4:55:AB:96:20,-61
BLE,1704633545459237297,D3:F4:55:AB:96:20,-63
BLE,1704633545601693569,DF:DF:EE:00:00:04,-53
BLE,1704633546033807060,D3:F4:55:AB:96:20,-63
BLE,1704633546067144841,DF:DF:EE:00:00:04,-55
BLE,1704633546423404373,D3:F4:55:AB:96:20,-48
BLE,1704633546803030959,D3:F4:55:AB:96:20,-61
BLE,1704633547379079629,D3:F4:55:AB:96:20,-61
BLE,1704633547569323003,D3:F4:55:AB:96:20,-64
BLE,1704633547959607770,D3:F4:55:AB:96:20,-64
BLE,1704633548343070290,D3:F4:55:AB:96:20,-64
BLE,1704633548529737479,D3:F4:55:AB:96:20,-62
BLE,1704633548614685628,DF:DF:EE:00:00:04,-55
BLE,1704633548725061111,D3:F4:55:AB:96:20,-63
BLE,1704633549109501416,D3:F4:55:AB:96:20,-63
BLE,1704633549153106379,DF:DF:EE:00:00:04,-55
BLE,1704633549495249546,D3:F4:55:AB:96:20,-61
BLE,1704633549610665537,DF:DF:EE:00:00:04,-54
BLE,1704633550147956128,DF:DF:EE:00:00:04,-53
BLE,1704633550258500609,D3:F4:55:AB:96:20,-61
BLE,1704633550455958394,D3:F4:55:AB:96:20,-63
BLE,1704633550651955813,D3:F4:55:AB:96:20,-63
BLE,1704633551613143409,D3:F4:55:AB:96:20,-57
BLE,1704633551880453651,DF:DF:EE:00:00:04,-53
BLE,1704633551994470109,D3:F4:55:AB:96:20,-63
BLE,1704633552767862023,D3:F4:55:AB:96:20,-48
BLE,1704633552961440666,D3:F4:55:AB:96:20,-64
BLE,1704633553156975672,D3:F4:55:AB:96:20,-62
BLE,1704633553346070804,D3:F4:55:AB:96:20,-63
BLE,1704633553929861298,D3:F4:55:AB:96:20,-61
BLE,1704633555090371957,D3:F4:55:AB:96:20,-57
BLE,1704633555157912721,DF:DF:EE:00:00:04,-40
BLE,1704633555637895231,DF:A6:DC:DC:2E:81,-83
BLE,1704633555637936314,DF:DF:EE:00:00:01,-83
BLE,1704633556041684909,D3:F4:55:AB:96:20,-48
BLE,1704633556234833430,D3:F4:55:AB:96:20,-63
BLE,1704633556427936244,D3:F4:55:AB:96:20,-62
BLE,1704633556440068872,DF:DF:EE:00:00:04,-55
BLE,1704633556623287501,D3:F4:55:AB:96:20,-63
BLE,1704633556809431776,D3:F4:55:AB:96:20,-63
BLE,1704633557001807761,D3:F4:55:AB:96:20,-64
BLE,1704633557192068593,D3:F4:55:AB:96:20,-48
BLE,1704633557579319088,D3:F4:55:AB:96:20,-63
BLE,1704633557964834636,D3:F4:55:AB:96:20,-64
BLE,1704633558154376431,D3:F4:55:AB:96:20,-64
BLE,1704633558701108502,DF:DF:EE:00:00:04,-54
BLE,1704633558726254670,D3:F4:55:AB:96:20,-63
BLE,1704633559106268838,D3:F4:55:AB:96:20,-61
BLE,1704633559240296248,DF:DF:EE:00:00:04,-54
BLE,1704633559501964652,D3:F4:55:AB:96:20,-62
BLE,1704633559688241177,D3:F4:55:AB:96:20,-61
BLE,1704633560071531240,D3:F4:55:AB:96:20,-62
BLE,1704633560456017336,D3:F4:55:AB:96:20,-61
BLE,1704633561977195124,DF:DF:EE:00:00:04,-55
BLE,1704633562186179124,D3:F4:55:AB:96:20,-62
BLE,1704633562516248828,DF:DF:EE:00:00:04,-56
BLE,1704633563333051415,D3:F4:55:AB:96:20,-61
BLE,1704633563530742157,D3:F4:55:AB:96:20,-64
BLE,1704633563973733202,DF:DF:EE:00:00:04,-49
BLE,1704633564519452321,DF:DF:EE:00:00:04,-55
BLE,1704633564549385999,DF:A6:DC:DC:2E:81,-83
BLE,1704633564549412915,DF:DF:EE:00:00:01,-83
BLE,1704633564982109236,DF:DF:EE:00:00:04,-53
BLE,1704633565518701624,DF:DF:EE:00:00:04,-53
BLE,1704633565646721782,D3:F4:55:AB:96:20,-58
BLE,1704633566033025992,D3:F4:55:AB:96:20,-58
BLE,1704633566521053990,DF:DF:EE:00:00:04,-55
BLE,1704633566582905000,DF:DF:EE:00:00:04,-55
BLE,1704633566608668998,D3:F4:55:AB:96:20,-48
BLE,1704633566800850484,D3:F4:55:AB:96:20,-62
BLE,1704633566995880118,D3:F4:55:AB:96:20,-47
BLE,1704633567014453329,DF:DF:EE:00:00:04,-55
BLE,1704633567091994402,DF:A6:DC:DC:2E:81,-83
BLE,1704633567092005486,DF:DF:EE:00:00:01,-83
BLE,1704633567380063508,D3:F4:55:AB:96:20,-63
BLE,1704633567472957522,DF:DF:EE:00:00:04,-54
BLE,1704633568019476761,DF:DF:EE:00:00:04,-55
BLE,1704633568343922877,D3:F4:55:AB:96:20,-64
BLE,1704633568727239440,D3:F4:55:AB:96:20,-63
BLE,1704633569111948160,D3:F4:55:AB:96:20,-81
BLE,1704633569490663752,D3:F4:55:AB:96:20,-63
BLE,1704633569632641277,DF:A6:DC:DC:2E:81,-72
BLE,1704633569632658360,DF:DF:EE:00:00:01,-72
BLE,1704633569755338928,DF:DF:EE:00:00:04,-55
BLE,1704633570641648266,D3:F4:55:AB:96:20,-64
BLE,1704633571291812282,DF:DF:EE:00:00:04,-55
BLE,1704633571426921060,D3:F4:55:AB:96:20,-63
BLE,1704633571749686021,DF:DF:EE:00:00:04,-54
BLE,1704633572010044100,D3:F4:55:AB:96:20,-81
BLE,1704633572201240926,D3:F4:55:AB:96:20,-62
BLE,1704633572286879238,DF:DF:EE:00:00:04,-54
BLE,1704633572392710208,D3:F4:55:AB:96:20,-80
BLE,1704633572582222170,D3:F4:55:AB:96:20,-62
BLE,1704633572778957835,D3:F4:55:AB:96:20,-62
BLE,1704633573161316237,D3:F4:55:AB:96:20,-64
BLE,1704633573742321291,D3:F4:55:AB:96:20,-63
BLE,1704633574128166837,D3:F4:55:AB:96:20,-47
BLE,1704633574316046893,D3:F4:55:AB:96:20,-63
BLE,1704633574707277986,D3:F4:55:AB:96:20,-64
BLE,1704633574746916059,DF:DF:EE:00:00:04,-55
BLE,1704633575095485808,D3:F4:55:AB:96:20,-63
BLE,1704633575294609165,DF:DF:EE:00:00:04,-55
BLE,1704633575665627600,D3:F4:55:AB:96:20,-61
BLE,1704633575859464909,D3:F4:55:AB:96:20,-63
BLE,1704633576055484995,D3:F4:55:AB:96:20,-63
BLE,1704633576834600413,D3:F4:55:AB:96:20,-62
BLE,1704633577989408651,D3:F4:55:AB:96:20,-48
BLE,1704633578566572647,D3:F4:55:AB:96:20,-61
BLE,1704633578756454898,D3:F4:55:AB:96:20,-64
BLE,1704633578951535199,D3:F4:55:AB:96:20,-62
BLE,1704633579070347417,DF:DF:EE:00:00:04,-59
BLE,1704633579521361034,DF:DF:EE:00:00:04,-55
BLE,1704633579730785574,D3:F4:55:AB:96:20,-64
BLE,1704633580067812941,DF:DF:EE:00:00:04,-40
BLE,1704633580503908364,D3:F4:55:AB:96:20,-62
BLE,1704633580529406488,DF:DF:EE:00:00:04,-54
BLE,1704633580701505065,D3:F4:55:AB:96:20,-61
BLE,1704633581062970688,DF:DF:EE:00:00:04,-54
BLE,1704633581087472485,DF:A6:DC:DC:2E:81,-85
BLE,1704633581087491610,DF:DF:EE:00:00:01,-85
BLE,1704633581467863066,D3:F4:55:AB:96:20,-61
BLE,1704633581661547876,D3:F4:55:AB:96:20,-64
BLE,1704633582063712273,DF:DF:EE:00:00:04,-54
BLE,1704633582135603050,DF:DF:EE:00:00:04,-52
BLE,1704633583209132823,D3:F4:55:AB:96:20,-62
BLE,1704633583562413541,DF:DF:EE:00:00:04,-54
BLE,1704633583786615692,D3:F4:55:AB:96:20,-62
BLE,1704633583980233794,D3:F4:55:AB:96:20,-65
BLE,1704633584169257967,D3:F4:55:AB:96:20,-63
BLE,1704633584549626424,D3:F4:55:AB:96:20,-62
BLE,1704633584931861243,D3:F4:55:AB:96:20,-61
BLE,1704633585302132975,DF:DF:EE:00:00:04,-56
BLE,1704633585894649578,D3:F4:55:AB:96:20,-48
BLE,1704633586465830405,D3:F4:55:AB:96:20,-61
BLE,1704633586834704313,DF:DF:EE:00:00:04,-40
BLE,1704633586849064468,D3:F4:55:AB:96:20,-62
BLE,1704633587043444023,D3:F4:55:AB:96:20,-64
BLE,1704633587228927928,D3:F4:55:AB:96:20,-61
BLE,1704633587295782322,DF:DF:EE:00:00:04,-54
BLE,1704633587421976159,D3:F4:55:AB:96:20,-63
BLE,1704633587454659735,DF:A6:DC:DC:2E:81,-81
BLE,1704633587454686110,DF:DF:EE:00:00:01,-81
BLE,1704633587994838558,D3:F4:55:AB:96:20,-61
BLE,1704633588378260578,D3:F4:55:AB:96:20,-62
BLE,1704633588569612903,D3:F4:55:AB:96:20,-58
BLE,1704633588761573015,D3:F4:55:AB:96:20,-69
BLE,1704633589148516804,D3:F4:55:AB:96:20,-63
BLE,1704633589343336773,D3:F4:55:AB:96:20,-61
BLE,1704633589541909258,D3:F4:55:AB:96:20,-64
BLE,1704633589852767047,DF:DF:EE:00:00:04,-56
BLE,1704633589930812701,D3:F4:55:AB:96:20,-63
BLE,1704633589998700046,DF:A6:DC:DC:2E:81,-72
BLE,1704633589998733212,DF:DF:EE:00:00:01,-72
BLE,1704633590125203964,D3:F4:55:AB:96:20,-63
BLE,1704633590313704308,D3:F4:55:AB:96:20,-63
BLE,1704633590388511607,DF:DF:EE:00:00:04,-55
BLE,1704633590505307756,D3:F4:55:AB:96:20,-59
BLE,1704633590852168891,DF:DF:EE:00:00:04,-54
BLE,1704633590892120420,D3:F4:55:AB:96:20,-63
BLE,1704633591085766272,D3:F4:55:AB:96:20,-63
BLE,1704633591476056913,D3:F4:55:AB:96:20,-64
BLE,1704633592046600578,D3:F4:55:AB:96:20,-61
BLE,1704633592239088228,D3:F4:55:AB:96:20,-59
BLE,1704633592385062768,DF:DF:EE:00:00:04,-53
BLE,1704633592426596287,D3:F4:55:AB:96:20,-62
BLE,1704633592620086473,D3:F4:55:AB:96:20,-63
BLE,1704633592815783227,D3:F4:55:AB:96:20,-62
BLE,1704633592852307487,DF:DF:EE:00:00:04,-54
BLE,1704633593394750836,D3:F4:55:AB:96:20,-62
BLE,1704633593587334487,D3:F4:55:AB:96:20,-64
BLE,1704633593779430182,D3:F4:55:AB:96:20,-62
BLE,1704633593969591598,D3:F4:55:AB:96:20,-64
BLE,1704633594129544087,DF:DF:EE:00:00:04,-56
BLE,1704633594357927210,D3:F4:55:AB:96:20,-62
BLE,1704633594549302452,D3:F4:55:AB:96:20,-62
BLE,1704633594939052305,D3:F4:55:AB:96:20,-63
BLE,1704633595129597844,DF:DF:EE:00:00:04,-55
BLE,1704633595510745920,D3:F4:55:AB:96:20,-63
BLE,1704633595895461932,D3:F4:55:AB:96:20,-63
BLE,1704633596086589508,D3:F4:55:AB:96:20,-64
BLE,1704633596134666109,DF:DF:EE:00:00:04,-56
BLE,1704633596273267781,D3:F4:55:AB:96:20,-49
BLE,1704633596470420442,D3:F4:55:AB:96:20,-63
BLE,1704633596657320338,D3:F4:55:AB:96:20,-63
BLE,1704633596667931685,DF:DF:EE:00:00:04,-57
BLE,1704633596849502866,D3:F4:55:AB:96:20,-64
BLE,1704633597129489650,DF:DF:EE:00:00:04,-53
BLE,1704633597417476672,D3:F4:55:AB:96:20,-63
BLE,1704633597803310635,D3:F4:55:AB:96:20,-62
BLE,1704633598375798661,D3:F4:55:AB:96:20,-64
BLE,1704633598665956128,DF:DF:EE:00:00:04,-50
BLE,1704633599129500121,DF:DF:EE:00:00:04,-38
BLE,1704633599332234121,D3:F4:55:AB:96:20,-62
BLE,1704633599718763163,D3:F4:55:AB:96:20,-62
BLE,1704633599915310120,D3:F4:55:AB:96:20,-63
BLE,1704633600497100586,D3:F4:55:AB:96:20,-64
BLE,1704633600881187143,D3:F4:55:AB:96:20,-79
BLE,1704633601650163877,D3:F4:55:AB:96:20,-61
BLE,1704633602035922424,D3:F4:55:AB:96:20,-62
BLE,1704633602418723531,D3:F4:55:AB:96:20,-61
BLE,1704633602934030392,DF:DF:EE:00:00:04,-53
BLE,1704633603000972410,D3:F4:55:AB:96:20,-61
BLE,1704633603200014726,D3:F4:55:AB:96:20,-64
BLE,1704633603394938861,D3:F4:55:AB:96:20,-64
BLE,1704633603967749969,D3:F4:55:AB:96:20,-62
BLE,1704633604166074665,D3:F4:55:AB:96:20,-63
BLE,1704633604352723354,D3:F4:55:AB:96:20,-61
BLE,1704633604542691354,D3:F4:55:AB:96:20,-64
BLE,1704633604931046467,D3:F4:55:AB:96:20,-64
BLE,1704633605205940034,DF:DF:EE:00:00:04,-53
BLE,1704633605311757922,D3:F4:55:AB:96:20,-64
BLE,1704633605675196948,DF:DF:EE:00:00:04,-55
BLE,1704633605889390331,D3:F4:55:AB:96:20,-62
BLE,1704633606085082627,D3:F4:55:AB:96:20,-61
BLE,1704633606209533642,DF:DF:EE:00:00:04,-56
BLE,1704633606278082233,D3:F4:55:AB:96:20,-64
BLE,1704633606668681414,D3:F4:55:AB:96:20,-62
BLE,1704633606863892631,D3:F4:55:AB:96:20,-63
BLE,1704633607058436601,D3:F4:55:AB:96:20,-64
BLE,1704633607246764946,D3:F4:55:AB:96:20,-58
BLE,1704633607436976236,D3:F4:55:AB:96:20,-61
BLE,1704633607668958503,DF:DF:EE:00:00:04,-44
BLE,1704633607823555736,D3:F4:55:AB:96:20,-63
BLE,1704633608017492627,D3:F4:55:AB:96:20,-61
BLE,1704633608595708991,D3:F4:55:AB:96:20,-62
BLE,1704633608786557653,D3:F4:55:AB:96:20,-61
BLE,1704633609169875048,D3:F4:55:AB:96:20,-64
BLE,1704633609361225665,D3:F4:55:AB:96:20,-64
BLE,1704633609482138870,DF:DF:EE:00:00:04,-53
BLE,1704633609550115214,D3:F4:55:AB:96:20,-61
BLE,1704633609747473416,D3:F4:55:AB:96:20,-63
BLE,1704633609945345532,DF:DF:EE:00:00:04,-56
BLE,1704633610323243796,D3:F4:55:AB:96:20,-48
BLE,1704633610379750466,DF:A6:DC:DC:2E:81,-81
BLE,1704633610379768383,DF:DF:EE:00:00:01,-81
BLE,1704633610482483957,DF:DF:EE:00:00:04,-54
BLE,1704633610700624981,D3:F4:55:AB:96:20,-62
BLE,1704633610940526612,DF:DF:EE:00:00:04,-55
BLE,1704633611082986342,D3:F4:55:AB:96:20,-63
BLE,1704633611275763907,D3:F4:55:AB:96:20,-63
BLE,1704633611463109175,D3:F4:55:AB:96:20,-62
BLE,1704633612219030370,DF:DF:EE:00:00:04,-55
BLE,1704633612431320516,D3:F4:55:AB:96:20,-61
BLE,1704633613218834670,DF:DF:EE:00:00:04,-53
BLE,1704633614544978698,D3:F4:55:AB:96:20,-63
BLE,1704633614734894949,D3:F4:55:AB:96:20,-48
BLE,1704633616094949755,D3:F4:55:AB:96:20,-48
BLE,1704633616479997514,D3:F4:55:AB:96:20,-48
BLE,1704633617576735301,DF:DF:EE:00:00:04,-56
BLE,1704633618025499975,D3:F4:55:AB:96:20,-62
BLE,1704633618034102460,DF:DF:EE:00:00:04,-55
BLE,1704633618220049196,D3:F4:55:AB:96:20,-62
BLE,1704633618791274272,D3:F4:55:AB:96:20,-48
BLE,1704633619307629126,DF:DF:EE:00:00:04,-56
BLE,1704633619559994092,D3:F4:55:AB:96:20,-61
BLE,1704633619759001783,D3:F4:55:AB:96:20,-63
BLE,1704633620148373805,D3:F4:55:AB:96:20,-61
BLE,1704633620583655276,DF:DF:EE:00:00:04,-54
BLE,1704633620715812574,D3:F4:55:AB:96:20,-63
BLE,1704633621490173814,D3:F4:55:AB:96:20,-64
BLE,1704633621875075741,D3:F4:55:AB:96:20,-63
BLE,1704633622268754694,D3:F4:55:AB:96:20,-62
BLE,1704633622846767601,D3:F4:55:AB:96:20,-62
BLE,1704633623140898750,DF:DF:EE:00:00:04,-39
BLE,1704633623227148224,D3:F4:55:AB:96:20,-62
BLE,1704633624138612272,DF:DF:EE:00:00:04,-54
BLE,1704633624190180308,D3:F4:55:AB:96:20,-64
BLE,1704633626309613286,D3:F4:55:AB:96:20,-62
BLE,1704633626503266804,D3:F4:55:AB:96:20,-62
BLE,1704633626697671775,D3:F4:55:AB:96:20,-63
BLE,1704633627090533858,D3:F4:55:AB:96:20,-58
BLE,1704633627473759046,D3:F4:55:AB:96:20,-62
BLE,1704633627683455875,DF:DF:EE:00:00:04,-60
BLE,1704633627859268636,D3:F4:55:AB:96:20,-63
BLE,1704633628043996504,D3:F4:55:AB:96:20,-61
BLE,1704633628227577589,DF:DF:EE:00:00:04,-54
BLE,1704633628241748037,D3:F4:55:AB:96:20,-63
BLE,1704633628432183701,D3:F4:55:AB:96:20,-48
BLE,1704633628687713312,DF:DF:EE:00:00:04,-54
BLE,1704633629207815100,D3:F4:55:AB:96:20,-63
BLE,1704633629393505921,D3:F4:55:AB:96:20,-62
BLE,1704633629777603811,D3:F4:55:AB:96:20,-62
BLE,1704633629973715730,D3:F4:55:AB:96:20,-63
BLE,1704633630544096937,D3:F4:55:AB:96:20,-62
BLE,1704633630738770240,D3:F4:55:AB:96:20,-64
BLE,1704633630923977022,D3:F4:55:AB:96:20,-61
BLE,1704633631889793712,D3:F4:55:AB:96:20,-62
BLE,1704633632469850981,D3:F4:55:AB:96:20,-63
BLE,1704633632854630450,D3:F4:55:AB:96:20,-64
BLE,1704633633055047882,DF:DF:EE:00:00:04,-40
BLE,1704633633517752422,DF:DF:EE:00:00:04,-54
BLE,1704633634007716033,D3:F4:55:AB:96:20,-63
BLE,1704633634057377832,DF:DF:EE:00:00:04,-40
BLE,1704633634402759352,D3:F4:55:AB:96:20,-63
BLE,1704633634515278695,DF:DF:EE:00:00:04,-56
BLE,1704633634981615837,D3:F4:55:AB:96:20,-63
BLE,1704633635364054280,D3:F4:55:AB:96:20,-62
BLE,1704633635783051608,DF:DF:EE:00:00:04,-53
BLE,1704633635832157785,DF:A6:DC:DC:2E:81,-77
BLE,1704633635832170660,DF:DF:EE:00:00:01,-77
BLE,1704633635942597892,D3:F4:55:AB:96:20,-57
BLE,1704633636782906240,DF:DF:EE:00:00:04,-54
BLE,1704633637102506097,D3:F4:55:AB:96:20,-59
BLE,1704633637295426036,D3:F4:55:AB:96:20,-63
BLE,1704633637487784105,D3:F4:55:AB:96:20,-63
BLE,1704633637675248872,D3:F4:55:AB:96:20,-62
BLE,1704633637788269878,DF:DF:EE:00:00:04,-38
BLE,1704633637864822458,D3:F4:55:AB:96:20,-63
BLE,1704633638057865064,D3:F4:55:AB:96:20,-48
BLE,1704633638374444273,DF:A6:DC:DC:2E:81,-69
BLE,1704633638374463607,DF:DF:EE:00:00:01,-69
BLE,1704633638831302227,D3:F4:55:AB:96:20,-64
BLE,1704633639024866829,D3:F4:55:AB:96:20,-61
BLE,1704633639782668929,DF:DF:EE:00:00:04,-55
BLE,1704633640170784668,D3:F4:55:AB:96:20,-63
BLE,1704633640368519576,D3:F4:55:AB:96:20,-63
BLE,1704633640916964219,DF:A6:DC:DC:2E:81,-83
BLE,1704633640917002469,DF:DF:EE:00:00:01,-83
BLE,1704633640936395424,D3:F4:55:AB:96:20,-63
BLE,1704633641130369649,D3:F4:55:AB:96:20,-58
BLE,1704633641319088241,DF:DF:EE:00:00:04,-53
BLE,1704633641389492820,DF:DF:EE:00:00:04,-53
BLE,1704633641516976481,D3:F4:55:AB:96:20,-64
BLE,1704633641827770021,DF:DF:EE:00:00:04,-73
BLE,1704633642099328985,D3:F4:55:AB:96:20,-64
BLE,1704633642825005754,DF:DF:EE:00:00:04,-38
BLE,1704633643818506053,DF:DF:EE:00:00:04,-39
BLE,1704633643834077618,D3:F4:55:AB:96:20,-62
BLE,1704633644022960084,D3:F4:55:AB:96:20,-61
BLE,1704633644217715761,D3:F4:55:AB:96:20,-63
BLE,1704633644282898833,DF:DF:EE:00:00:04,-56
BLE,1704633644605317545,D3:F4:55:AB:96:20,-61
BLE,1704633644799241103,D3:F4:55:AB:96:20,-62
BLE,1704633644994906525,D3:F4:55:AB:96:20,-62
BLE,1704633645383502428,D3:F4:55:AB:96:20,-62
BLE,1704633646543210592,D3:F4:55:AB:96:20,-49
BLE,1704633646931655913,D3:F4:55:AB:96:20,-64
BLE,1704633647289411560,DF:DF:EE:00:00:04,-54
BLE,1704633647502051161,D3:F4:55:AB:96:20,-63
BLE,1704633647884139065,D3:F4:55:AB:96:20,-64
BLE,1704633648452146121,D3:F4:55:AB:96:20,-62
BLE,1704633649032273598,D3:F4:55:AB:96:20,-70
BLE,1704633649099093950,DF:DF:EE:00:00:04,-56
BLE,1704633650100808320,DF:DF:EE:00:00:04,-54
BLE,1704633650370487714,D3:F4:55:AB:96:20,-62
BLE,1704633650562788074,DF:DF:EE:00:00:04,-55
BLE,1704633650949424323,D3:F4:55:AB:96:20,-64
BLE,1704633651146602568,D3:F4:55:AB:96:20,-64
BLE,1704633651334330125,D3:F4:55:AB:96:20,-63
BLE,1704633652103162444,D3:F4:55:AB:96:20,-48
BLE,1704633652107302583,DF:DF:EE:00:00:04,-55
BLE,1704633652295434971,D3:F4:55:AB:96:20,-64
BLE,1704633652490825352,D3:F4:55:AB:96:20,-64
BLE,1704633652872017345,D3:F4:55:AB:96:20,-62
BLE,1704633653064968535,D3:F4:55:AB:96:20,-49
BLE,1704633653445140743,D3:F4:55:AB:96:20,-61
BLE,1704633653563738421,DF:DF:EE:00:00:04,-54
BLE,1704633653644238850,D3:F4:55:AB:96:20,-63
BLE,1704633653835262927,D3:F4:55:AB:96:20,-62
BLE,1704633654030060146,D3:F4:55:AB:96:20,-63
BLE,1704633654097889867,DF:DF:EE:00:00:04,-54
BLE,1704633654223404833,D3:F4:55:AB:96:20,-62
BLE,1704633654413451000,D3:F4:55:AB:96:20,-53
BLE,1704633654799039214,D3:F4:55:AB:96:20,-61
BLE,1704633655744598537,D3:F4:55:AB:96:20,-48
BLE,1704633656196307316,DF:A6:DC:DC:2E:81,-83
BLE,1704633656196374691,DF:DF:EE:00:00:01,-83
BLE,1704633656329525565,D3:F4:55:AB:96:20,-48
BLE,1704633656340523701,DF:DF:EE:00:00:04,-55
BLE,1704633656522254464,D3:F4:55:AB:96:20,-63
BLE,1704633656716852393,D3:F4:55:AB:96:20,-62
BLE,1704633657295606045,D3:F4:55:AB:96:20,-62
BLE,1704633657680826511,D3:F4:55:AB:96:20,-61
BLE,1704633658059991351,D3:F4:55:AB:96:20,-62
BLE,1704633658835148128,D3:F4:55:AB:96:20,-48
BLE,1704633659029303643,D3:F4:55:AB:96:20,-63
BLE,1704633659225632102,D3:F4:55:AB:96:20,-63
BLE,1704633659605144439,D3:F4:55:AB:96:20,-64
BLE,1704633659881503289,DF:DF:EE:00:00:04,-54
BLE,1704633659988374502,D3:F4:55:AB:96:20,-62
BLE,1704633660365682146,D3:F4:55:AB:96:20,-64
BLE,1704633660562895516,D3:F4:55:AB:96:20,-48
BLE,1704633660945569791,DF:DF:EE:00:00:04,-54
BLE,1704633660946924990,D3:F4:55:AB:96:20,-63
BLE,1704633661140797548,D3:F4:55:AB:96:20,-63
BLE,1704633661840071533,DF:DF:EE:00:00:04,-55
BLE,1704633662098418834,D3:F4:55:AB:96:20,-63
BLE,1704633662288079336,D3:F4:55:AB:96:20,-62
BLE,1704633662482846806,D3:F4:55:AB:96:20,-64
BLE,1704633662673126679,D3:F4:55:AB:96:20,-75
BLE,1704633663114342736,DF:DF:EE:00:00:04,-56
BLE,1704633663640106778,D3:F4:55:AB:96:20,-63
BLE,1704633663657042417,DF:DF:EE:00:00:04,-55
BLE,1704633663835741700,D3:F4:55:AB:96:20,-48
BLE,1704633665119003260,DF:DF:EE:00:00:04,-54
BLE,1704633666129184033,D3:F4:55:AB:96:20,-63
BLE,1704633666316225470,D3:F4:55:AB:96:20,-61
BLE,1704633666388315246,DF:DF:EE:00:00:04,-53
BLE,1704633666506889258,D3:F4:55:AB:96:20,-63
BLE,1704633666893088510,D3:F4:55:AB:96:20,-81
BLE,1704633667465818535,D3:F4:55:AB:96:20,-63
BLE,1704633667646484846,DF:A6:DC:DC:2E:81,-83
BLE,1704633667646519221,DF:DF:EE:00:00:01,-83
BLE,1704633668670796110,DF:DF:EE:00:00:04,-51
BLE,1704633668817911184,D3:F4:55:AB:96:20,-62
BLE,1704633669011451786,D3:F4:55:AB:96:20,-63
BLE,1704633669199890755,D3:F4:55:AB:96:20,-61
BLE,1704633669393142943,D3:F4:55:AB:96:20,-64
BLE,1704633669586240214,D3:F4:55:AB:96:20,-62
BLE,1704633669669136253,DF:DF:EE:00:00:04,-53
BLE,1704633669777328249,D3:F4:55:AB:96:20,-48
BLE,1704633669964469977,D3:F4:55:AB:96:20,-48
BLE,1704633670155714886,D3:F4:55:AB:96:20,-58
BLE,1704633670188086506,DF:A6:DC:DC:2E:81,-82
BLE,1704633670188099298,DF:DF:EE:00:00:01,-82
BLE,1704633670344576810,D3:F4:55:AB:96:20,-55
BLE,1704633671109930319,D3:F4:55:AB:96:20,-58
BLE,1704633671891183222,D3:F4:55:AB:96:20,-64
BLE,1704633672270818351,D3:F4:55:AB:96:20,-59
BLE,1704633672462455590,D3:F4:55:AB:96:20,-62
BLE,1704633672657809597,D3:F4:55:AB:96:20,-63
BLE,1704633672661531073,DF:DF:EE:00:00:04,-42
BLE,1704633673033943249,D3:F4:55:AB:96:20,-62
BLE,1704633673035248198,D3:F4:55:AB:96:20,-63
BLE,1704633673203389051,DF:DF:EE:00:00:04,-54
BLE,1704633673225640363,D3:F4:55:AB:96:20,-48
BLE,1704633674004224701,D3:F4:55:AB:96:20,-63
BLE,1704633674707762199,DF:DF:EE:00:00:04,-53
BLE,1704633674777094993,D3:F4:55:AB:96:20,-62
BLE,1704633674973413702,D3:F4:55:AB:96:20,-63
BLE,1704633675739363373,D3:F4:55:AB:96:20,-62
BLE,1704633676558754817,DF:A6:DC:DC:2E:81,-83
BLE,1704633676558863900,DF:DF:EE:00:00:01,-83
BLE,1704633677074529384,D3:F4:55:AB:96:20,-64
BLE,1704633677266099999,D3:F4:55:AB:96:20,-62
BLE,1704633677441671136,DF:DF:EE:00:00:04,-40
BLE,1704633677850619488,D3:F4:55:AB:96:20,-64
BLE,1704633677980918923,DF:DF:EE:00:00:04,-57
BLE,1704633678039640203,D3:F4:55:AB:96:20,-61
BLE,1704633678236874906,D3:F4:55:AB:96:20,-48
BLE,1704633679188714688,D3:F4:55:AB:96:20,-62
BLE,1704633679384936064,D3:F4:55:AB:96:20,-63
BLE,1704633679442805683,DF:DF:EE:00:00:04,-54
BLE,1704633679575642560,D3:F4:55:AB:96:20,-48
BLE,1704633680148570250,D3:F4:55:AB:96:20,-62
BLE,1704633680338834332,D3:F4:55:AB:96:20,-61
BLE,1704633680443212229,DF:DF:EE:00:00:04,-55
BLE,1704633680530900361,D3:F4:55:AB:96:20,-48
BLE,1704633680917948065,D3:F4:55:AB:96:20,-61
BLE,1704633681438587975,DF:DF:EE:00:00:04,-39
BLE,1704633681508809471,D3:F4:55:AB:96:20,-61
BLE,1704633681890082005,D3:F4:55:AB:96:20,-62
BLE,1704633682473676709,D3:F4:55:AB:96:20,-63
BLE,1704633682666010819,D3:F4:55:AB:96:20,-64
BLE,1704633682857140020,D3:F4:55:AB:96:20,-64
BLE,1704633683053427313,DF:DF:EE:00:00:04,-55
BLE,1704633683486619006,DF:DF:EE:00:00:04,-54
BLE,1704633683633400790,D3:F4:55:AB:96:20,-62
BLE,1704633683829922665,D3:F4:55:AB:96:20,-48
BLE,1704633683942450216,DF:DF:EE:00:00:04,-54
BLE,1704633684218636483,D3:F4:55:AB:96:20,-64
BLE,1704633684488800915,DF:DF:EE:00:00:04,-55
BLE,1704633685361046178,D3:F4:55:AB:96:20,-48
BLE,1704633685482888794,DF:DF:EE:00:00:04,-56
BLE,1704633686320987324,D3:F4:55:AB:96:20,-62
BLE,1704633686484477623,DF:DF:EE:00:00:04,-54
BLE,1704633686903045662,D3:F4:55:AB:96:20,-62
BLE,1704633687287261177,D3:F4:55:AB:96:20,-63
BLE,1704633687482989056,DF:DF:EE:00:00:04,-51
BLE,1704633687668610711,D3:F4:55:AB:96:20,-63
BLE,1704633689592302643,D3:F4:55:AB:96:20,-62
BLE,1704633689943823664,DF:DF:EE:00:00:04,-39
BLE,1704633689978264313,D3:F4:55:AB:96:20,-58
BLE,1704633690354857336,D3:F4:55:AB:96:20,-62
BLE,1704633690550786673,D3:F4:55:AB:96:20,-62
BLE,1704633690575380011,DF:A6:DC:DC:2E:81,-83
BLE,1704633690575432177,DF:DF:EE:00:00:01,-83
BLE,1704633690748011875,D3:F4:55:AB:96:20,-64
BLE,1704633690938578997,D3:F4:55:AB:96:20,-62
BLE,1704633691128995995,D3:F4:55:AB:96:20,-64
BLE,1704633691223925704,DF:DF:EE:00:00:04,-54
BLE,1704633691318446291,D3:F4:55:AB:96:20,-62
BLE,1704633691763495030,DF:DF:EE:00:00:04,-53
BLE,1704633692288127705,D3:F4:55:AB:96:20,-62
BLE,1704633692674844828,D3:F4:55:AB:96:20,-62
BLE,1704633692868553846,D3:F4:55:AB:96:20,-62
BLE,1704633693221547316,DF:DF:EE:00:00:04,-55
BLE,1704633693264777240,D3:F4:55:AB:96:20,-63
BLE,1704633693642475590,D3:F4:55:AB:96:20,-63
BLE,1704633693762616591,DF:DF:EE:00:00:04,-55
BLE,1704633694026055817,D3:F4:55:AB:96:20,-63
BLE,1704633694216801271,D3:F4:55:AB:96:20,-49
BLE,1704633694219310004,DF:DF:EE:00:00:04,-48
BLE,1704633695364640222,D3:F4:55:AB:96:20,-63
BLE,1704633695501012784,DF:DF:EE:00:00:04,-54
BLE,1704633695558861445,D3:F4:55:AB:96:20,-64
BLE,1704633695747750244,D3:F4:55:AB:96:20,-64
BLE,1704633696329349794,D3:F4:55:AB:96:20,-64
BLE,1704633696714978883,D3:F4:55:AB:96:20,-61
BLE,1704633696769618190,DF:DF:EE:00:00:04,-56
BLE,1704633696908535360,D3:F4:55:AB:96:20,-64
BLE,1704633697098508111,D3:F4:55:AB:96:20,-62
BLE,1704633697287811699,D3:F4:55:AB:96:20,-62
BLE,1704633697483369288,D3:F4:55:AB:96:20,-61
BLE,1704633697676098937,D3:F4:55:AB:96:20,-63
BLE,1704633697866678517,D3:F4:55:AB:96:20,-58
BLE,1704633698042268821,DF:DF:EE:00:00:04,-54
BLE,1704633698058516172,D3:F4:55:AB:96:20,-47
BLE,1704633698629750874,D3:F4:55:AB:96:20,-62
BLE,1704633698826535580,D3:F4:55:AB:96:20,-58
BLE,1704633699013151477,D3:F4:55:AB:96:20,-63
BLE,1704633699203858431,D3:F4:55:AB:96:20,-64
BLE,1704633699309625111,DF:DF:EE:00:00:04,-55
BLE,1704633699399197938,D3:F4:55:AB:96:20,-62
BLE,1704633699588114113,D3:F4:55:AB:96:20,-53
BLE,1704633699775987377,D3:F4:55:AB:96:20,-61
BLE,1704633699965607630,D3:F4:55:AB:96:20,-62
BLE,1704633700158341987,D3:F4:55:AB:96:20,-62
BLE,1704633700316495364,DF:DF:EE:00:00:04,-54
BLE,1704633700538977026,D3:F4:55:AB:96:20,-61
BLE,1704633700730109227,D3:F4:55:AB:96:20,-62
BLE,1704633700920746182,D3:F4:55:AB:96:20,-62
BLE,1704633701109492649,D3:F4:55:AB:96:20,-62
BLE,1704633701488199117,D3:F4:55:AB:96:20,-58
BLE,1704633701584178694,DF:DF:EE:00:00:04,-55
BLE,1704633701683172457,D3:F4:55:AB:96:20,-63
BLE,1704633701868498352,D3:F4:55:AB:96:20,-61
BLE,1704633702248624497,D3:F4:55:AB:96:20,-58
BLE,1704633702588266244,DF:DF:EE:00:00:04,-54
BLE,1704633702638941866,D3:F4:55:AB:96:20,-64
BLE,1704633703026171130,D3:F4:55:AB:96:20,-64
BLE,1704633703218936268,D3:F4:55:AB:96:20,-63
BLE,1704633703416611123,D3:F4:55:AB:96:20,-64
BLE,1704633703588741148,DF:DF:EE:00:00:04,-54
BLE,1704633703613835773,D3:F4:55:AB:96:20,-63
BLE,1704633703806645036,D3:F4:55:AB:96:20,-62
BLE,1704633704000283126,D3:F4:55:AB:96:20,-64
BLE,1704633704188731001,D3:F4:55:AB:96:20,-63
BLE,1704633704381237307,D3:F4:55:AB:96:20,-63
BLE,1704633704567321072,D3:F4:55:AB:96:20,-62
BLE,1704633704581496645,DF:DF:EE:00:00:04,-63
BLE,1704633704593050068,DF:A6:DC:DC:2E:81,-83
BLE,1704633704593059568,DF:DF:EE:00:00:01,-83
BLE,1704633704765691089,D3:F4:55:AB:96:20,-63
BLE,1704633704960669338,D3:F4:55:AB:96:20,-62
BLE,1704633705121137231,DF:DF:EE:00:00:04,-55
BLE,1704633705531832715,D3:F4:55:AB:96:20,-64
BLE,1704633705583607121,DF:DF:EE:00:00:04,-54
BLE,1704633706487899455,D3:F4:55:AB:96:20,-62
BLE,1704633706582939283,DF:DF:EE:00:00:04,-45
BLE,1704633706877899868,D3:F4:55:AB:96:20,-62
BLE,1704633707124775980,DF:DF:EE:00:00:04,-56
BLE,1704633707133689629,DF:A6:DC:DC:2E:81,-83
BLE,1704633707133715254,DF:DF:EE:00:00:01,-83
BLE,1704633707193794522,DF:DF:EE:00:00:04,-45
BLE,1704633707268911357,D3:F4:55:AB:96:20,-58
BLE,1704633707462893028,D3:F4:55:AB:96:20,-62
BLE,1704633708047495691,D3:F4:55:AB:96:20,-63
BLE,1704633708237055600,D3:F4:55:AB:96:20,-61
BLE,1704633708363558386,DF:DF:EE:00:00:04,-55
BLE,1704633708429059243,D3:F4:55:AB:96:20,-62
BLE,1704633708813976648,D3:F4:55:AB:96:20,-62
BLE,1704633709010232471,D3:F4:55:AB:96:20,-62
BLE,1704633709396226660,D3:F4:55:AB:96:20,-84
BLE,1704633709675174893,DF:A6:DC:DC:2E:81,-84
BLE,1704633709675235684,DF:DF:EE:00:00:01,-84
BLE,1704633709787723854,D3:F4:55:AB:96:20,-57
BLE,1704633709977783802,D3:F4:55:AB:96:20,-48
BLE,1704633710173530503,D3:F4:55:AB:96:20,-63
BLE,1704633710555186346,D3:F4:55:AB:96:20,-62
BLE,1704633710635024525,DF:DF:EE:00:00:04,-55
BLE,1704633711519946445,D3:F4:55:AB:96:20,-48
BLE,1704633711632852988,DF:DF:EE:00:00:04,-54
BLE,1704633712098026527,D3:F4:55:AB:96:20,-63
BLE,1704633712221274417,DF:A6:DC:DC:2E:81,-82
BLE,1704633712221327292,DF:DF:EE:00:00:01,-82
BLE,1704633712636742911,DF:DF:EE:00:00:04,-55
BLE,1704633712675368321,D3:F4:55:AB:96:20,-62
BLE,1704633713838655478,D3:F4:55:AB:96:20,-61
BLE,1704633714175436786,DF:DF:EE:00:00:04,-53
BLE,1704633714229268095,D3:F4:55:AB:96:20,-63
BLE,1704633714423857638,D3:F4:55:AB:96:20,-63
BLE,1704633714634820196,DF:DF:EE:00:00:04,-55
BLE,1704633714805840770,D3:F4:55:AB:96:20,-63
BLE,1704633714995508720,D3:F4:55:AB:96:20,-62
BLE,1704633715180275494,DF:DF:EE:00:00:04,-54
BLE,1704633715186557494,D3:F4:55:AB:96:20,-48
BLE,1704633715639858487,DF:DF:EE:00:00:04,-54
BLE,1704633715754678850,D3:F4:55:AB:96:20,-62
BLE,1704633715945113170,D3:F4:55:AB:96:20,-62
BLE,1704633716522714338,D3:F4:55:AB:96:20,-63
BLE,1704633716674498331,DF:DF:EE:00:00:04,-54
BLE,1704633716717678503,D3:F4:55:AB:96:20,-63
BLE,1704633717140464698,DF:DF:EE:00:00:04,-55
BLE,1704633717684737753,D3:F4:55:AB:96:20,-62
BLE,1704633718587798762,DF:A6:DC:DC:2E:81,-83
BLE,1704633718587834887,DF:DF:EE:00:00:01,-83
BLE,1704633719801564209,D3:F4:55:AB:96:20,-63
BLE,1704633720409598925,DF:DF:EE:00:00:04,-54
BLE,1704633721346447377,D3:F4:55:AB:96:20,-63
BLE,1704633722311931638,D3:F4:55:AB:96:20,-63
BLE,1704633722504941357,D3:F4:55:AB:96:20,-61
BLE,1704633722506165432,D3:F4:55:AB:96:20,-63
BLE,1704633722897224921,D3:F4:55:AB:96:20,-58
BLE,1704633723086324875,D3:F4:55:AB:96:20,-61
BLE,1704633723282250117,D3:F4:55:AB:96:20,-64
BLE,1704633723469027128,D3:F4:55:AB:96:20,-48
BLE,1704633723665263576,D3:F4:55:AB:96:20,-64
BLE,1704633723858622751,D3:F4:55:AB:96:20,-64
BLE,1704633724236629535,D3:F4:55:AB:96:20,-63
BLE,1704633724430427458,D3:F4:55:AB:96:20,-64
BLE,1704633724622969139,D3:F4:55:AB:96:20,-62
BLE,1704633725201051845,D3:F4:55:AB:96:20,-52
BLE,1704633725228750870,DF:DF:EE:00:00:04,-55
BLE,1704633725394231897,D3:F4:55:AB:96:20,-64
BLE,1704633725776824567,D3:F4:55:AB:96:20,-64
BLE,1704633726505512316,DF:DF:EE:00:00:04,-53
BLE,1704633727117389423,D3:F4:55:AB:96:20,-62
BLE,1704633727118729331,D3:F4:55:AB:96:20,-63
BLE,1704633727698826732,D3:F4:55:AB:96:20,-62
BLE,1704633727893138443,D3:F4:55:AB:96:20,-82
BLE,1704633728079221792,D3:F4:55:AB:96:20,-57
BLE,1704633728777881615,DF:DF:EE:00:00:04,-55
BLE,1704633728860773565,D3:F4:55:AB:96:20,-62
BLE,1704633729248427493,D3:F4:55:AB:96:20,-64
BLE,1704633729324332739,DF:DF:EE:00:00:04,-56
BLE,1704633729446559803,D3:F4:55:AB:96:20,-62
BLE,1704633729785706262,DF:DF:EE:00:00:04,-55
BLE,1704633729832100537,D3:F4:55:AB:96:20,-63
BLE,1704633730219110178,D3:F4:55:AB:96:20,-48
BLE,1704633730601860555,D3:F4:55:AB:96:20,-58
BLE,1704633730794159238,D3:F4:55:AB:96:20,-64
BLE,1704633730981673827,D3:F4:55:AB:96:20,-63
BLE,1704633731374248306,D3:F4:55:AB:96:20,-63
BLE,1704633731567832396,D3:F4:55:AB:96:20,-61
BLE,1704633732601891494,DF:A6:DC:DC:2E:81,-84
BLE,1704633732601953494,DF:DF:EE:00:00:01,-84
BLE,1704633732713751127,D3:F4:55:AB:96:20,-62
BLE,1704633733054100619,DF:DF:EE:00:00:04,-48
BLE,1704633733478611803,D3:F4:55:AB:96:20,-62
BLE,1704633733674310921,D3:F4:55:AB:96:20,-64
BLE,1704633734871801310,DF:DF:EE:00:00:04,-55
BLE,1704633735210137565,D3:F4:55:AB:96:20,-64
BLE,1704633735327104247,DF:DF:EE:00:00:04,-54
BLE,1704633735587847851,D3:F4:55:AB:96:20,-63
BLE,1704633735781585482,D3:F4:55:AB:96:20,-48
BLE,1704633735865539217,DF:DF:EE:00:00:04,-55
BLE,1704633735971806512,D3:F4:55:AB:96:20,-62
BLE,1704633736426509412,DF:A6:DC:DC:2E:81,-85
BLE,1704633736426555495,DF:DF:EE:00:00:01,-85
BLE,1704633736542528475,D3:F4:55:AB:96:20,-62
BLE,1704633736738474884,D3:F4:55:AB:96:20,-62
BLE,1704633737121696758,D3:F4:55:AB:96:20,-63
BLE,1704633737315877595,D3:F4:55:AB:96:20,-62
BLE,1704633737889144750,D3:F4:55:AB:96:20,-49
BLE,1704633738081854429,D3:F4:55:AB:96:20,-64
BLE,1704633738273355326,D3:F4:55:AB:96:20,-61
BLE,1704633738464703014,D3:F4:55:AB:96:20,-63
BLE,1704633738854525095,D3:F4:55:AB:96:20,-64
BLE,1704633739040575527,D3:F4:55:AB:96:20,-61
BLE,1704633739229800438,D3:F4:55:AB:96:20,-64
BLE,1704633739231149221,D3:F4:55:AB:96:20,-64
BLE,1704633739422819449,DF:DF:EE:00:00:04,-54
BLE,1704633739426152719,D3:F4:55:AB:96:20,-48
BLE,1704633739617410492,D3:F4:55:AB:96:20,-62
BLE,1704633739803027927,D3:F4:55:AB:96:20,-57
BLE,1704633739998518672,D3:F4:55:AB:96:20,-54
BLE,1704633740566467112,D3:F4:55:AB:96:20,-61
BLE,1704633740761449693,D3:F4:55:AB:96:20,-48
BLE,1704633741145408438,D3:F4:55:AB:96:20,-62
BLE,1704633741154582668,DF:DF:EE:00:00:04,-39
BLE,1704633741514022575,DF:A6:DC:DC:2E:81,-76
BLE,1704633741514062158,DF:DF:EE:00:00:01,-76
BLE,1704633741530706506,D3:F4:55:AB:96:20,-63
BLE,1704633742099849314,D3:F4:55:AB:96:20,-52
BLE,1704633742292963074,D3:F4:55:AB:96:20,-62
BLE,1704633742437641531,DF:DF:EE:00:00:04,-53
BLE,1704633743058051582,D3:F4:55:AB:96:20,-62
BLE,1704633743828928592,D3:F4:55:AB:96:20,-61
BLE,1704633744058424111,DF:A6:DC:DC:2E:81,-83
BLE,1704633744058462486,DF:DF:EE:00:00:01,-83
BLE,1704633744406751842,D3:F4:55:AB:96:20,-64
BLE,1704633744437054391,DF:DF:EE:00:00:04,-38
BLE,1704633744598150031,D3:F4:55:AB:96:20,-63
BLE,1704633744794531019,D3:F4:55:AB:96:20,-64
BLE,1704633745172079556,D3:F4:55:AB:96:20,-64
BLE,1704633745362322627,D3:F4:55:AB:96:20,-63
BLE,1704633745940830498,D3:F4:55:AB:96:20,-62
BLE,1704633746510048429,D3:F4:55:AB:96:20,-57
BLE,1704633746597730806,DF:A6:DC:DC:2E:81,-85
BLE,1704633746597765681,DF:DF:EE:00:00:01,-85
BLE,1704633746706521418,D3:F4:55:AB:96:20,-59
BLE,1704633746712280713,DF:DF:EE:00:00:04,-49
BLE,1704633747474056742,D3:F4:55:AB:96:20,-63
BLE,1704633747671362891,D3:F4:55:AB:96:20,-58
BLE,1704633747714236732,DF:DF:EE:00:00:04,-55
BLE,1704633747857525531,D3:F4:55:AB:96:20,-58
BLE,1704633748046920108,D3:F4:55:AB:96:20,-63
BLE,1704633748237039847,D3:F4:55:AB:96:20,-64
BLE,1704633748257811876,DF:DF:EE:00:00:04,-40
BLE,1704633748426858671,D3:F4:55:AB:96:20,-62
BLE,1704633748617962695,D3:F4:55:AB:96:20,-64
BLE,1704633748805512617,D3:F4:55:AB:96:20,-62
BLE,1704633749140448936,DF:A6:DC:DC:2E:81,-83
BLE,1704633749140487603,DF:DF:EE:00:00:01,-83
BLE,1704633749186705713,D3:F4:55:AB:96:20,-63
BLE,1704633749377712571,D3:F4:55:AB:96:20,-64
BLE,1704633749712060561,DF:DF:EE:00:00:04,-55
BLE,1704633749766155660,D3:F4:55:AB:96:20,-64
BLE,1704633750156801985,D3:F4:55:AB:96:20,-64
BLE,1704633750258584393,DF:DF:EE:00:00:04,-57
BLE,1704633750347422637,D3:F4:55:AB:96:20,-63
BLE,1704633750716597646,DF:DF:EE:00:00:04,-70
BLE,1704633751257349684,DF:DF:EE:00:00:04,-54
BLE,1704633751677257148,D3:F4:55:AB:96:20,-63
BLE,1704633751753185769,DF:DF:EE:00:00:04,-53
BLE,1704633753024226670,D3:F4:55:AB:96:20,-64
BLE,1704633753484286159,DF:DF:EE:00:00:04,-54
BLE,1704633753602609499,D3:F4:55:AB:96:20,-62
BLE,1704633753988819187,D3:F4:55:AB:96:20,-63
BLE,1704633754371101276,D3:F4:55:AB:96:20,-64
BLE,1704633754755186019,DF:DF:EE:00:00:04,-53
BLE,1704633754946870831,D3:F4:55:AB:96:20,-47
BLE,1704633755754032434,DF:DF:EE:00:00:04,-41
BLE,1704633755920952576,D3:F4:55:AB:96:20,-64
BLE,1704633756116175323,D3:F4:55:AB:96:20,-63
BLE,1704633756299227108,DF:DF:EE:00:00:04,-54
BLE,1704633756305413442,D3:F4:55:AB:96:20,-48
BLE,1704633756759482305,DF:DF:EE:00:00:04,-65
BLE,1704633757075888872,D3:F4:55:AB:96:20,-62
BLE,1704633757266395233,D3:F4:55:AB:96:20,-48
BLE,1704633757645536176,D3:F4:55:AB:96:20,-61
BLE,1704633758051059069,DF:A6:DC:DC:2E:81,-81
BLE,1704633758051120611,DF:DF:EE:00:00:01,-81
BLE,1704633758407951285,D3:F4:55:AB:96:20,-58
BLE,1704633758574045974,DF:DF:EE:00:00:04,-54
BLE,1704633758604529022,D3:F4:55:AB:96:20,-80
BLE,1704633758989405011,D3:F4:55:AB:96:20,-80
BLE,1704633761297079700,D3:F4:55:AB:96:20,-62
BLE,1704633762582851295,DF:DF:EE:00:00:04,-54
BLE,1704633762651157925,D3:F4:55:AB:96:20,-64
BLE,1704633764124039070,DF:DF:EE:00:00:04,-55
BLE,1704633764383576640,D3:F4:55:AB:96:20,-62
BLE,1704633764582032698,DF:DF:EE:00:00:04,-55
BLE,1704633764960262980,D3:F4:55:AB:96:20,-61
BLE,1704633765127134123,DF:DF:EE:00:00:04,-54
BLE,1704633765589045434,DF:DF:EE:00:00:04,-54
BLE,1704633766117133513,D3:F4:55:AB:96:20,-48
BLE,1704633766308677034,D3:F4:55:AB:96:20,-61
BLE,1704633766497723572,D3:F4:55:AB:96:20,-64
BLE,1704633766593412145,DF:DF:EE:00:00:04,-55
BLE,1704633766691099581,D3:F4:55:AB:96:20,-53
BLE,1704633767868177396,DF:DF:EE:00:00:04,-40
BLE,1704633768402441893,DF:DF:EE:00:00:04,-54
BLE,1704633768870349956,DF:DF:EE:00:00:04,-56
BLE,1704633769383914632,D3:F4:55:AB:96:20,-64
BLE,1704633769864629942,DF:DF:EE:00:00:04,-38
BLE,1704633770154559269,D3:F4:55:AB:96:20,-62
BLE,1704633770410591820,DF:DF:EE:00:00:04,-55
BLE,1704633771116625928,D3:F4:55:AB:96:20,-62
BLE,1704633771302478528,D3:F4:55:AB:96:20,-61
BLE,1704633771404032313,DF:DF:EE:00:00:04,-53
BLE,1704633771493711801,D3:F4:55:AB:96:20,-63
BLE,1704633771864802547,DF:DF:EE:00:00:04,-54
BLE,1704633772084114467,D3:F4:55:AB:96:20,-62
BLE,1704633772408366649,DF:DF:EE:00:00:04,-53
BLE,1704633772661631886,D3:F4:55:AB:96:20,-64
BLE,1704633772856901799,D3:F4:55:AB:96:20,-61
BLE,1704633772871537077,DF:DF:EE:00:00:04,-54
BLE,1704633773050304849,D3:F4:55:AB:96:20,-64
BLE,1704633773434526466,D3:F4:55:AB:96:20,-62
BLE,1704633773626953273,D3:F4:55:AB:96:20,-62
BLE,1704633774393473021,D3:F4:55:AB:96:20,-64
BLE,1704633774587172653,D3:F4:55:AB:96:20,-64
BLE,1704633774682176731,DF:DF:EE:00:00:04,-42
BLE,1704633774783803515,D3:F4:55:AB:96:20,-64
BLE,1704633774977364647,D3:F4:55:AB:96:20,-63
BLE,1704633775146000028,DF:DF:EE:00:00:04,-56
BLE,1704633775367131395,D3:F4:55:AB:96:20,-58
BLE,1704633775555517853,D3:F4:55:AB:96:20,-61
BLE,1704633775685972654,DF:DF:EE:00:00:04,-56
BLE,1704633775746151463,D3:F4:55:AB:96:20,-63
BLE,1704633775938845268,D3:F4:55:AB:96:20,-62
BLE,1704633776683442287,DF:DF:EE:00:00:04,-54
BLE,1704633776722186363,D3:F4:55:AB:96:20,-79
BLE,1704633777145882469,DF:DF:EE:00:00:04,-55
BLE,1704633777152188760,DF:A6:DC:DC:2E:81,-82
BLE,1704633777152203093,DF:DF:EE:00:00:01,-82
BLE,1704633778445955968,D3:F4:55:AB:96:20,-48
BLE,1704633779144588375,DF:DF:EE:00:00:04,-55
BLE,1704633779681566896,DF:DF:EE:00:00:04,-54
BLE,1704633779757295102,DF:DF:EE:00:00:04,-56
BLE,1704633779778319920,D3:F4:55:AB:96:20,-53
BLE,1704633780546416741,D3:F4:55:AB:96:20,-62
BLE,1704633780644187509,DF:DF:EE:00:00:04,-49
BLE,1704633781120007477,D3:F4:55:AB:96:20,-48
BLE,1704633781183312932,DF:DF:EE:00:00:04,-54
BLE,1704633781314676478,D3:F4:55:AB:96:20,-61
BLE,1704633781699834422,D3:F4:55:AB:96:20,-62
BLE,1704633781889883161,D3:F4:55:AB:96:20,-64
BLE,1704633782184629164,DF:DF:EE:00:00:04,-55
BLE,1704633782269548392,D3:F4:55:AB:96:20,-64
BLE,1704633782647115637,D3:F4:55:AB:96:20,-63
BLE,1704633782650507282,DF:DF:EE:00:00:04,-56
BLE,1704633782837449708,D3:F4:55:AB:96:20,-64
BLE,1704633783025210837,D3:F4:55:AB:96:20,-62
BLE,1704633783185033235,DF:DF:EE:00:00:04,-54
BLE,1704633783223794728,D3:F4:55:AB:96:20,-64
BLE,1704633783614110972,D3:F4:55:AB:96:20,-61
BLE,1704633784008523689,D3:F4:55:AB:96:20,-81
BLE,1704633784586291064,D3:F4:55:AB:96:20,-63
BLE,1704633784969677562,D3:F4:55:AB:96:20,-63
BLE,1704633785187242868,DF:DF:EE:00:00:04,-69
BLE,1704633785354245385,D3:F4:55:AB:96:20,-63
BLE,1704633785549704130,D3:F4:55:AB:96:20,-63
BLE,1704633786899246885,D3:F4:55:AB:96:20,-61
BLE,1704633787287117645,D3:F4:55:AB:96:20,-63
BLE,1704633788180326344,DF:DF:EE:00:00:04,-54
BLE,1704633788244990665,D3:F4:55:AB:96:20,-64
BLE,1704633788645298926,DF:DF:EE:00:00:04,-55
BLE,1704633789007417024,D3:F4:55:AB:96:20,-62
BLE,1704633789202639103,D3:F4:55:AB:96:20,-63
BLE,1704633789393708377,D3:F4:55:AB:96:20,-52
BLE,1704633789583468327,D3:F4:55:AB:96:20,-64
BLE,1704633789644468339,DF:DF:EE:00:00:04,-53
BLE,1704633789779320277,D3:F4:55:AB:96:20,-62
BLE,1704633790172227254,D3:F4:55:AB:96:20,-64
BLE,1704633790359327429,D3:F4:55:AB:96:20,-62
BLE,1704633790551998401,D3:F4:55:AB:96:20,-62
BLE,1704633790740711191,D3:F4:55:AB:96:20,-62
BLE,1704633790916731190,DF:DF:EE:00:00:04,-56
BLE,1704633790935835146,D3:F4:55:AB:96:20,-64
BLE,1704633791320639010,D3:F4:55:AB:96:20,-63
BLE,1704633791514384100,D3:F4:55:AB:96:20,-62
BLE,1704633791704453214,D3:F4:55:AB:96:20,-77
BLE,1704633792093795797,D3:F4:55:AB:96:20,-61
BLE,1704633792200127175,DF:DF:EE:00:00:04,-55
BLE,1704633792287629011,D3:F4:55:AB:96:20,-59
BLE,1704633792480683147,D3:F4:55:AB:96:20,-64
BLE,1704633792868850030,D3:F4:55:AB:96:20,-62
BLE,1704633793458518285,D3:F4:55:AB:96:20,-62
BLE,1704633793466523773,DF:DF:EE:00:00:04,-53
BLE,1704633793648102193,D3:F4:55:AB:96:20,-52
BLE,1704633794233198853,D3:F4:55:AB:96:20,-62
BLE,1704633794429943256,D3:F4:55:AB:96:20,-63
BLE,1704633794740052074,DF:DF:EE:00:00:04,-62
BLE,1704633794976241757,DF:A6:DC:DC:2E:81,-82
BLE,1704633794976259298,DF:DF:EE:00:00:01,-82
BLE,1704633795389201684,D3:F4:55:AB:96:20,-63
BLE,1704633795583128314,D3:F4:55:AB:96:20,-63
BLE,1704633795747327516,DF:DF:EE:00:00:04,-55
BLE,1704633795967860178,D3:F4:55:AB:96:20,-48
BLE,1704633796279217029,DF:DF:EE:00:00:04,-38
BLE,1704633796354761486,D3:F4:55:AB:96:20,-64
BLE,1704633796736528370,D3:F4:55:AB:96:20,-63
BLE,1704633796744759440,DF:DF:EE:00:00:04,-55
BLE,1704633797739712839,DF:DF:EE:00:00:04,-48
BLE,1704633797881912729,D3:F4:55:AB:96:20,-62
BLE,1704633798075099823,D3:F4:55:AB:96:20,-64
BLE,1704633798262231414,D3:F4:55:AB:96:20,-62
BLE,1704633798457841533,D3:F4:55:AB:96:20,-64
BLE,1704633798650400673,D3:F4:55:AB:96:20,-64
BLE,1704633798739156917,DF:DF:EE:00:00:04,-54
BLE,1704633798846856119,D3:F4:55:AB:96:20,-62
BLE,1704633799225332275,D3:F4:55:AB:96:20,-47
BLE,1704633799608825897,D3:F4:55:AB:96:20,-62
BLE,1704633800285550074,DF:DF:EE:00:00:04,-53
BLE,1704633800765673972,D3:F4:55:AB:96:20,-48
BLE,1704633800953980056,D3:F4:55:AB:96:20,-64
BLE,1704633801247654774,DF:DF:EE:00:00:04,-55
BLE,1704633801527883915,D3:F4:55:AB:96:20,-62
BLE,1704633801722038210,D3:F4:55:AB:96:20,-62
BLE,1704633801784595920,DF:DF:EE:00:00:04,-54
BLE,1704633801918260992,D3:F4:55:AB:96:20,-63
BLE,1704633802244618452,DF:DF:EE:00:00:04,-54
BLE,1704633802300810121,D3:F4:55:AB:96:20,-59
BLE,1704633802678906279,D3:F4:55:AB:96:20,-62
BLE,1704633802787388684,DF:DF:EE:00:00:04,-55
BLE,1704633803243240368,DF:DF:EE:00:00:04,-55
BLE,1704633803244720525,DF:DF:EE:00:00:04,-56
BLE,1704633803786485181,DF:DF:EE:00:00:04,-55
BLE,1704633804217621904,D3:F4:55:AB:96:20,-64
BLE,1704633804600162366,D3:F4:55:AB:96:20,-59
BLE,1704633805363952090,D3:F4:55:AB:96:20,-64
BLE,1704633805745453226,D3:F4:55:AB:96:20,-64
BLE,1704633806518772137,DF:DF:EE:00:00:04,-55
BLE,1704633806531308304,D3:F4:55:AB:96:20,-59
BLE,1704633806722326120,D3:F4:55:AB:96:20,-62
BLE,1704633807680362764,D3:F4:55:AB:96:20,-68
BLE,1704633807785081735,DF:DF:EE:00:00:04,-54
BLE,1704633807870277045,D3:F4:55:AB:96:20,-61
BLE,1704633808322587711,DF:DF:EE:00:00:04,-39
BLE,1704633808447248134,D3:F4:55:AB:96:20,-62
BLE,1704633809208700415,D3:F4:55:AB:96:20,-62
BLE,1704633809323331322,DF:DF:EE:00:00:04,-55
BLE,1704633809978448142,D3:F4:55:AB:96:20,-62
BLE,1704633810164218409,D3:F4:55:AB:96:20,-57
BLE,1704633810318978383,DF:DF:EE:00:00:04,-53
BLE,1704633810922390254,D3:F4:55:AB:96:20,-64
BLE,1704633811310353472,D3:F4:55:AB:96:20,-62
BLE,1704633811698717771,D3:F4:55:AB:96:20,-48
BLE,1704633812089840676,D3:F4:55:AB:96:20,-62
BLE,1704633812325221614,DF:DF:EE:00:00:04,-53
BLE,1704633812474719205,D3:F4:55:AB:96:20,-63
BLE,1704633812660643472,D3:F4:55:AB:96:20,-64
BLE,1704633812855432055,D3:F4:55:AB:96:20,-62
BLE,1704633813043454932,D3:F4:55:AB:96:20,-63
BLE,1704633813325453436,DF:DF:EE:00:00:04,-54
BLE,1704633813394417145,DF:DF:EE:00:00:04,-56
BLE,1704633813426336059,D3:F4:55:AB:96:20,-63
BLE,1704633813806360454,D3:F4:55:AB:96:20,-62
BLE,1704633814004183725,D3:F4:55:AB:96:20,-63
BLE,1704633814076294788,DF:A6:DC:DC:2E:81,-82
BLE,1704633814076358413,DF:DF:EE:00:00:01,-82
BLE,1704633814197117070,D3:F4:55:AB:96:20,-62
BLE,1704633814287944842,DF:DF:EE:00:00:04,-55
BLE,1704633814820181311,DF:DF:EE:00:00:04,-53
BLE,1704633815546396535,D3:F4:55:AB:96:20,-48
BLE,1704633815735005367,D3:F4:55:AB:96:20,-47
BLE,1704633815922551164,D3:F4:55:AB:96:20,-61
BLE,1704633816115522467,D3:F4:55:AB:96:20,-63
BLE,1704633816311768207,D3:F4:55:AB:96:20,-48
BLE,1704633816888489214,D3:F4:55:AB:96:20,-62
BLE,1704633817275368147,D3:F4:55:AB:96:20,-63
BLE,1704633817853448604,D3:F4:55:AB:96:20,-58
BLE,1704633818237692055,D3:F4:55:AB:96:20,-58
BLE,1704633818430392484,D3:F4:55:AB:96:20,-48
BLE,1704633818816272174,D3:F4:55:AB:96:20,-48
BLE,1704633818834376679,DF:DF:EE:00:00:04,-54
BLE,1704633819377139703,DF:DF:EE:00:00:04,-57
BLE,1704633819590915868,D3:F4:55:AB:96:20,-62
BLE,1704633819836311032,DF:DF:EE:00:00:04,-54
BLE,1704633819986713284,D3:F4:55:AB:96:20,-62
BLE,1704633820180824121,D3:F4:55:AB:96:20,-62
BLE,1704633820564828824,D3:F4:55:AB:96:20,-62
BLE,1704633820833904163,DF:DF:EE:00:00:04,-54
BLE,1704633821136591280,D3:F4:55:AB:96:20,-63
BLE,1704633821322900419,D3:F4:55:AB:96:20,-48
BLE,1704633821832879619,DF:DF:EE:00:00:04,-56
BLE,1704633822287726476,D3:F4:55:AB:96:20,-57
BLE,1704633822483642552,D3:F4:55:AB:96:20,-59
BLE,1704633822680084707,D3:F4:55:AB:96:20,-62
BLE,1704633822838308574,DF:DF:EE:00:00:04,-56
BLE,1704633823064115575,D3:F4:55:AB:96:20,-48
BLE,1704633823257477501,D3:F4:55:AB:96:20,-64
BLE,1704633823454434236,D3:F4:55:AB:96:20,-47
BLE,1704633824033764226,D3:F4:55:AB:96:20,-63
BLE,1704633824225105081,D3:F4:55:AB:96:20,-61
BLE,1704633824605566849,D3:F4:55:AB:96:20,-58
BLE,1704633824642711602,DF:DF:EE:00:00:04,-62
BLE,1704633824800415056,D3:F4:55:AB:96:20,-63
BLE,1704633824989246053,D3:F4:55:AB:96:20,-62
BLE,1704633825103743210,DF:DF:EE:00:00:04,-53
BLE,1704633825531538289,DF:A6:DC:DC:2E:81,-73
BLE,1704633825531576164,DF:DF:EE:00:00:01,-73
BLE,1704633825762996961,D3:F4:55:AB:96:20,-64
BLE,1704633826379147874,DF:DF:EE:00:00:04,-56
BLE,1704633826530433787,D3:F4:55:AB:96:20,-64
BLE,1704633826722850260,D3:F4:55:AB:96:20,-62
BLE,1704633826918935501,D3:F4:55:AB:96:20,-64
BLE,1704633827114491912,D3:F4:55:AB:96:20,-63
BLE,1704633827309132829,D3:F4:55:AB:96:20,-62
BLE,1704633827503151916,D3:F4:55:AB:96:20,-64
BLE,1704633827693284030,D3:F4:55:AB:96:20,-61
BLE,1704633828086628754,D3:F4:55:AB:96:20,-58
BLE,1704633828658512293,D3:F4:55:AB:96:20,-61
BLE,1704633829649187887,DF:DF:EE:00:00:04,-53
BLE,1704633829803681154,D3:F4:55:AB:96:20,-48
BLE,1704633830000408599,D3:F4:55:AB:96:20,-62
BLE,1704633830187917104,DF:DF:EE:00:00:04,-54
BLE,1704633830386073248,D3:F4:55:AB:96:20,-63
BLE,1704633830616198346,DF:A6:DC:DC:2E:81,-83
BLE,1704633830616214680,DF:DF:EE:00:00:01,-83
BLE,1704633830647805137,DF:DF:EE:00:00:04,-53
BLE,1704633830774102799,D3:F4:55:AB:96:20,-61
BLE,1704633831362849101,D3:F4:55:AB:96:20,-62
BLE,1704633831554382914,D3:F4:55:AB:96:20,-63
BLE,1704633832519979508,D3:F4:55:AB:96:20,-53
BLE,1704633832900043694,D3:F4:55:AB:96:20,-64
BLE,1704633833472643187,D3:F4:55:AB:96:20,-61
BLE,1704633833857036054,D3:F4:55:AB:96:20,-62
BLE,1704633834240677050,D3:F4:55:AB:96:20,-61
BLE,1704633834630071883,D3:F4:55:AB:96:20,-64
BLE,1704633835210804280,D3:F4:55:AB:96:20,-63
BLE,1704633835466322793,DF:DF:EE:00:00:04,-54
BLE,1704633836369566426,D3:F4:55:AB:96:20,-47
BLE,1704633836564436841,D3:F4:55:AB:96:20,-64
BLE,1704633836984390014,DF:A6:DC:DC:2E:81,-82
BLE,1704633836984456138,DF:DF:EE:00:00:01,-82
BLE,1704633837140944558,D3:F4:55:AB:96:20,-61
BLE,1704633837332994992,D3:F4:55:AB:96:20,-64
BLE,1704633837462618216,DF:DF:EE:00:00:04,-55
BLE,1704633837521725532,D3:F4:55:AB:96:20,-62
BLE,1704633838739393870,DF:DF:EE:00:00:04,-53
BLE,1704633838870635999,D3:F4:55:AB:96:20,-62
BLE,1704633839069308806,D3:F4:55:AB:96:20,-59
BLE,1704633839260986035,D3:F4:55:AB:96:20,-62
BLE,1704633839276897304,DF:DF:EE:00:00:04,-53
BLE,1704633839449626866,D3:F4:55:AB:96:20,-63
BLE,1704633839643692329,D3:F4:55:AB:96:20,-48
BLE,1704633840028765566,D3:F4:55:AB:96:20,-62
BLE,1704633840281637888,DF:DF:EE:00:00:04,-46
BLE,1704633840603275254,D3:F4:55:AB:96:20,-47
BLE,1704633840741925543,DF:DF:EE:00:00:04,-53
BLE,1704633840994367201,D3:F4:55:AB:96:20,-63
BLE,1704633842142617000,D3:F4:55:AB:96:20,-62
BLE,1704633842283433732,DF:DF:EE:00:00:04,-51
BLE,1704633842531091797,D3:F4:55:AB:96:20,-58
BLE,1704633842742486437,DF:DF:EE:00:00:04,-54
BLE,1704633842914915668,D3:F4:55:AB:96:20,-62
BLE,1704633843282060982,DF:DF:EE:00:00:04,-55
BLE,1704633843498537462,D3:F4:55:AB:96:20,-62
BLE,1704633843687309668,D3:F4:55:AB:96:20,-63
BLE,1704633843740960937,DF:DF:EE:00:00:04,-56
BLE,1704633844076827709,D3:F4:55:AB:96:20,-63
BLE,1704633844266857948,D3:F4:55:AB:96:20,-64
BLE,1704633844349774398,DF:DF:EE:00:00:04,-40
BLE,1704633844782365278,DF:DF:EE:00:00:04,-55
BLE,1704633845620882090,D3:F4:55:AB:96:20,-57
BLE,1704633845781660982,DF:DF:EE:00:00:04,-54
BLE,1704633845813827602,D3:F4:55:AB:96:20,-64
BLE,1704633845894320901,DF:A6:DC:DC:2E:81,-84
BLE,1704633845894342151,DF:DF:EE:00:00:01,-84
BLE,1704633846002601932,D3:F4:55:AB:96:20,-62
BLE,1704633847147615419,D3:F4:55:AB:96:20,-64
BLE,1704633847241406172,DF:DF:EE:00:00:04,-54
BLE,1704633847332645108,D3:F4:55:AB:96:20,-63
BLE,1704633847720815450,D3:F4:55:AB:96:20,-64
BLE,1704633848103127497,D3:F4:55:AB:96:20,-62
BLE,1704633848496066890,D3:F4:55:AB:96:20,-74
BLE,1704633849261129689,D3:F4:55:AB:96:20,-62
BLE,1704633850054340885,DF:DF:EE:00:00:04,-54
BLE,1704633850612829929,D3:F4:55:AB:96:20,-63
BLE,1704633850799793522,D3:F4:55:AB:96:20,-61
BLE,1704633851185698420,D3:F4:55:AB:96:20,-62
BLE,1704633851570439326,D3:F4:55:AB:96:20,-62
BLE,1704633851788764794,DF:DF:EE:00:00:04,-54
BLE,1704633851950834136,D3:F4:55:AB:96:20,-63
BLE,1704633852335602666,D3:F4:55:AB:96:20,-62
BLE,1704633852720826319,D3:F4:55:AB:96:20,-63
BLE,1704633852913653456,D3:F4:55:AB:96:20,-62
BLE,1704633853062394678,DF:DF:EE:00:00:04,-56
BLE,1704633853308112173,D3:F4:55:AB:96:20,-47
BLE,1704633853495802427,D3:F4:55:AB:96:20,-61
BLE,1704633853604421498,DF:DF:EE:00:00:04,-55
BLE,1704633853693456366,D3:F4:55:AB:96:20,-64
BLE,1704633853883642771,D3:F4:55:AB:96:20,-62
BLE,1704633854062419543,DF:DF:EE:00:00:04,-53
BLE,1704633854276159750,D3:F4:55:AB:96:20,-64
BLE,1704633854471189415,D3:F4:55:AB:96:20,-63
BLE,1704633855243697164,D3:F4:55:AB:96:20,-64
BLE,1704633855334673644,DF:DF:EE:00:00:04,-41
BLE,1704633855435621974,D3:F4:55:AB:96:20,-61
BLE,1704633855875751388,DF:DF:EE:00:00:04,-55
BLE,1704633856016884243,D3:F4:55:AB:96:20,-62
BLE,1704633856206024238,D3:F4:55:AB:96:20,-62
BLE,1704633856333157811,DF:DF:EE:00:00:04,-39
BLE,1704633856395703188,D3:F4:55:AB:96:20,-62
BLE,1704633857167339985,D3:F4:55:AB:96:20,-63
BLE,1704633857369233521,DF:A6:DC:DC:2E:81,-79
BLE,1704633857369281062,DF:DF:EE:00:00:01,-79
BLE,1704633857610337338,DF:DF:EE:00:00:04,-56
BLE,1704633857749973620,D3:F4:55:AB:96:20,-61
BLE,1704633857948938092,D3:F4:55:AB:96:20,-48
BLE,1704633858150985501,DF:DF:EE:00:00:04,-54
BLE,1704633858332866836,D3:F4:55:AB:96:20,-61
BLE,1704633858607148558,DF:DF:EE:00:00:04,-71
BLE,1704633858716041961,D3:F4:55:AB:96:20,-62
BLE,1704633858913690066,D3:F4:55:AB:96:20,-64
BLE,1704633859151025908,DF:DF:EE:00:00:04,-55
BLE,1704633859300824664,D3:F4:55:AB:96:20,-62
BLE,1704633860074895570,D3:F4:55:AB:96:20,-48
BLE,1704633860460919801,D3:F4:55:AB:96:20,-62
BLE,1704633860846741116,D3:F4:55:AB:96:20,-63
BLE,1704633860887166890,DF:DF:EE:00:00:04,-45
BLE,1704633861038461969,D3:F4:55:AB:96:20,-62
BLE,1704633861426013190,D3:F4:55:AB:96:20,-63
BLE,1704633861995750785,D3:F4:55:AB:96:20,-62
BLE,1704633862184131202,D3:F4:55:AB:96:20,-62
BLE,1704633862564904925,D3:F4:55:AB:96:20,-61
BLE,1704633862762515823,D3:F4:55:AB:96:20,-63
BLE,1704633862887406161,DF:DF:EE:00:00:04,-55
BLE,1704633863144573288,D3:F4:55:AB:96:20,-63
BLE,1704633863913285480,D3:F4:55:AB:96:20,-61
BLE,1704633864490747773,D3:F4:55:AB:96:20,-64
BLE,1704633864873816065,D3:F4:55:AB:96:20,-59
BLE,1704633865063092226,D3:F4:55:AB:96:20,-48
BLE,1704633865166396833,DF:DF:EE:00:00:04,-55
BLE,1704633865452331936,D3:F4:55:AB:96:20,-62
BLE,1704633865706551582,DF:DF:EE:00:00:04,-57
BLE,1704633866030894430,D3:F4:55:AB:96:20,-63
BLE,1704633866795542357,D3:F4:55:AB:96:20,-61
BLE,1704633867161173598,DF:DF:EE:00:00:04,-40
BLE,1704633867177504407,D3:F4:55:AB:96:20,-62
BLE,1704633867700548645,DF:DF:EE:00:00:04,-55
BLE,1704633868161484753,DF:DF:EE:00:00:04,-55
BLE,1704633868525650421,D3:F4:55:AB:96:20,-61
BLE,1704633868912115523,D3:F4:55:AB:96:20,-62
BLE,1704633869438300241,DF:DF:EE:00:00:04,-55
BLE,1704633869494819532,D3:F4:55:AB:96:20,-62
BLE,1704633870081098018,D3:F4:55:AB:96:20,-62
BLE,1704633870723380215,DF:DF:EE:00:00:04,-63
BLE,1704633870851440074,D3:F4:55:AB:96:20,-63
BLE,1704633871233654288,D3:F4:55:AB:96:20,-62
BLE,1704633872017179923,D3:F4:55:AB:96:20,-62
BLE,1704633872208679027,D3:F4:55:AB:96:20,-64
BLE,1704633872403826858,D3:F4:55:AB:96:20,-64
BLE,1704633873177020603,D3:F4:55:AB:96:20,-62
BLE,1704633873371167773,D3:F4:55:AB:96:20,-48
BLE,1704633873525333084,DF:DF:EE:00:00:04,-54
BLE,1704633873565985606,D3:F4:55:AB:96:20,-48
BLE,1704633873907356924,DF:A6:DC:DC:2E:81,-84
BLE,1704633873907393882,DF:DF:EE:00:00:01,-84
BLE,1704633873948649984,D3:F4:55:AB:96:20,-63
BLE,1704633874143335400,D3:F4:55:AB:96:20,-63
BLE,1704633874527403436,D3:F4:55:AB:96:20,-63
BLE,1704633874530747122,DF:DF:EE:00:00:04,-55
BLE,1704633874715111940,D3:F4:55:AB:96:20,-61
BLE,1704633874908501532,D3:F4:55:AB:96:20,-53
BLE,1704633874993448427,DF:DF:EE:00:00:04,-53
BLE,1704633875292703316,D3:F4:55:AB:96:20,-62
BLE,1704633875527215469,DF:DF:EE:00:00:04,-54
BLE,1704633875991525139,DF:DF:EE:00:00:04,-55
BLE,1704633876439717123,D3:F4:55:AB:96:20,-63
BLE,1704633876528307161,DF:DF:EE:00:00:04,-55
BLE,1704633876626025971,D3:F4:55:AB:96:20,-58
BLE,1704633876988574649,DF:DF:EE:00:00:04,-54
BLE,1704633877205354752,D3:F4:55:AB:96:20,-64
BLE,1704633877587746673,D3:F4:55:AB:96:20,-62
BLE,1704633878023111160,DF:DF:EE:00:00:04,-54
BLE,1704633878159139133,D3:F4:55:AB:96:20,-62
BLE,1704633878486305879,DF:DF:EE:00:00:04,-66
BLE,1704633879117276026,D3:F4:55:AB:96:20,-64
BLE,1704633879307508014,D3:F4:55:AB:96:20,-62
BLE,1704633879500135694,D3:F4:55:AB:96:20,-48
BLE,1704633879885019849,D3:F4:55:AB:96:20,-47
BLE,1704633880076255955,D3:F4:55:AB:96:20,-45
BLE,1704633880266846274,D3:F4:55:AB:96:20,-48
BLE,1704633880301175380,DF:DF:EE:00:00:04,-54
BLE,1704633880651398306,D3:F4:55:AB:96:20,-62
BLE,1704633880766505459,DF:DF:EE:00:00:04,-44
BLE,1704633881221304442,D3:F4:55:AB:96:20,-61
BLE,1704633881303560729,DF:DF:EE:00:00:04,-56
BLE,1704633881553165115,DF:A6:DC:DC:2E:81,-82
BLE,1704633881553202490,DF:DF:EE:00:00:01,-82
BLE,1704633881769504763,DF:DF:EE:00:00:04,-55
BLE,1704633881801591175,D3:F4:55:AB:96:20,-62
BLE,1704633881997354751,D3:F4:55:AB:96:20,-64
BLE,1704633882184750091,D3:F4:55:AB:96:20,-57
BLE,1704633882305242959,DF:DF:EE:00:00:04,-56
BLE,1704633882570670739,D3:F4:55:AB:96:20,-63
BLE,1704633883146556710,D3:F4:55:AB:96:20,-63
BLE,1704633883339620471,D3:F4:55:AB:96:20,-63
BLE,1704633883529923000,D3:F4:55:AB:96:20,-63
BLE,1704633884047890480,DF:DF:EE:00:00:04,-55
BLE,1704633884109568113,D3:F4:55:AB:96:20,-64
BLE,1704633884306254683,D3:F4:55:AB:96:20,-64
BLE,1704633884817465250,DF:DF:EE:00:00:04,-48
BLE,1704633884887106704,D3:F4:55:AB:96:20,-61
BLE,1704633885275410253,D3:F4:55:AB:96:20,-64
BLE,1704633885380498723,DF:A6:DC:DC:2E:81,-84
BLE,1704633885380568097,DF:DF:EE:00:00:01,-84
BLE,1704633885467058315,D3:F4:55:AB:96:20,-64
BLE,1704633886236128296,D3:F4:55:AB:96:20,-63
BLE,1704633887007525178,D3:F4:55:AB:96:20,-64
BLE,1704633887827506071,DF:DF:EE:00:00:04,-56
BLE,1704633888351261263,D3:F4:55:AB:96:20,-61
BLE,1704633888363225309,DF:DF:EE:00:00:04,-55
BLE,1704633888543411322,D3:F4:55:AB:96:20,-63
BLE,1704633888824656164,DF:DF:EE:00:00:04,-53
BLE,1704633889497010870,D3:F4:55:AB:96:20,-62
BLE,1704633889688066228,D3:F4:55:AB:96:20,-48
BLE,1704633889821280552,DF:DF:EE:00:00:04,-54
BLE,1704633890062983532,D3:F4:55:AB:96:20,-61
BLE,1704633890464952407,DF:A6:DC:DC:2E:81,-83
BLE,1704633890465015490,DF:DF:EE:00:00:01,-83
BLE,1704633890630450725,D3:F4:55:AB:96:20,-62
BLE,1704633890823684485,D3:F4:55:AB:96:20,-61
BLE,1704633891023487243,D3:F4:55:AB:96:20,-64
BLE,1704633891984476659,D3:F4:55:AB:96:20,-62
BLE,1704633891985811942,D3:F4:55:AB:96:20,-64
BLE,1704633892376453475,D3:F4:55:AB:96:20,-62
BLE,1704633892574302121,D3:F4:55:AB:96:20,-63
BLE,1704633892628805426,DF:DF:EE:00:00:04,-54
BLE,1704633893344933716,D3:F4:55:AB:96:20,-61
BLE,1704633893538698097,D3:F4:55:AB:96:20,-64
BLE,1704633893728113424,D3:F4:55:AB:96:20,-62
BLE,1704633894096086399,DF:DF:EE:00:00:04,-53
BLE,1704633895096357180,DF:DF:EE:00:00:04,-55
BLE,1704633895269533031,D3:F4:55:AB:96:20,-63
BLE,1704633895628900188,DF:DF:EE:00:00:04,-56
BLE,1704633895847071949,D3:F4:55:AB:96:20,-62
BLE,1704633896088794512,DF:DF:EE:00:00:04,-54
BLE,1704633896433538267,D3:F4:55:AB:96:20,-48
BLE,1704633896697930179,DF:DF:EE:00:00:04,-53
BLE,1704633896818500254,D3:F4:55:AB:96:20,-64
BLE,1704633897006693297,D3:F4:55:AB:96:20,-62
BLE,1704633897863971985,DF:DF:EE:00:00:04,-55
BLE,1704633898156340378,D3:F4:55:AB:96:20,-63
BLE,1704633898541135950,D3:F4:55:AB:96:20,-61
BLE,1704633898928251632,D3:F4:55:AB:96:20,-62
BLE,1704633899122825008,D3:F4:55:AB:96:20,-63
BLE,1704633899309836642,D3:F4:55:AB:96:20,-61
BLE,1704633899505505969,D3:F4:55:AB:96:20,-63
BLE,1704633899701197171,D3:F4:55:AB:96:20,-63
BLE,1704633900088951931,D3:F4:55:AB:96:20,-63
BLE,1704633900142171953,DF:DF:EE:00:00:04,-54
BLE,1704633900277620763,D3:F4:55:AB:96:20,-62
BLE,1704633900474546082,D3:F4:55:AB:96:20,-62
BLE,1704633900666078144,D3:F4:55:AB:96:20,-64
BLE,1704633900682835533,DF:DF:EE:00:00:04,-53
BLE,1704633900861156100,D3:F4:55:AB:96:20,-62
BLE,1704633901058109002,D3:F4:55:AB:96:20,-64
BLE,1704633901145324215,DF:DF:EE:00:00:04,-55
BLE,1704633901252902001,D3:F4:55:AB:96:20,-48
BLE,1704633901678746384,DF:DF:EE:00:00:04,-53
BLE,1704633902136066517,DF:DF:EE:00:00:04,-55
BLE,1704633902676829221,DF:DF:EE:00:00:04,-55
BLE,1704633902984698803,D3:F4:55:AB:96:20,-48
BLE,1704633903139683150,DF:DF:EE:00:00:04,-55
BLE,1704633904509287063,D3:F4:55:AB:96:20,-62
BLE,1704633904702829404,D3:F4:55:AB:96:20,-63
BLE,1704633904893917886,D3:F4:55:AB:96:20,-64
BLE,1704633905284313213,D3:F4:55:AB:96:20,-64
BLE,1704633905481059449,D3:F4:55:AB:96:20,-64
BLE,1704633906057216085,D3:F4:55:AB:96:20,-62
BLE,1704633906635028543,D3:F4:55:AB:96:20,-59
BLE,1704633906827066228,D3:F4:55:AB:96:20,-64
BLE,1704633907695919422,DF:DF:EE:00:00:04,-55
BLE,1704633907976534560,D3:F4:55:AB:96:20,-64
BLE,1704633908169179990,D3:F4:55:AB:96:20,-63
BLE,1704633908227675852,DF:DF:EE:00:00:04,-55
BLE,1704633908558453616,D3:F4:55:AB:96:20,-61
BLE,1704633908748836394,D3:F4:55:AB:96:20,-64
BLE,1704633908941127494,D3:F4:55:AB:96:20,-62
BLE,1704633909328989004,D3:F4:55:AB:96:20,-64
BLE,1704633909687721290,DF:DF:EE:00:00:04,-55
BLE,1704633909706837705,D3:F4:55:AB:96:20,-49
BLE,1704633909899232845,D3:F4:55:AB:96:20,-58
BLE,1704633910234358497,DF:DF:EE:00:00:04,-50
BLE,1704633910289266299,D3:F4:55:AB:96:20,-70
BLE,1704633910481596065,D3:F4:55:AB:96:20,-64
BLE,1704633910688032196,DF:DF:EE:00:00:04,-45
BLE,1704633911232360209,DF:DF:EE:00:00:04,-53
BLE,1704633911434431577,D3:F4:55:AB:96:20,-61
BLE,1704633911625313519,D3:F4:55:AB:96:20,-48
BLE,1704633912108603937,DF:A6:DC:DC:2E:81,-81
BLE,1704633912108632354,DF:DF:EE:00:00:01,-81
BLE,1704633912464070704,DF:DF:EE:00:00:04,-55
BLE,1704633912575444549,D3:F4:55:AB:96:20,-64
BLE,1704633912767016569,D3:F4:55:AB:96:20,-63
BLE,1704633912959808874,D3:F4:55:AB:96:20,-62
BLE,1704633913001308390,DF:DF:EE:00:00:04,-55
BLE,1704633913460720884,DF:DF:EE:00:00:04,-54
BLE,1704633913533974231,D3:F4:55:AB:96:20,-62
BLE,1704633914112683391,D3:F4:55:AB:96:20,-63
BLE,1704633914652779142,DF:A6:DC:DC:2E:81,-83
BLE,1704633914652815975,DF:DF:EE:00:00:01,-83
BLE,1704633915076783454,D3:F4:55:AB:96:20,-63
BLE,1704633915264224168,D3:F4:55:AB:96:20,-63
BLE,1704633915274081895,DF:DF:EE:00:00:04,-55
BLE,1704633915649217989,D3:F4:55:AB:96:20,-63
BLE,1704633916275480501,DF:DF:EE:00:00:04,-59
BLE,1704633916612361641,D3:F4:55:AB:96:20,-61
BLE,1704633916738911218,DF:DF:EE:00:00:04,-55
BLE,1704633917189881434,D3:F4:55:AB:96:20,-64
BLE,1704633917271121312,DF:DF:EE:00:00:04,-54
BLE,1704633917956370807,D3:F4:55:AB:96:20,-63
BLE,1704633918341724667,D3:F4:55:AB:96:20,-62
BLE,1704633918477022270,DF:A6:DC:DC:2E:81,-83
BLE,1704633918477061311,DF:DF:EE:00:00:01,-83
BLE,1704633919504156289,D3:F4:55:AB:96:20,-64
BLE,1704633919697418298,D3:F4:55:AB:96:20,-62
BLE,1704633919739140771,DF:DF:EE:00:00:04,-55
BLE,1704633920475225346,D3:F4:55:AB:96:20,-80
BLE,1704633920660786740,D3:F4:55:AB:96:20,-57
BLE,1704633921001060149,DF:DF:EE:00:00:04,-54
BLE,1704633921043332785,D3:F4:55:AB:96:20,-63
BLE,1704633921547394191,DF:DF:EE:00:00:04,-54
BLE,1704633921620425082,D3:F4:55:AB:96:20,-64
BLE,1704633921809490327,D3:F4:55:AB:96:20,-63
BLE,1704633922006156856,DF:DF:EE:00:00:04,-64
BLE,1704633922388322737,D3:F4:55:AB:96:20,-64
BLE,1704633922766158980,D3:F4:55:AB:96:20,-58
BLE,1704633923004584898,DF:DF:EE:00:00:04,-53
BLE,1704633923006215554,DF:DF:EE:00:00:04,-54
BLE,1704633923152785624,D3:F4:55:AB:96:20,-59
BLE,1704633923548190917,DF:DF:EE:00:00:04,-39
BLE,1704633923922526808,D3:F4:55:AB:96:20,-62
BLE,1704633924300468801,D3:F4:55:AB:96:20,-62
BLE,1704633924876640812,D3:F4:55:AB:96:20,-60
BLE,1704633925066746675,D3:F4:55:AB:96:20,-64
BLE,1704633925256950705,D3:F4:55:AB:96:20,-62
BLE,1704633925273015390,DF:DF:EE:00:00:04,-55
BLE,1704633925449407595,D3:F4:55:AB:96:20,-63
BLE,1704633925641230822,D3:F4:55:AB:96:20,-62
BLE,1704633926412812828,D3:F4:55:AB:96:20,-64
BLE,1704633926554955010,DF:DF:EE:00:00:04,-55
BLE,1704633926604410891,D3:F4:55:AB:96:20,-47
BLE,1704633927375538108,D3:F4:55:AB:96:20,-64
BLE,1704633927390863131,DF:A6:DC:DC:2E:81,-83
BLE,1704633927390896381,DF:DF:EE:00:00:01,-83
BLE,1704633927559508804,DF:DF:EE:00:00:04,-46
BLE,1704633927571705723,D3:F4:55:AB:96:20,-63
BLE,1704633927950375127,D3:F4:55:AB:96:20,-61
BLE,1704633928099692928,DF:DF:EE:00:00:04,-40
BLE,1704633928149120101,D3:F4:55:AB:96:20,-63
BLE,1704633928344156098,D3:F4:55:AB:96:20,-63
BLE,1704633929108716984,D3:F4:55:AB:96:20,-64
BLE,1704633929301616371,D3:F4:55:AB:96:20,-61
BLE,1704633929686294777,D3:F4:55:AB:96:20,-62
BLE,1704633929834637585,DF:DF:EE:00:00:04,-51
BLE,1704633929876372099,D3:F4:55:AB:96:20,-83
BLE,1704633930068402409,D3:F4:55:AB:96:20,-61
BLE,1704633930259455850,D3:F4:55:AB:96:20,-62
BLE,1704633930374817043,DF:DF:EE:00:00:04,-51
BLE,1704633930828926571,DF:DF:EE:00:00:04,-54
BLE,1704633930849161937,D3:F4:55:AB:96:20,-63
BLE,1704633931043182067,D3:F4:55:AB:96:20,-64
BLE,1704633931429564170,D3:F4:55:AB:96:20,-59
BLE,1704633931836668427,DF:DF:EE:00:00:04,-51
BLE,1704633932010058819,D3:F4:55:AB:96:20,-61
BLE,1704633932205549188,D3:F4:55:AB:96:20,-47
BLE,1704633932374501359,DF:DF:EE:00:00:04,-55
BLE,1704633932472916956,DF:A6:DC:DC:2E:81,-82
BLE,1704633932472951539,DF:DF:EE:00:00:01,-82
BLE,1704633932832055073,DF:DF:EE:00:00:04,-54
BLE,1704633933161758928,D3:F4:55:AB:96:20,-64
BLE,1704633933372596071,DF:DF:EE:00:00:04,-54
BLE,1704633933732995679,D3:F4:55:AB:96:20,-61
BLE,1704633934299401297,D3:F4:55:AB:96:20,-57
BLE,1704633934489037289,D3:F4:55:AB:96:20,-63
BLE,1704633934826841256,DF:DF:EE:00:00:04,-67
BLE,1704633934866366785,D3:F4:55:AB:96:20,-63
BLE,1704633935826892496,D3:F4:55:AB:96:20,-57
BLE,1704633936207886302,D3:F4:55:AB:96:20,-63
BLE,1704633936643411662,DF:DF:EE:00:00:04,-54
BLE,1704633937101753330,DF:DF:EE:00:00:04,-55
BLE,1704633937170873746,D3:F4:55:AB:96:20,-64
BLE,1704633937646969879,DF:DF:EE:00:00:04,-38
BLE,1704633938529622065,D3:F4:55:AB:96:20,-64
BLE,1704633939103146426,DF:DF:EE:00:00:04,-56
BLE,1704633939492105304,D3:F4:55:AB:96:20,-61
BLE,1704633939642050518,DF:DF:EE:00:00:04,-55
BLE,1704633940066792658,D3:F4:55:AB:96:20,-64
BLE,1704633940109094669,DF:DF:EE:00:00:04,-56
BLE,1704633940446438764,D3:F4:55:AB:96:20,-62
BLE,1704633941021835655,D3:F4:55:AB:96:20,-61
BLE,1704633941401900759,D3:F4:55:AB:96:20,-64
BLE,1704633941588204189,D3:F4:55:AB:96:20,-61
BLE,1704633941639424558,DF:DF:EE:00:00:04,-39
BLE,1704633941709337719,DF:DF:EE:00:00:04,-55
BLE,1704633941780764245,D3:F4:55:AB:96:20,-64
BLE,1704633941969439285,D3:F4:55:AB:96:20,-63
BLE,1704633942142358513,DF:DF:EE:00:00:04,-51
BLE,1704633942346957905,D3:F4:55:AB:96:20,-64
BLE,1704633942533211170,D3:F4:55:AB:96:20,-63
BLE,1704633942609470622,DF:DF:EE:00:00:04,-53
BLE,1704633942670276177,DF:A6:DC:DC:2E:81,-82
BLE,1704633942670288635,DF:DF:EE:00:00:01,-82
BLE,1704633943102136520,D3:F4:55:AB:96:20,-63
BLE,1704633943872142037,D3:F4:55:AB:96:20,-62
BLE,1704633943884451163,DF:DF:EE:00:00:04,-54
BLE,1704633944255958699,D3:F4:55:AB:96:20,-64
BLE,1704633944417367294,DF:DF:EE:00:00:04,-54
BLE,1704633944445380942,D3:F4:55:AB:96:20,-62
BLE,1704633944634803768,D3:F4:55:AB:96:20,-48
BLE,1704633944887435051,DF:DF:EE:00:00:04,-55
BLE,1704633945014109544,D3:F4:55:AB:96:20,-64
BLE,1704633945975775122,D3:F4:55:AB:96:20,-62
BLE,1704633946365784284,D3:F4:55:AB:96:20,-62
BLE,1704633946495043302,DF:A6:DC:DC:2E:81,-83
BLE,1704633946495105426,DF:DF:EE:00:00:01,-83
BLE,1704633946558023134,D3:F4:55:AB:96:20,-62
BLE,1704633946877430390,DF:DF:EE:00:00:04,-53
BLE,1704633946879040837,DF:DF:EE:00:00:04,-54
BLE,1704633946943137537,D3:F4:55:AB:96:20,-61
BLE,1704633947139019613,D3:F4:55:AB:96:20,-63
BLE,1704633947910877117,D3:F4:55:AB:96:20,-62
BLE,1704633948293991867,D3:F4:55:AB:96:20,-61
BLE,1704633948487106419,D3:F4:55:AB:96:20,-63
BLE,1704633948672475356,D3:F4:55:AB:96:20,-48
BLE,1704633948868663054,D3:F4:55:AB:96:20,-64
BLE,1704633949054676695,D3:F4:55:AB:96:20,-61
BLE,1704633949440864258,DF:DF:EE:00:00:04,-54
BLE,1704633949636498252,D3:F4:55:AB:96:20,-79
BLE,1704633950023435518,D3:F4:55:AB:96:20,-63
BLE,1704633950214802540,D3:F4:55:AB:96:20,-63
BLE,1704633951568787849,D3:F4:55:AB:96:20,-82
BLE,1704633951754384159,D3:F4:55:AB:96:20,-63
BLE,1704633951946800841,D3:F4:55:AB:96:20,-62
BLE,1704633952142135003,D3:F4:55:AB:96:20,-64
BLE,1704633952252850643,DF:DF:EE:00:00:04,-54
BLE,1704633952336468922,D3:F4:55:AB:96:20,-48
BLE,1704633952522788519,D3:F4:55:AB:96:20,-61
BLE,1704633952901649881,D3:F4:55:AB:96:20,-57
BLE,1704633953487556285,D3:F4:55:AB:96:20,-48
BLE,1704633953712499334,DF:DF:EE:00:00:04,-39
BLE,1704633953872128109,D3:F4:55:AB:96:20,-63
BLE,1704633954062597012,D3:F4:55:AB:96:20,-63
BLE,1704633954251988255,DF:DF:EE:00:00:04,-38
BLE,1704633954644475401,D3:F4:55:AB:96:20,-64
BLE,1704633954710311673,DF:DF:EE:00:00:04,-55
BLE,1704633955031636124,D3:F4:55:AB:96:20,-63
BLE,1704633955224911384,D3:F4:55:AB:96:20,-58
BLE,1704633955250137216,DF:DF:EE:00:00:04,-53
BLE,1704633955614649715,D3:F4:55:AB:96:20,-64
BLE,1704633955710818952,DF:DF:EE:00:00:04,-55
BLE,1704633956251291283,DF:DF:EE:00:00:04,-55
BLE,1704633956684362993,DF:A6:DC:DC:2E:81,-84
BLE,1704633956684412867,DF:DF:EE:00:00:01,-84
BLE,1704633957245993225,DF:DF:EE:00:00:04,-38
BLE,1704633957315054142,DF:DF:EE:00:00:04,-47
BLE,1704633957722346731,D3:F4:55:AB:96:20,-61
BLE,1704633957915030161,D3:F4:55:AB:96:20,-63
BLE,1704633958299404486,D3:F4:55:AB:96:20,-62
BLE,1704633958492549413,D3:F4:55:AB:96:20,-64
BLE,1704633958682662527,D3:F4:55:AB:96:20,-63
BLE,1704633958746856518,DF:DF:EE:00:00:04,-55
BLE,1704633959225421051,DF:A6:DC:DC:2E:81,-82
BLE,1704633959225457676,DF:DF:EE:00:00:01,-82
BLE,1704633959262969510,D3:F4:55:AB:96:20,-64
BLE,1704633959645988719,D3:F4:55:AB:96:20,-63
BLE,1704633960037275915,D3:F4:55:AB:96:20,-62
BLE,1704633960612957262,D3:F4:55:AB:96:20,-63
BLE,1704633961002238429,D3:F4:55:AB:96:20,-53
BLE,1704633961197212719,D3:F4:55:AB:96:20,-47
BLE,1704633961485794846,DF:DF:EE:00:00:04,-54
BLE,1704633961772922733,DF:A6:DC:DC:2E:81,-85
BLE,1704633961772943274,DF:DF:EE:00:00:01,-85
BLE,1704633961962081936,D3:F4:55:AB:96:20,-64
BLE,1704633962026438593,DF:DF:EE:00:00:04,-56
BLE,1704633962152211591,D3:F4:55:AB:96:20,-63
BLE,1704633963026865788,DF:DF:EE:00:00:04,-54
BLE,1704633963700519278,D3:F4:55:AB:96:20,-64
BLE,1704633963891320762,D3:F4:55:AB:96:20,-64
BLE,1704633964027455984,DF:DF:EE:00:00:04,-52
BLE,1704633964474593434,D3:F4:55:AB:96:20,-62
BLE,1704633964489916582,DF:DF:EE:00:00:04,-53
BLE,1704633965437644253,D3:F4:55:AB:96:20,-63
BLE,1704633965491435729,DF:DF:EE:00:00:04,-40
BLE,1704633965596044285,DF:A6:DC:DC:2E:81,-82
BLE,1704633965596058327,DF:DF:EE:00:00:01,-82
BLE,1704633966015268754,D3:F4:55:AB:96:20,-59
BLE,1704633966029138287,DF:DF:EE:00:00:04,-55
BLE,1704633966486924166,DF:DF:EE:00:00:04,-55
BLE,1704633966976093171,D3:F4:55:AB:96:20,-62
BLE,1704633967363309602,D3:F4:55:AB:96:20,-62
BLE,1704633967555715325,D3:F4:55:AB:96:20,-48
BLE,1704633967747146180,D3:F4:55:AB:96:20,-63
BLE,1704633967937411751,D3:F4:55:AB:96:20,-62
BLE,1704633968297354988,DF:DF:EE:00:00:04,-55
BLE,1704633968701921679,D3:F4:55:AB:96:20,-62
BLE,1704633969086836459,D3:F4:55:AB:96:20,-62
BLE,1704633969299208842,DF:DF:EE:00:00:04,-55
BLE,1704633969417353933,DF:A6:DC:DC:2E:81,-83
BLE,1704633969417384599,DF:DF:EE:00:00:01,-83
BLE,1704633969662365182,D3:F4:55:AB:96:20,-62
BLE,1704633969755824895,DF:DF:EE:00:00:04,-47
BLE,1704633969854486408,D3:F4:55:AB:96:20,-63
BLE,1704633970044391106,D3:F4:55:AB:96:20,-64
BLE,1704633970432774988,D3:F4:55:AB:96:20,-61
BLE,1704633970626868200,D3:F4:55:AB:96:20,-74
BLE,1704633970761862929,DF:DF:EE:00:00:04,-55
BLE,1704633970818114389,D3:F4:55:AB:96:20,-62
BLE,1704633970819444172,D3:F4:55:AB:96:20,-62
BLE,1704633971015039083,D3:F4:55:AB:96:20,-62
BLE,1704633971294945101,DF:DF:EE:00:00:04,-53
BLE,1704633971593561911,D3:F4:55:AB:96:20,-63
BLE,1704633971788593784,D3:F4:55:AB:96:20,-62
BLE,1704633971960121104,DF:A6:DC:DC:2E:81,-83
BLE,1704633971960177646,DF:DF:EE:00:00:01,-83
BLE,1704633972302735873,DF:DF:EE:00:00:04,-71
BLE,1704633972758692431,DF:DF:EE:00:00:04,-55
BLE,1704633973318270177,D3:F4:55:AB:96:20,-62
BLE,1704633973704461907,D3:F4:55:AB:96:20,-64
BLE,1704633974277034233,D3:F4:55:AB:96:20,-61
BLE,1704633974475446833,D3:F4:55:AB:96:20,-63
BLE,1704633974503514397,DF:A6:DC:DC:2E:81,-83
BLE,1704633974503545105,DF:DF:EE:00:00:01,-83
BLE,1704633974569560959,DF:DF:EE:00:00:04,-54
BLE,1704633974662182011,D3:F4:55:AB:96:20,-63
BLE,1704633975035751283,DF:DF:EE:00:00:04,-77
BLE,1704633976207419218,D3:F4:55:AB:96:20,-62
BLE,1704633976308304673,DF:DF:EE:00:00:04,-38
BLE,1704633976309663914,DF:DF:EE:00:00:04,-50
BLE,1704633976776352818,D3:F4:55:AB:96:20,-49
BLE,1704633977047566269,DF:A6:DC:DC:2E:81,-83
BLE,1704633977047608518,DF:DF:EE:00:00:01,-83
BLE,1704633977172699480,D3:F4:55:AB:96:20,-64
BLE,1704633977365209161,D3:F4:55:AB:96:20,-58
BLE,1704633977561860023,D3:F4:55:AB:96:20,-52
BLE,1704633978118330248,DF:DF:EE:00:00:04,-46
BLE,1704633978141444261,D3:F4:55:AB:96:20,-64
BLE,1704633978525510963,D3:F4:55:AB:96:20,-62
BLE,1704633978717306732,D3:F4:55:AB:96:20,-62
BLE,1704633979118148073,DF:DF:EE:00:00:04,-53
BLE,1704633979295773811,D3:F4:55:AB:96:20,-62
BLE,1704633979592699425,DF:A6:DC:DC:2E:81,-83
BLE,1704633979592751841,DF:DF:EE:00:00:01,-83
BLE,1704633979678007692,D3:F4:55:AB:96:20,-61
BLE,1704633980064539711,D3:F4:55:AB:96:20,-62
BLE,1704633980579850667,DF:DF:EE:00:00:04,-54
BLE,1704633981022668021,D3:F4:55:AB:96:20,-59
BLE,1704633981582936262,DF:DF:EE:00:00:04,-56
BLE,1704633981593783315,D3:F4:55:AB:96:20,-62
BLE,1704633981789959639,D3:F4:55:AB:96:20,-63
BLE,1704633981983300606,D3:F4:55:AB:96:20,-63
BLE,1704633982125755953,DF:DF:EE:00:00:04,-55
BLE,1704633982132365492,DF:A6:DC:DC:2E:81,-82
BLE,1704633982132380117,DF:DF:EE:00:00:01,-82
BLE,1704633982362303633,D3:F4:55:AB:96:20,-62
BLE,1704633982553665072,D3:F4:55:AB:96:20,-64
BLE,1704633982748280031,D3:F4:55:AB:96:20,-63
BLE,1704633983136270040,D3:F4:55:AB:96:20,-48
BLE,1704633983188461527,DF:DF:EE:00:00:04,-54
BLE,1704633983325141495,D3:F4:55:AB:96:20,-61
BLE,1704633983517298887,D3:F4:55:AB:96:20,-53
BLE,1704633983704547686,D3:F4:55:AB:96:20,-53
BLE,1704633983904018988,D3:F4:55:AB:96:20,-76
BLE,1704633984090123212,D3:F4:55:AB:96:20,-61
BLE,1704633984285164459,D3:F4:55:AB:96:20,-59
BLE,1704633984350727983,DF:DF:EE:00:00:04,-56
BLE,1704633984662329249,D3:F4:55:AB:96:20,-62
BLE,1704633984673836631,DF:A6:DC:DC:2E:81,-82
BLE,1704633984673848839,DF:DF:EE:00:00:01,-82
BLE,1704633985047792983,D3:F4:55:AB:96:20,-48
BLE,1704633985357573428,DF:DF:EE:00:00:04,-54
BLE,1704633985817622876,D3:F4:55:AB:96:20,-64
BLE,1704633986014598777,D3:F4:55:AB:96:20,-64
BLE,1704633986207147750,D3:F4:55:AB:96:20,-61
BLE,1704633986980877158,D3:F4:55:AB:96:20,-64
BLE,1704633986982210399,D3:F4:55:AB:96:20,-63
BLE,1704633987170874856,D3:F4:55:AB:96:20,-48
BLE,1704633987549955841,D3:F4:55:AB:96:20,-48
BLE,1704633987620997411,DF:DF:EE:00:00:04,-53
BLE,1704633987932650802,D3:F4:55:AB:96:20,-63
BLE,1704633988513264575,D3:F4:55:AB:96:20,-62
BLE,1704633988626723530,DF:DF:EE:00:00:04,-55
BLE,1704633988700820580,D3:F4:55:AB:96:20,-62
BLE,1704633988898891433,D3:F4:55:AB:96:20,-63
BLE,1704633989094415927,D3:F4:55:AB:96:20,-62
BLE,1704633989167947065,DF:DF:EE:00:00:04,-55
BLE,1704633989286023823,D3:F4:55:AB:96:20,-61
BLE,1704633989618884240,DF:DF:EE:00:00:04,-55
BLE,1704633989757776193,DF:A6:DC:DC:2E:81,-82
BLE,1704633989757788901,DF:DF:EE:00:00:01,-82
BLE,1704633990043964794,D3:F4:55:AB:96:20,-62
BLE,1704633990158869365,DF:DF:EE:00:00:04,-55
BLE,1704633990816625502,D3:F4:55:AB:96:20,-48
BLE,1704633991203389436,D3:F4:55:AB:96:20,-62
BLE,1704633991618997178,DF:DF:EE:00:00:04,-55
BLE,1704633992161237372,DF:DF:EE:00:00:04,-56
BLE,1704633992304401214,DF:A6:DC:DC:2E:81,-79
BLE,1704633992304436881,DF:DF:EE:00:00:01,-79
BLE,1704633992543489086,D3:F4:55:AB:96:20,-64
BLE,1704633993127763877,DF:DF:EE:00:00:04,-55
BLE,1704633993313159480,D3:F4:55:AB:96:20,-64
BLE,1704633993658582522,DF:DF:EE:00:00:04,-55
BLE,1704633993701019073,D3:F4:55:AB:96:20,-48
BLE,1704633993893314923,D3:F4:55:AB:96:20,-64
BLE,1704633994122353778,DF:DF:EE:00:00:04,-47
BLE,1704633994282765922,D3:F4:55:AB:96:20,-61
BLE,1704633995050317497,D3:F4:55:AB:96:20,-62
BLE,1704633996016068548,D3:F4:55:AB:96:20,-64
BLE,1704633996797268531,D3:F4:55:AB:96:20,-64
BLE,1704633996939958251,DF:DF:EE:00:00:04,-55
BLE,1704633996992564694,D3:F4:55:AB:96:20,-63
BLE,1704633997182611808,D3:F4:55:AB:96:20,-61
BLE,1704633997755062552,D3:F4:55:AB:96:20,-62
BLE,1704633998400480270,DF:DF:EE:00:00:04,-38
BLE,1704633998667751122,DF:A6:DC:DC:2E:81,-83
BLE,1704633998667792038,DF:DF:EE:00:00:01,-83
BLE,1704633998909364102,D3:F4:55:AB:96:20,-63
BLE,1704633998937385875,DF:DF:EE:00:00:04,-51
BLE,1704633999104043102,D3:F4:55:AB:96:20,-62
BLE,1704633999293678219,D3:F4:55:AB:96:20,-62
BLE,1704633999876476769,D3:F4:55:AB:96:20,-64
BLE,1704633999935265254,DF:DF:EE:00:00:04,-40
BLE,1704634000067282378,D3:F4:55:AB:96:20,-62
BLE,1704634000402750653,DF:DF:EE:00:00:04,-61
BLE,1704634000461422388,D3:F4:55:AB:96:20,-63
BLE,1704634000650842048,D3:F4:55:AB:96:20,-61
BLE,1704634000941981617,DF:DF:EE:00:00:04,-54
BLE,1704634001233535016,D3:F4:55:AB:96:20,-61
BLE,1704634001905434558,DF:DF:EE:00:00:04,-55
BLE,1704634002189427799,D3:F4:55:AB:96:20,-62
BLE,1704634002380468240,D3:F4:55:AB:96:20,-48
BLE,1704634002574798951,D3:F4:55:AB:96:20,-84
BLE,1704634002764074862,D3:F4:55:AB:96:20,-61
BLE,1704634002962414254,D3:F4:55:AB:96:20,-63
BLE,1704634003149121265,D3:F4:55:AB:96:20,-62
BLE,1704634003536783568,D3:F4:55:AB:96:20,-62
BLE,1704634003726870516,D3:F4:55:AB:96:20,-64
BLE,1704634004309995522,D3:F4:55:AB:96:20,-64
BLE,1704634004497222238,D3:F4:55:AB:96:20,-63
BLE,1704634004877832755,D3:F4:55:AB:96:20,-61
BLE,1704634005178688425,DF:DF:EE:00:00:04,-53
BLE,1704634005445622654,D3:F4:55:AB:96:20,-63
BLE,1704634005639785783,D3:F4:55:AB:96:20,-58
BLE,1704634006023609028,D3:F4:55:AB:96:20,-63
BLE,1704634006217548116,D3:F4:55:AB:96:20,-62
BLE,1704634006809031609,D3:F4:55:AB:96:20,-62
BLE,1704634007184184536,DF:DF:EE:00:00:04,-53
BLE,1704634007574266407,D3:F4:55:AB:96:20,-62
BLE,1704634007714307019,DF:DF:EE:00:00:04,-54
BLE,1704634008149978504,D3:F4:55:AB:96:20,-64
BLE,1704634008179332351,DF:DF:EE:00:00:04,-55
BLE,1704634008339262206,D3:F4:55:AB:96:20,-63
BLE,1704634008715597960,DF:DF:EE:00:00:04,-55
BLE,1704634008843291862,DF:A6:DC:DC:2E:81,-84
BLE,1704634008843315154,DF:DF:EE:00:00:01,-84
BLE,1704634008921711842,D3:F4:55:AB:96:20,-64
BLE,1704634009310855427,D3:F4:55:AB:96:20,-61
BLE,1704634009718997178,DF:DF:EE:00:00:04,-70
BLE,1704634009787835179,DF:DF:EE:00:00:04,-54
BLE,1704634010071786587,D3:F4:55:AB:96:20,-63
BLE,1704634011596293723,D3:F4:55:AB:96:20,-62
BLE,1704634011681972279,DF:DF:EE:00:00:04,-55
BLE,1704634011971445900,D3:F4:55:AB:96:20,-62
BLE,1704634012349246686,D3:F4:55:AB:96:20,-61
BLE,1704634012667485658,DF:A6:DC:DC:2E:81,-83
BLE,1704634012667519199,DF:DF:EE:00:00:01,-83
BLE,1704634012737810816,D3:F4:55:AB:96:20,-62
BLE,1704634013319669997,D3:F4:55:AB:96:20,-62
BLE,1704634013705837394,D3:F4:55:AB:96:20,-63
BLE,1704634013950907559,DF:DF:EE:00:00:04,-55
BLE,1704634014288044781,D3:F4:55:AB:96:20,-61
BLE,1704634014478998514,D3:F4:55:AB:96:20,-63
BLE,1704634014492359676,DF:DF:EE:00:00:04,-54
BLE,1704634014666878309,D3:F4:55:AB:96:20,-58
BLE,1704634014855894722,D3:F4:55:AB:96:20,-62
BLE,1704634015433612306,D3:F4:55:AB:96:20,-62
BLE,1704634015493052620,DF:DF:EE:00:00:04,-41
BLE,1704634015627918100,D3:F4:55:AB:96:20,-62
BLE,1704634015815752062,D3:F4:55:AB:96:20,-61
BLE,1704634015954929889,DF:DF:EE:00:00:04,-55
BLE,1704634016013045795,D3:F4:55:AB:96:20,-80
BLE,1704634016489398010,DF:A6:DC:DC:2E:81,-83
BLE,1704634016489433801,DF:DF:EE:00:00:01,-83
BLE,1704634016496929043,DF:DF:EE:00:00:04,-54
BLE,1704634016585603830,D3:F4:55:AB:96:20,-62
BLE,1704634016775275530,D3:F4:55:AB:96:20,-64
BLE,1704634016952399604,DF:DF:EE:00:00:04,-51
BLE,1704634017155706131,D3:F4:55:AB:96:20,-58
BLE,1704634017345635746,D3:F4:55:AB:96:20,-63
BLE,1704634017490017788,DF:DF:EE:00:00:04,-55
BLE,1704634017541340989,D3:F4:55:AB:96:20,-63
BLE,1704634017734396333,D3:F4:55:AB:96:20,-62
BLE,1704634018117526374,D3:F4:55:AB:96:20,-62
BLE,1704634018957530676,DF:DF:EE:00:00:04,-55
BLE,1704634019458099272,D3:F4:55:AB:96:20,-63
BLE,1704634020029489023,D3:F4:55:AB:96:20,-63
BLE,1704634020226865755,DF:DF:EE:00:00:04,-55
BLE,1704634020316769867,DF:A6:DC:DC:2E:81,-83
BLE,1704634020316790408,DF:DF:EE:00:00:01,-83
BLE,1704634020768499078,DF:DF:EE:00:00:04,-53
BLE,1704634020794324157,D3:F4:55:AB:96:20,-62
BLE,1704634021230987427,DF:DF:EE:00:00:04,-55
BLE,1704634021375001388,D3:F4:55:AB:96:20,-48
BLE,1704634021569437348,D3:F4:55:AB:96:20,-64
BLE,1704634021764324263,DF:DF:EE:00:00:04,-43
BLE,1704634021953129677,D3:F4:55:AB:96:20,-64
BLE,1704634022228457476,DF:DF:EE:00:00:04,-47
BLE,1704634022765339539,DF:DF:EE:00:00:04,-53
BLE,1704634023119093567,D3:F4:55:AB:96:20,-64
BLE,1704634023224471993,DF:DF:EE:00:00:04,-54
BLE,1704634023505470378,D3:F4:55:AB:96:20,-59
BLE,1704634023694117502,D3:F4:55:AB:96:20,-63
BLE,1704634023771420072,DF:DF:EE:00:00:04,-55
BLE,1704634024086435107,D3:F4:55:AB:96:20,-64
BLE,1704634024229241993,DF:DF:EE:00:00:04,-54
BLE,1704634024765977057,DF:DF:EE:00:00:04,-55
BLE,1704634024850991118,D3:F4:55:AB:96:20,-53
BLE,1704634025041575812,D3:F4:55:AB:96:20,-63
BLE,1704634025230017437,DF:DF:EE:00:00:04,-39
BLE,1704634025233650704,D3:F4:55:AB:96:20,-47
BLE,1704634025618242153,D3:F4:55:AB:96:20,-63
BLE,1704634025765778591,DF:DF:EE:00:00:04,-54
BLE,1704634025838831064,DF:DF:EE:00:00:04,-55
BLE,1704634025840336929,DF:DF:EE:00:00:04,-55
BLE,1704634026191507600,D3:F4:55:AB:96:20,-62
BLE,1704634026272665186,DF:DF:EE:00:00:04,-54
BLE,1704634026383001912,D3:F4:55:AB:96:20,-63
BLE,1704634026570555293,D3:F4:55:AB:96:20,-61
BLE,1704634026684790202,DF:A6:DC:DC:2E:81,-73
BLE,1704634026684826577,DF:DF:EE:00:00:01,-73
BLE,1704634026732559052,DF:DF:EE:00:00:04,-50
BLE,1704634026760673865,D3:F4:55:AB:96:20,-62
BLE,1704634027142934037,D3:F4:55:AB:96:20,-62
BLE,1704634027336963792,D3:F4:55:AB:96:20,-61
BLE,1704634027526040954,D3:F4:55:AB:96:20,-64
BLE,1704634027715126491,D3:F4:55:AB:96:20,-62
BLE,1704634027725904753,DF:DF:EE:00:00:04,-55
BLE,1704634028101681551,D3:F4:55:AB:96:20,-62
BLE,1704634028293078240,D3:F4:55:AB:96:20,-64
BLE,1704634028481329908,D3:F4:55:AB:96:20,-53
BLE,1704634028728652225,DF:DF:EE:00:00:04,-39
BLE,1704634028868926545,D3:F4:55:AB:96:20,-61
BLE,1704634029642882868,D3:F4:55:AB:96:20,-64
BLE,1704634029726656562,DF:DF:EE:00:00:04,-39
BLE,1704634030228140319,D3:F4:55:AB:96:20,-63
BLE,1704634031184672806,D3:F4:55:AB:96:20,-62
BLE,1704634031541938352,DF:DF:EE:00:00:04,-49
BLE,1704634031567401808,D3:F4:55:AB:96:20,-61
BLE,1704634031763338717,D3:F4:55:AB:96:20,-62
BLE,1704634031954356033,D3:F4:55:AB:96:20,-63
BLE,1704634032145639597,D3:F4:55:AB:96:20,-47
BLE,1704634032333014979,D3:F4:55:AB:96:20,-63
BLE,1704634032714155159,D3:F4:55:AB:96:20,-62
BLE,1704634033003799237,DF:DF:EE:00:00:04,-38
BLE,1704634033292597446,D3:F4:55:AB:96:20,-64
BLE,1704634033479638163,D3:F4:55:AB:96:20,-63
BLE,1704634033673134338,D3:F4:55:AB:96:20,-64
BLE,1704634033861524838,D3:F4:55:AB:96:20,-63
BLE,1704634034005780881,DF:DF:EE:00:00:04,-54
BLE,1704634034433450294,D3:F4:55:AB:96:20,-48
BLE,1704634034537018440,DF:DF:EE:00:00:04,-54
BLE,1704634034627608630,D3:F4:55:AB:96:20,-63
BLE,1704634035209923809,D3:F4:55:AB:96:20,-61
BLE,1704634035398581682,D3:F4:55:AB:96:20,-62
BLE,1704634035593060267,DF:A6:DC:DC:2E:81,-82
BLE,1704634035593081517,DF:DF:EE:00:00:01,-82
BLE,1704634035594336008,D3:F4:55:AB:96:20,-63
BLE,1704634035786857064,D3:F4:55:AB:96:20,-62
BLE,1704634035973347911,D3:F4:55:AB:96:20,-61
BLE,1704634036000327982,DF:DF:EE:00:00:04,-54
BLE,1704634036162444864,D3:F4:55:AB:96:20,-63
BLE,1704634036358592480,D3:F4:55:AB:96:20,-62
BLE,1704634036546989188,D3:F4:55:AB:96:20,-63
BLE,1704634036607732577,DF:DF:EE:00:00:04,-38
BLE,1704634036739562660,D3:F4:55:AB:96:20,-61
BLE,1704634036937688804,D3:F4:55:AB:96:20,-64
BLE,1704634037326145685,D3:F4:55:AB:96:20,-62
BLE,1704634037523602417,D3:F4:55:AB:96:20,-62
BLE,1704634037709736682,D3:F4:55:AB:96:20,-61
BLE,1704634037776177450,DF:DF:EE:00:00:04,-53
BLE,1704634038100934420,D3:F4:55:AB:96:20,-64
BLE,1704634038293273269,D3:F4:55:AB:96:20,-62
BLE,1704634038489872631,D3:F4:55:AB:96:20,-64
BLE,1704634038877939932,D3:F4:55:AB:96:20,-63
BLE,1704634039059053230,DF:DF:EE:00:00:04,-54
BLE,1704634039267045475,D3:F4:55:AB:96:20,-62
BLE,1704634039416659983,DF:A6:DC:DC:2E:81,-83
BLE,1704634039416697066,DF:DF:EE:00:00:01,-83
BLE,1704634039650705097,D3:F4:55:AB:96:20,-62
BLE,1704634039840929418,D3:F4:55:AB:96:20,-63
BLE,1704634040027881761,D3:F4:55:AB:96:20,-61
BLE,1704634040054600250,DF:DF:EE:00:00:04,-53
BLE,1704634040414963568,D3:F4:55:AB:96:20,-62
BLE,1704634040601261998,DF:DF:EE:00:00:04,-51
BLE,1704634040606469172,D3:F4:55:AB:96:20,-64
BLE,1704634040804204527,D3:F4:55:AB:96:20,-62
BLE,1704634041191051752,D3:F4:55:AB:96:20,-64
BLE,1704634041770982946,D3:F4:55:AB:96:20,-64
BLE,1704634041963357045,DF:A6:DC:DC:2E:81,-77
BLE,1704634041963421336,DF:DF:EE:00:00:01,-77
BLE,1704634042330014321,DF:DF:EE:00:00:04,-54
BLE,1704634042544268233,D3:F4:55:AB:96:20,-62
BLE,1704634042740933053,D3:F4:55:AB:96:20,-62
BLE,1704634042875852449,DF:DF:EE:00:00:04,-55
BLE,1704634042935012890,D3:F4:55:AB:96:20,-64
BLE,1704634043319883587,D3:F4:55:AB:96:20,-62
BLE,1704634043332029298,DF:DF:EE:00:00:04,-54
BLE,1704634044471231532,D3:F4:55:AB:96:20,-63
BLE,1704634044873536029,DF:DF:EE:00:00:04,-40
BLE,1704634045045008183,D3:F4:55:AB:96:20,-61
BLE,1704634045239667850,D3:F4:55:AB:96:20,-62
BLE,1704634045329477504,DF:DF:EE:00:00:04,-55
BLE,1704634045629599638,D3:F4:55:AB:96:20,-62
BLE,1704634045788472376,DF:A6:DC:DC:2E:81,-83
BLE,1704634045788505167,DF:DF:EE:00:00:01,-83
BLE,1704634046012878054,D3:F4:55:AB:96:20,-62
BLE,1704634046594688485,D3:F4:55:AB:96:20,-61
BLE,1704634046609051598,DF:DF:EE:00:00:04,-55
BLE,1704634046977256655,D3:F4:55:AB:96:20,-62
BLE,1704634047137353468,DF:DF:EE:00:00:04,-53
BLE,1704634047363164303,D3:F4:55:AB:96:20,-61
BLE,1704634048143390294,DF:DF:EE:00:00:04,-56
BLE,1704634048709911368,D3:F4:55:AB:96:20,-61
BLE,1704634049096604970,D3:F4:55:AB:96:20,-62
BLE,1704634049287142247,D3:F4:55:AB:96:20,-64
BLE,1704634049478468144,D3:F4:55:AB:96:20,-61
BLE,1704634049670436496,D3:F4:55:AB:96:20,-48
BLE,1704634049882611922,DF:DF:EE:00:00:04,-53
BLE,1704634050058344547,D3:F4:55:AB:96:20,-47
BLE,1704634050247275586,D3:F4:55:AB:96:20,-63
BLE,1704634050632230448,D3:F4:55:AB:96:20,-64
BLE,1704634051163145259,DF:DF:EE:00:00:04,-38
BLE,1704634051390530292,D3:F4:55:AB:96:20,-62
BLE,1704634051976110782,D3:F4:55:AB:96:20,-62
BLE,1704634052161804717,DF:DF:EE:00:00:04,-54
BLE,1704634052558532585,D3:F4:55:AB:96:20,-62
BLE,1704634052953692422,D3:F4:55:AB:96:20,-58
BLE,1704634053443491797,DF:DF:EE:00:00:04,-55
BLE,1704634053520484745,D3:F4:55:AB:96:20,-64
BLE,1704634053706962882,D3:F4:55:AB:96:20,-62
BLE,1704634053898657652,D3:F4:55:AB:96:20,-63
BLE,1704634054087273859,D3:F4:55:AB:96:20,-53
BLE,1704634054469209575,D3:F4:55:AB:96:20,-61
BLE,1704634054855313347,D3:F4:55:AB:96:20,-62
BLE,1704634055047611821,D3:F4:55:AB:96:20,-63
BLE,1704634055235365617,D3:F4:55:AB:96:20,-61
BLE,1704634055433435720,D3:F4:55:AB:96:20,-64
BLE,1704634055991947973,DF:DF:EE:00:00:04,-56
BLE,1704634056018057591,D3:F4:55:AB:96:20,-48
BLE,1704634056210763938,D3:F4:55:AB:96:20,-62
BLE,1704634056401071967,D3:F4:55:AB:96:20,-64
BLE,1704634056587149524,D3:F4:55:AB:96:20,-61
BLE,1704634056781150945,D3:F4:55:AB:96:20,-63
BLE,1704634056967786248,D3:F4:55:AB:96:20,-62
BLE,1704634057157771655,D3:F4:55:AB:96:20,-48
BLE,1704634057262756667,DF:DF:EE:00:00:04,-53
BLE,1704634057806108187,DF:DF:EE:00:00:04,-40
BLE,1704634058263316278,DF:DF:EE:00:00:04,-52
BLE,1704634058320899396,D3:F4:55:AB:96:20,-62
BLE,1704634058518611418,DF:A6:DC:DC:2E:81,-84
BLE,1704634058518653168,DF:DF:EE:00:00:01,-84
BLE,1704634058708418492,D3:F4:55:AB:96:20,-62
BLE,1704634058897920651,D3:F4:55:AB:96:20,-62
BLE,1704634059086142319,D3:F4:55:AB:96:20,-62
BLE,1704634059283687925,D3:F4:55:AB:96:20,-63
BLE,1704634059472521214,D3:F4:55:AB:96:20,-62
BLE,1704634059806134084,DF:DF:EE:00:00:04,-54
BLE,1704634060048665475,D3:F4:55:AB:96:20,-48
BLE,1704634060237711179,D3:F4:55:AB:96:20,-64
BLE,1704634060630050076,D3:F4:55:AB:96:20,-59
BLE,1704634060814846684,D3:F4:55:AB:96:20,-63
BLE,1704634061593246353,D3:F4:55:AB:96:20,-64
BLE,1704634061783981129,D3:F4:55:AB:96:20,-62
BLE,1704634061972729168,D3:F4:55:AB:96:20,-64
BLE,1704634062164689353,D3:F4:55:AB:96:20,-62
BLE,1704634062355670128,D3:F4:55:AB:96:20,-64
BLE,1704634062539271576,DF:DF:EE:00:00:04,-55
BLE,1704634062932883632,D3:F4:55:AB:96:20,-61
BLE,1704634063123147619,D3:F4:55:AB:96:20,-63
BLE,1704634063314914264,D3:F4:55:AB:96:20,-63
BLE,1704634063698802883,D3:F4:55:AB:96:20,-61
BLE,1704634063817282681,DF:DF:EE:00:00:04,-55
BLE,1704634063893740298,D3:F4:55:AB:96:20,-62
BLE,1704634064080293852,D3:F4:55:AB:96:20,-57
BLE,1704634064272194621,D3:F4:55:AB:96:20,-62
BLE,1704634064358637839,DF:DF:EE:00:00:04,-55
BLE,1704634064459373879,D3:F4:55:AB:96:20,-61
BLE,1704634064648972705,D3:F4:55:AB:96:20,-63
BLE,1704634064813622946,DF:DF:EE:00:00:04,-55
BLE,1704634064840942931,D3:F4:55:AB:96:20,-58
BLE,1704634064891205639,DF:A6:DC:DC:2E:81,-84
BLE,1704634064891236431,DF:DF:EE:00:00:01,-84
BLE,1704634065031271960,D3:F4:55:AB:96:20,-62
BLE,1704634066083734852,DF:DF:EE:00:00:04,-54
BLE,1704634066191665220,D3:F4:55:AB:96:20,-62
BLE,1704634066622827276,DF:DF:EE:00:00:04,-54
BLE,1704634067158330723,D3:F4:55:AB:96:20,-57
BLE,1704634067928126116,D3:F4:55:AB:96:20,-63
BLE,1704634068122678283,D3:F4:55:AB:96:20,-71
BLE,1704634068309755292,D3:F4:55:AB:96:20,-63
BLE,1704634068895359490,D3:F4:55:AB:96:20,-61
BLE,1704634069472443162,D3:F4:55:AB:96:20,-62
BLE,1704634069663750976,D3:F4:55:AB:96:20,-48
BLE,1704634069853688424,D3:F4:55:AB:96:20,-64
BLE,1704634070243833961,D3:F4:55:AB:96:20,-52
BLE,1704634070902664631,DF:DF:EE:00:00:04,-40
BLE,1704634071010018502,D3:F4:55:AB:96:20,-61
BLE,1704634071361224589,DF:DF:EE:00:00:04,-52
BLE,1704634071393925205,D3:F4:55:AB:96:20,-58
BLE,1704634072171604213,D3:F4:55:AB:96:20,-63
BLE,1704634072559222016,D3:F4:55:AB:96:20,-62
BLE,1704634072943938839,D3:F4:55:AB:96:20,-61
BLE,1704634073709513134,D3:F4:55:AB:96:20,-57
BLE,1704634074286589097,D3:F4:55:AB:96:20,-62
BLE,1704634074360259900,DF:DF:EE:00:00:04,-54
BLE,1704634074671786750,D3:F4:55:AB:96:20,-63
BLE,1704634075829195905,D3:F4:55:AB:96:20,-62
BLE,1704634076339998682,DF:A6:DC:DC:2E:81,-82
BLE,1704634076340036391,DF:DF:EE:00:00:01,-82
BLE,1704634076410078301,D3:F4:55:AB:96:20,-61
BLE,1704634076794030337,D3:F4:55:AB:96:20,-63
BLE,1704634076986452685,D3:F4:55:AB:96:20,-62
BLE,1704634077173947566,D3:F4:55:AB:96:20,-61
BLE,1704634077683870600,DF:DF:EE:00:00:04,-55
BLE,1704634077758485022,D3:F4:55:AB:96:20,-61
BLE,1704634078140005490,D3:F4:55:AB:96:20,-62
BLE,1704634078224684720,DF:DF:EE:00:00:04,-56
BLE,1704634078525067602,D3:F4:55:AB:96:20,-63
BLE,1704634078680869402,DF:DF:EE:00:00:04,-54
BLE,1704634079099954122,D3:F4:55:AB:96:20,-64
BLE,1704634079228671893,DF:DF:EE:00:00:04,-55
BLE,1704634079289031076,D3:F4:55:AB:96:20,-61
BLE,1704634079482516167,D3:F4:55:AB:96:20,-64
BLE,1704634079687548015,DF:DF:EE:00:00:04,-57
BLE,1704634080442175883,D3:F4:55:AB:96:20,-63
BLE,1704634080633473656,D3:F4:55:AB:96:20,-63
BLE,1704634080686650053,DF:DF:EE:00:00:04,-53
BLE,1704634081013674925,D3:F4:55:AB:96:20,-64
BLE,1704634081222816204,DF:DF:EE:00:00:04,-54
BLE,1704634081394655647,D3:F4:55:AB:96:20,-62
BLE,1704634081774151338,D3:F4:55:AB:96:20,-48
BLE,1704634082149292349,D3:F4:55:AB:96:20,-64
BLE,1704634082343467894,D3:F4:55:AB:96:20,-64
BLE,1704634082534971874,D3:F4:55:AB:96:20,-62
BLE,1704634083226519494,DF:DF:EE:00:00:04,-43
BLE,1704634083509077369,D3:F4:55:AB:96:20,-64
BLE,1704634084271669352,D3:F4:55:AB:96:20,-48
BLE,1704634084463739619,D3:F4:55:AB:96:20,-63
BLE,1704634084661967346,D3:F4:55:AB:96:20,-64
BLE,1704634085241643541,D3:F4:55:AB:96:20,-59
BLE,1704634085250747773,DF:A6:DC:DC:2E:81,-72
BLE,1704634085250813231,DF:DF:EE:00:00:01,-72
BLE,1704634085434161514,D3:F4:55:AB:96:20,-62
BLE,1704634085628834973,D3:F4:55:AB:96:20,-63
BLE,1704634085822348689,D3:F4:55:AB:96:20,-64
BLE,1704634086016609025,D3:F4:55:AB:96:20,-61
BLE,1704634086213692259,D3:F4:55:AB:96:20,-63
BLE,1704634086401927844,D3:F4:55:AB:96:20,-48
BLE,1704634086593607572,D3:F4:55:AB:96:20,-47
BLE,1704634086738808359,DF:DF:EE:00:00:04,-54
BLE,1704634086782418486,D3:F4:55:AB:96:20,-48
BLE,1704634086978434435,D3:F4:55:AB:96:20,-48
BLE,1704634087554128074,D3:F4:55:AB:96:20,-48
BLE,1704634088137203081,D3:F4:55:AB:96:20,-63
BLE,1704634089282445025,D3:F4:55:AB:96:20,-63
BLE,1704634089293859074,DF:DF:EE:00:00:04,-56
BLE,1704634090803753015,D3:F4:55:AB:96:20,-62
BLE,1704634090990621067,D3:F4:55:AB:96:20,-48
BLE,1704634091183623120,D3:F4:55:AB:96:20,-48
BLE,1704634091377160710,D3:F4:55:AB:96:20,-63
BLE,1704634092346512029,D3:F4:55:AB:96:20,-64
BLE,1704634092565133204,DF:DF:EE:00:00:04,-53
BLE,1704634092731010062,D3:F4:55:AB:96:20,-64
BLE,1704634092881605021,DF:A6:DC:DC:2E:81,-82
BLE,1704634092881656562,DF:DF:EE:00:00:01,-82
BLE,1704634093110839125,DF:DF:EE:00:00:04,-55
BLE,1704634093305214461,D3:F4:55:AB:96:20,-62
BLE,1704634093501687282,D3:F4:55:AB:96:20,-62
BLE,1704634093885858567,D3:F4:55:AB:96:20,-62
BLE,1704634094074392357,D3:F4:55:AB:96:20,-63
BLE,1704634094110336994,DF:DF:EE:00:00:04,-56
BLE,1704634094268025948,D3:F4:55:AB:96:20,-63
BLE,1704634094457263776,D3:F4:55:AB:96:20,-63
BLE,1704634094564642063,DF:DF:EE:00:00:04,-60
BLE,1704634095106868883,DF:DF:EE:00:00:04,-54
BLE,1704634095225882135,D3:F4:55:AB:96:20,-64
BLE,1704634095416138664,D3:F4:55:AB:96:20,-53
BLE,1704634095604173708,D3:F4:55:AB:96:20,-62
BLE,1704634095795338232,D3:F4:55:AB:96:20,-64
BLE,1704634095982845613,D3:F4:55:AB:96:20,-61
BLE,1704634096562488350,D3:F4:55:AB:96:20,-63
BLE,1704634096755900900,D3:F4:55:AB:96:20,-63
BLE,1704634097145443983,D3:F4:55:AB:96:20,-63
BLE,1704634097333979607,D3:F4:55:AB:96:20,-57
BLE,1704634097530652135,D3:F4:55:AB:96:20,-64
BLE,1704634097880654188,DF:DF:EE:00:00:04,-54
BLE,1704634097917030947,D3:F4:55:AB:96:20,-48
BLE,1704634098107763431,D3:F4:55:AB:96:20,-63
BLE,1704634098299139787,D3:F4:55:AB:96:20,-62
BLE,1704634098341629880,DF:DF:EE:00:00:04,-55
BLE,1704634098879504811,D3:F4:55:AB:96:20,-64
BLE,1704634099069210844,D3:F4:55:AB:96:20,-62
BLE,1704634099250081353,DF:A6:DC:DC:2E:81,-83
BLE,1704634099250126019,DF:DF:EE:00:00:01,-83
BLE,1704634099342866779,DF:DF:EE:00:00:04,-54
BLE,1704634099454237873,D3:F4:55:AB:96:20,-62
BLE,1704634099649818451,D3:F4:55:AB:96:20,-61
BLE,1704634099847420473,D3:F4:55:AB:96:20,-54
BLE,1704634100033802153,D3:F4:55:AB:96:20,-62
BLE,1704634100227986032,D3:F4:55:AB:96:20,-58
BLE,1704634100344960547,DF:DF:EE:00:00:04,-56
BLE,1704634100420043757,D3:F4:55:AB:96:20,-62
BLE,1704634100610509327,D3:F4:55:AB:96:20,-63
BLE,1704634100804051043,D3:F4:55:AB:96:20,-62
BLE,1704634100884077804,DF:DF:EE:00:00:04,-57
BLE,1704634100992626750,D3:F4:55:AB:96:20,-62
BLE,1704634101184926724,D3:F4:55:AB:96:20,-58
BLE,1704634101344500791,DF:DF:EE:00:00:04,-54
BLE,1704634101571085412,D3:F4:55:AB:96:20,-62
BLE,1704634101759963409,D3:F4:55:AB:96:20,-63
BLE,1704634101790801913,DF:A6:DC:DC:2E:81,-85
BLE,1704634101790817788,DF:DF:EE:00:00:01,-85
BLE,1704634102144112861,D3:F4:55:AB:96:20,-64
BLE,1704634102332047947,D3:F4:55:AB:96:20,-61
BLE,1704634102341291136,DF:DF:EE:00:00:04,-55
BLE,1704634102954067237,DF:DF:EE:00:00:04,-55
BLE,1704634103295445514,D3:F4:55:AB:96:20,-63
BLE,1704634103384596672,DF:DF:EE:00:00:04,-54
BLE,1704634103489199354,D3:F4:55:AB:96:20,-64
BLE,1704634103678235141,D3:F4:55:AB:96:20,-52
BLE,1704634104061623681,D3:F4:55:AB:96:20,-62
BLE,1704634104375637806,DF:DF:EE:00:00:04,-71
BLE,1704634104639495889,D3:F4:55:AB:96:20,-77
BLE,1704634105024897498,D3:F4:55:AB:96:20,-63
BLE,1704634105403495320,D3:F4:55:AB:96:20,-63
BLE,1704634105789071345,D3:F4:55:AB:96:20,-64
BLE,1704634106372963055,D3:F4:55:AB:96:20,-64
BLE,1704634106760172986,D3:F4:55:AB:96:20,-61
BLE,1704634106956821181,D3:F4:55:AB:96:20,-64
BLE,1704634107144428228,D3:F4:55:AB:96:20,-64
BLE,1704634107339332352,D3:F4:55:AB:96:20,-63
BLE,1704634107532555111,D3:F4:55:AB:96:20,-53
BLE,1704634107921560739,D3:F4:55:AB:96:20,-83
BLE,1704634108111140689,D3:F4:55:AB:96:20,-63
BLE,1704634108398811739,DF:DF:EE:00:00:04,-55
BLE,1704634109078175190,D3:F4:55:AB:96:20,-62
BLE,1704634109661846485,D3:F4:55:AB:96:20,-62
BLE,1704634109861201745,D3:F4:55:AB:96:20,-65
BLE,1704634110247425058,D3:F4:55:AB:96:20,-63
BLE,1704634110627252788,D3:F4:55:AB:96:20,-62
BLE,1704634111011443072,D3:F4:55:AB:96:20,-61
BLE,1704634111929203900,DF:DF:EE:00:00:04,-55
BLE,1704634111974177435,D3:F4:55:AB:96:20,-64
BLE,1704634112160614740,D3:F4:55:AB:96:20,-62
BLE,1704634112395477598,DF:DF:EE:00:00:04,-55
BLE,1704634112542669955,D3:F4:55:AB:96:20,-62
BLE,1704634112738753321,D3:F4:55:AB:96:20,-64
BLE,1704634112999894130,DF:DF:EE:00:00:04,-53
BLE,1704634113322172992,D3:F4:55:AB:96:20,-64
BLE,1704634113510614950,D3:F4:55:AB:96:20,-62
BLE,1704634113894395154,D3:F4:55:AB:96:20,-76
BLE,1704634114087032084,D3:F4:55:AB:96:20,-63
BLE,1704634114162936747,DF:DF:EE:00:00:04,-43
BLE,1704634114473641061,D3:F4:55:AB:96:20,-64
BLE,1704634114660506779,D3:F4:55:AB:96:20,-63
BLE,1704634114706162102,DF:DF:EE:00:00:04,-55
BLE,1704634114854460951,D3:F4:55:AB:96:20,-64
BLE,1704634115165079307,DF:DF:EE:00:00:04,-55
BLE,1704634115622737187,D3:F4:55:AB:96:20,-54
BLE,1704634115708959032,DF:DF:EE:00:00:04,-66
BLE,1704634116701420156,DF:DF:EE:00:00:04,-55
BLE,1704634116968286344,D3:F4:55:AB:96:20,-59
BLE,1704634117066463234,DF:A6:DC:DC:2E:81,-85
BLE,1704634117066490442,DF:DF:EE:00:00:01,-85
BLE,1704634117157156966,D3:F4:55:AB:96:20,-62
BLE,1704634117166505945,DF:DF:EE:00:00:04,-54
BLE,1704634118118639795,D3:F4:55:AB:96:20,-62
BLE,1704634118704021161,DF:DF:EE:00:00:04,-54
BLE,1704634118880430241,D3:F4:55:AB:96:20,-59
BLE,1704634119611663973,DF:A6:DC:DC:2E:81,-85
BLE,1704634119611699889,DF:DF:EE:00:00:01,-85
BLE,1704634119651673082,D3:F4:55:AB:96:20,-61
BLE,1704634119843650392,D3:F4:55:AB:96:20,-64
BLE,1704634120421519433,D3:F4:55:AB:96:20,-48
BLE,1704634120614003739,D3:F4:55:AB:96:20,-63
BLE,1704634120807545789,D3:F4:55:AB:96:20,-62
BLE,1704634120975520674,DF:DF:EE:00:00:04,-51
BLE,1704634121000231802,D3:F4:55:AB:96:20,-64
BLE,1704634121197178912,D3:F4:55:AB:96:20,-63
BLE,1704634121430817404,DF:DF:EE:00:00:04,-42
BLE,1704634121773927211,D3:F4:55:AB:96:20,-62
BLE,1704634121962767374,D3:F4:55:AB:96:20,-64
BLE,1704634122158577742,D3:F4:55:AB:96:20,-63
BLE,1704634122544797971,D3:F4:55:AB:96:20,-62
BLE,1704634122701648139,DF:DF:EE:00:00:04,-53
BLE,1704634122737083279,D3:F4:55:AB:96:20,-62
BLE,1704634122929505961,D3:F4:55:AB:96:20,-47
BLE,1704634123684869033,D3:F4:55:AB:96:20,-48
BLE,1704634123702075710,DF:DF:EE:00:00:04,-54
BLE,1704634124063740602,D3:F4:55:AB:96:20,-62
BLE,1704634124246983012,DF:DF:EE:00:00:04,-38
BLE,1704634124259568053,D3:F4:55:AB:96:20,-64
BLE,1704634124453133477,D3:F4:55:AB:96:20,-48
BLE,1704634124643108550,D3:F4:55:AB:96:20,-63
BLE,1704634124694654458,DF:A6:DC:DC:2E:81,-83
BLE,1704634124694689333,DF:DF:EE:00:00:01,-83
BLE,1704634124704672767,DF:DF:EE:00:00:04,-49
BLE,1704634124829113233,D3:F4:55:AB:96:20,-62
BLE,1704634125242025827,DF:DF:EE:00:00:04,-55
BLE,1704634125589453480,D3:F4:55:AB:96:20,-63
BLE,1704634125779940175,D3:F4:55:AB:96:20,-63
BLE,1704634126542395449,D3:F4:55:AB:96:20,-49
BLE,1704634126735791666,D3:F4:55:AB:96:20,-63
BLE,1704634127122830974,D3:F4:55:AB:96:20,-62
BLE,1704634127234825605,DF:A6:DC:DC:2E:81,-82
BLE,1704634127234858939,DF:DF:EE:00:00:01,-82
BLE,1704634127507067466,D3:F4:55:AB:96:20,-61
BLE,1704634127699897728,D3:F4:55:AB:96:20,-74
BLE,1704634127886798613,D3:F4:55:AB:96:20,-62
BLE,1704634128269080744,D3:F4:55:AB:96:20,-47
BLE,1704634128461897090,D3:F4:55:AB:96:20,-63
BLE,1704634128655785345,D3:F4:55:AB:96:20,-62
BLE,1704634128975680723,DF:DF:EE:00:00:04,-55
BLE,1704634130200517680,D3:F4:55:AB:96:20,-64
BLE,1704634130591667168,D3:F4:55:AB:96:20,-62
BLE,1704634130973498635,D3:F4:55:AB:96:20,-48
BLE,1704634131361911724,D3:F4:55:AB:96:20,-49
BLE,1704634131739121680,D3:F4:55:AB:96:20,-47
BLE,1704634131930540202,D3:F4:55:AB:96:20,-62
BLE,1704634132120576608,D3:F4:55:AB:96:20,-62
BLE,1704634132254686676,DF:DF:EE:00:00:04,-39
BLE,1704634132309183815,D3:F4:55:AB:96:20,-64
BLE,1704634133247527214,DF:DF:EE:00:00:04,-54
BLE,1704634133260756918,D3:F4:55:AB:96:20,-64
BLE,1704634133447932885,D3:F4:55:AB:96:20,-61
BLE,1704634133831074885,D3:F4:55:AB:96:20,-62
BLE,1704634134209174626,D3:F4:55:AB:96:20,-57
BLE,1704634134255380653,DF:DF:EE:00:00:04,-71
BLE,1704634134984319442,D3:F4:55:AB:96:20,-63
BLE,1704634135177084913,D3:F4:55:AB:96:20,-62
BLE,1704634135253248574,DF:DF:EE:00:00:04,-55
BLE,1704634135368575892,D3:F4:55:AB:96:20,-48
BLE,1704634135748923077,D3:F4:55:AB:96:20,-62
BLE,1704634135789600266,DF:DF:EE:00:00:04,-53
BLE,1704634135856486947,DF:DF:EE:00:00:04,-53
BLE,1704634136147772389,DF:A6:DC:DC:2E:81,-82
BLE,1704634136147833597,DF:DF:EE:00:00:01,-82
BLE,1704634136510340276,D3:F4:55:AB:96:20,-62
BLE,1704634136702315044,D3:F4:55:AB:96:20,-62
BLE,1704634137473294012,D3:F4:55:AB:96:20,-63
BLE,1704634137671386198,D3:F4:55:AB:96:20,-47
BLE,1704634137746843655,DF:DF:EE:00:00:04,-53
BLE,1704634137857476005,D3:F4:55:AB:96:20,-48
BLE,1704634138049438106,D3:F4:55:AB:96:20,-64
BLE,1704634138285975162,DF:DF:EE:00:00:04,-55
BLE,1704634138434971590,D3:F4:55:AB:96:20,-63
BLE,1704634139006806546,D3:F4:55:AB:96:20,-63
BLE,1704634139580747155,D3:F4:55:AB:96:20,-64
BLE,1704634140347869107,D3:F4:55:AB:96:20,-62
BLE,1704634140570918878,DF:DF:EE:00:00:04,-55
BLE,1704634140729555700,D3:F4:55:AB:96:20,-48
BLE,1704634141027361099,DF:DF:EE:00:00:04,-55
BLE,1704634141307152118,D3:F4:55:AB:96:20,-64
BLE,1704634141689254333,D3:F4:55:AB:96:20,-62
BLE,1704634142265479718,D3:F4:55:AB:96:20,-63
BLE,1704634142647295310,D3:F4:55:AB:96:20,-63
BLE,1704634143797216056,DF:A6:DC:DC:2E:81,-73
BLE,1704634143797279556,DF:DF:EE:00:00:01,-73
BLE,1704634143997794267,D3:F4:55:AB:96:20,-61
BLE,1704634144196255492,D3:F4:55:AB:96:20,-63
BLE,1704634144302761785,DF:DF:EE:00:00:04,-54
BLE,1704634144387223142,D3:F4:55:AB:96:20,-62
BLE,1704634144577899627,D3:F4:55:AB:96:20,-63
BLE,1704634144848359999,DF:DF:EE:00:00:04,-51
BLE,1704634144961012752,D3:F4:55:AB:96:20,-62
BLE,1704634145149890624,D3:F4:55:AB:96:20,-62
BLE,1704634145342582303,D3:F4:55:AB:96:20,-63
BLE,1704634145530523640,D3:F4:55:AB:96:20,-48
BLE,1704634145915515127,D3:F4:55:AB:96:20,-48
BLE,1704634146304033383,D3:F4:55:AB:96:20,-62
BLE,1704634146306987738,DF:DF:EE:00:00:04,-63
BLE,1704634146837400969,DF:DF:EE:00:00:04,-54
BLE,1704634146881092888,D3:F4:55:AB:96:20,-63
BLE,1704634147077113879,D3:F4:55:AB:96:20,-64
BLE,1704634147272086419,D3:F4:55:AB:96:20,-64
BLE,1704634147302417884,DF:DF:EE:00:00:04,-55
BLE,1704634147464704391,D3:F4:55:AB:96:20,-62
BLE,1704634147854299723,D3:F4:55:AB:96:20,-63
BLE,1704634148240184413,D3:F4:55:AB:96:20,-63
BLE,1704634148582773723,DF:DF:EE:00:00:04,-56
BLE,1704634149122081478,DF:DF:EE:00:00:04,-56
BLE,1704634149196133404,D3:F4:55:AB:96:20,-48
BLE,1704634149577449916,DF:DF:EE:00:00:04,-56
BLE,1704634150156253576,D3:F4:55:AB:96:20,-83
BLE,1704634150345005282,D3:F4:55:AB:96:20,-62
BLE,1704634150579265477,DF:DF:EE:00:00:04,-55
BLE,1704634150733078540,D3:F4:55:AB:96:20,-64
BLE,1704634150924316230,D3:F4:55:AB:96:20,-64
BLE,1704634151505986121,D3:F4:55:AB:96:20,-63
BLE,1704634152657283191,D3:F4:55:AB:96:20,-62
BLE,1704634152844941904,D3:F4:55:AB:96:20,-61
BLE,1704634152858670480,DF:DF:EE:00:00:04,-54
BLE,1704634153425756426,D3:F4:55:AB:96:20,-61
BLE,1704634153810386624,D3:F4:55:AB:96:20,-62
BLE,1704634153861155245,DF:DF:EE:00:00:04,-55
BLE,1704634154004003631,D3:F4:55:AB:96:20,-62
BLE,1704634154199020921,D3:F4:55:AB:96:20,-64
BLE,1704634154395550742,DF:DF:EE:00:00:04,-47
BLE,1704634154589039666,D3:F4:55:AB:96:20,-63
BLE,1704634155547191643,D3:F4:55:AB:96:20,-62
BLE,1704634155738470541,D3:F4:55:AB:96:20,-62
BLE,1704634155933874202,D3:F4:55:AB:96:20,-63
BLE,1704634156314317303,D3:F4:55:AB:96:20,-62
BLE,1704634156398848826,DF:DF:EE:00:00:04,-55
BLE,1704634156504703374,D3:F4:55:AB:96:20,-63
BLE,1704634156692751793,D3:F4:55:AB:96:20,-62
BLE,1704634156852796731,DF:DF:EE:00:00:04,-55
BLE,1704634156884334938,D3:F4:55:AB:96:20,-62
BLE,1704634157069625542,D3:F4:55:AB:96:20,-52
BLE,1704634157401340342,DF:DF:EE:00:00:04,-40
BLE,1704634157453393955,D3:F4:55:AB:96:20,-62
BLE,1704634157648652284,D3:F4:55:AB:96:20,-62
BLE,1704634157843075994,D3:F4:55:AB:96:20,-62
BLE,1704634157852555515,DF:DF:EE:00:00:04,-55
BLE,1704634158033439815,D3:F4:55:AB:96:20,-63
BLE,1704634158227953857,D3:F4:55:AB:96:20,-64
BLE,1704634158420933077,D3:F4:55:AB:96:20,-48
BLE,1704634159186604414,D3:F4:55:AB:96:20,-61
BLE,1704634159380875792,D3:F4:55:AB:96:20,-59
BLE,1704634159957319884,D3:F4:55:AB:96:20,-48
BLE,1704634160168780439,DF:DF:EE:00:00:04,-56
BLE,1704634160719885283,D3:F4:55:AB:96:20,-63
BLE,1704634160914742199,D3:F4:55:AB:96:20,-82
BLE,1704634161106777091,D3:F4:55:AB:96:20,-64
BLE,1704634161168760430,DF:DF:EE:00:00:04,-54
BLE,1704634161300088184,D3:F4:55:AB:96:20,-61
BLE,1704634161488769307,D3:F4:55:AB:96:20,-62
BLE,1704634161635037045,DF:DF:EE:00:00:04,-56
BLE,1704634162067254636,D3:F4:55:AB:96:20,-61
BLE,1704634162259667568,D3:F4:55:AB:96:20,-64
BLE,1704634162452313456,D3:F4:55:AB:96:20,-58
BLE,1704634162647840700,D3:F4:55:AB:96:20,-62
BLE,1704634163035125006,D3:F4:55:AB:96:20,-62
BLE,1704634163170082444,DF:DF:EE:00:00:04,-53
BLE,1704634163612070137,D3:F4:55:AB:96:20,-64
BLE,1704634163636120310,DF:DF:EE:00:00:04,-56
BLE,1704634163997904785,D3:F4:55:AB:96:20,-64
BLE,1704634164630087258,DF:DF:EE:00:00:04,-66
BLE,1704634165354918782,D3:F4:55:AB:96:20,-61
BLE,1704634165552221098,D3:F4:55:AB:96:20,-61
BLE,1704634165747751176,D3:F4:55:AB:96:20,-64
BLE,1704634165909334104,DF:DF:EE:00:00:04,-57
BLE,1704634165935108891,D3:F4:55:AB:96:20,-62
BLE,1704634166128239985,D3:F4:55:AB:96:20,-48
BLE,1704634166711097451,D3:F4:55:AB:96:20,-62
BLE,1704634166904630042,D3:F4:55:AB:96:20,-61
BLE,1704634167095304152,D3:F4:55:AB:96:20,-48
BLE,1704634167185217306,DF:DF:EE:00:00:04,-54
BLE,1704634167284794395,D3:F4:55:AB:96:20,-62
BLE,1704634167481196509,D3:F4:55:AB:96:20,-62
BLE,1704634168182453231,DF:DF:EE:00:00:04,-55
BLE,1704634168254085589,D3:F4:55:AB:96:20,-61
BLE,1704634168451721320,D3:F4:55:AB:96:20,-49
BLE,1704634168638326290,D3:F4:55:AB:96:20,-62
BLE,1704634168717098559,DF:DF:EE:00:00:04,-56
BLE,1704634168835515065,D3:F4:55:AB:96:20,-64
BLE,1704634169032100553,D3:F4:55:AB:96:20,-63
BLE,1704634169175288103,DF:DF:EE:00:00:04,-47
BLE,1704634169243453984,DF:A6:DC:DC:2E:81,-82
BLE,1704634169243480400,DF:DF:EE:00:00:01,-82
BLE,1704634169718726081,DF:DF:EE:00:00:04,-54
BLE,1704634169788257328,D3:F4:55:AB:96:20,-61
BLE,1704634169981806460,D3:F4:55:AB:96:20,-64
BLE,1704634170172464904,D3:F4:55:AB:96:20,-62
BLE,1704634170183951827,DF:DF:EE:00:00:04,-55
BLE,1704634170722241381,DF:DF:EE:00:00:04,-52
BLE,1704634170751635353,D3:F4:55:AB:96:20,-48
BLE,1704634171517160232,D3:F4:55:AB:96:20,-58
BLE,1704634171713831886,D3:F4:55:AB:96:20,-63
BLE,1704634172103085928,D3:F4:55:AB:96:20,-62
BLE,1704634172719210299,DF:DF:EE:00:00:04,-54
BLE,1704634172867299900,D3:F4:55:AB:96:20,-63
BLE,1704634173058550506,D3:F4:55:AB:96:20,-64
BLE,1704634173069271102,DF:A6:DC:DC:2E:81,-68
BLE,1704634173069325101,DF:DF:EE:00:00:01,-68
BLE,1704634173219568813,DF:DF:EE:00:00:04,-56
BLE,1704634173444082698,D3:F4:55:AB:96:20,-62
BLE,1704634173827819652,D3:F4:55:AB:96:20,-63
BLE,1704634174218096230,DF:DF:EE:00:00:04,-71
BLE,1704634174402803671,D3:F4:55:AB:96:20,-62
BLE,1704634174682274067,DF:DF:EE:00:00:04,-55
BLE,1704634174786432084,D3:F4:55:AB:96:20,-48
BLE,1704634174975130915,D3:F4:55:AB:96:20,-63
BLE,1704634175169202086,D3:F4:55:AB:96:20,-64
BLE,1704634175613555347,DF:A6:DC:DC:2E:81,-85
BLE,1704634175613628554,DF:DF:EE:00:00:01,-85
BLE,1704634175941776002,D3:F4:55:AB:96:20,-64
BLE,1704634175947161425,DF:DF:EE:00:00:04,-53
BLE,1704634176129505840,D3:F4:55:AB:96:20,-61
BLE,1704634176327175112,D3:F4:55:AB:96:20,-62
BLE,1704634176514081580,D3:F4:55:AB:96:20,-48
BLE,1704634176705620226,D3:F4:55:AB:96:20,-64
BLE,1704634176897646911,D3:F4:55:AB:96:20,-61
BLE,1704634177224754615,DF:DF:EE:00:00:04,-54
BLE,1704634177277840513,D3:F4:55:AB:96:20,-62
BLE,1704634177855919136,D3:F4:55:AB:96:20,-62
BLE,1704634178431498276,D3:F4:55:AB:96:20,-62
BLE,1704634178497726045,DF:DF:EE:00:00:04,-53
BLE,1704634178819738367,D3:F4:55:AB:96:20,-59
BLE,1704634179204002109,D3:F4:55:AB:96:20,-62
BLE,1704634179792329206,D3:F4:55:AB:96:20,-64
BLE,1704634179979689005,D3:F4:55:AB:96:20,-61
BLE,1704634180036924583,DF:DF:EE:00:00:04,-56
BLE,1704634180498636228,DF:DF:EE:00:00:04,-55
BLE,1704634180559869155,D3:F4:55:AB:96:20,-61
BLE,1704634180947290585,D3:F4:55:AB:96:20,-64
BLE,1704634181768537261,DF:DF:EE:00:00:04,-56
BLE,1704634182310684665,DF:DF:EE:00:00:04,-55
BLE,1704634182476983353,D3:F4:55:AB:96:20,-64
BLE,1704634182667211758,D3:F4:55:AB:96:20,-58
BLE,1704634183241183950,D3:F4:55:AB:96:20,-63
BLE,1704634183620617182,D3:F4:55:AB:96:20,-48
BLE,1704634183820018068,D3:F4:55:AB:96:20,-63
BLE,1704634184208677531,D3:F4:55:AB:96:20,-61
BLE,1704634184397809526,D3:F4:55:AB:96:20,-64
BLE,1704634184591933530,D3:F4:55:AB:96:20,-64
BLE,1704634184783557050,D3:F4:55:AB:96:20,-62
BLE,1704634184976008898,D3:F4:55:AB:96:20,-61
BLE,1704634185046649346,DF:DF:EE:00:00:04,-54
BLE,1704634185367911548,D3:F4:55:AB:96:20,-64
BLE,1704634185753256075,D3:F4:55:AB:96:20,-64
BLE,1704634186142635367,D3:F4:55:AB:96:20,-57
BLE,1704634186726612159,D3:F4:55:AB:96:20,-62
BLE,1704634186925691172,D3:F4:55:AB:96:20,-64
BLE,1704634187120241881,D3:F4:55:AB:96:20,-62
BLE,1704634187579766832,DF:DF:EE:00:00:04,-51
BLE,1704634187900356663,D3:F4:55:AB:96:20,-62
BLE,1704634188091155814,D3:F4:55:AB:96:20,-64
BLE,1704634188122885604,DF:DF:EE:00:00:04,-53
BLE,1704634188583525464,DF:DF:EE:00:00:04,-54
BLE,1704634188661706737,D3:F4:55:AB:96:20,-62
BLE,1704634188856491528,D3:F4:55:AB:96:20,-80
BLE,1704634189045806564,D3:F4:55:AB:96:20,-61
BLE,1704634189238667909,D3:F4:55:AB:96:20,-63
BLE,1704634189426972285,D3:F4:55:AB:96:20,-62
BLE,1704634189619981546,D3:F4:55:AB:96:20,-53
BLE,1704634190195540228,D3:F4:55:AB:96:20,-58
BLE,1704634190389673356,D3:F4:55:AB:96:20,-62
BLE,1704634191346382926,D3:F4:55:AB:96:20,-62
BLE,1704634191398717995,DF:DF:EE:00:00:04,-70
BLE,1704634191540321431,D3:F4:55:AB:96:20,-63
BLE,1704634191735327054,D3:F4:55:AB:96:20,-62
BLE,1704634191854923094,DF:DF:EE:00:00:04,-47
BLE,1704634192122666401,D3:F4:55:AB:96:20,-63
BLE,1704634192856571907,DF:DF:EE:00:00:04,-54
BLE,1704634193657792799,D3:F4:55:AB:96:20,-62
BLE,1704634195006832307,D3:F4:55:AB:96:20,-62
BLE,1704634195391892086,D3:F4:55:AB:96:20,-61
BLE,1704634195586893126,D3:F4:55:AB:96:20,-62
BLE,1704634195777876609,D3:F4:55:AB:96:20,-62
BLE,1704634196164425044,D3:F4:55:AB:96:20,-61
BLE,1704634196401863219,DF:DF:EE:00:00:04,-53
BLE,1704634196737610783,D3:F4:55:AB:96:20,-62
BLE,1704634196926289364,D3:F4:55:AB:96:20,-63
BLE,1704634196940043607,DF:DF:EE:00:00:04,-53
BLE,1704634197398070484,DF:DF:EE:00:00:04,-54
BLE,1704634197504079531,D3:F4:55:AB:96:20,-63
BLE,1704634197702442590,D3:F4:55:AB:96:20,-62
BLE,1704634198087692409,D3:F4:55:AB:96:20,-53
BLE,1704634198283498027,D3:F4:55:AB:96:20,-63
BLE,1704634198667769352,D3:F4:55:AB:96:20,-64
BLE,1704634199050533355,D3:F4:55:AB:96:20,-64
BLE,1704634199236877160,D3:F4:55:AB:96:20,-63
BLE,1704634199435863173,D3:F4:55:AB:96:20,-48
BLE,1704634199625488832,D3:F4:55:AB:96:20,-48
BLE,1704634199818678842,D3:F4:55:AB:96:20,-62
BLE,1704634200393421154,D3:F4:55:AB:96:20,-62
BLE,1704634200670144818,DF:DF:EE:00:00:04,-55
BLE,1704634201736322827,D3:F4:55:AB:96:20,-62
BLE,1704634202505123394,D3:F4:55:AB:96:20,-62
BLE,1704634202674263021,DF:DF:EE:00:00:04,-51
BLE,1704634203088287483,D3:F4:55:AB:96:20,-62
BLE,1704634203604650390,DF:A6:DC:DC:2E:81,-72
BLE,1704634203604711140,DF:DF:EE:00:00:01,-72
BLE,1704634203677035952,D3:F4:55:AB:96:20,-64
BLE,1704634204266094627,D3:F4:55:AB:96:20,-62
BLE,1704634204654581383,D3:F4:55:AB:96:20,-62
BLE,1704634205045880829,D3:F4:55:AB:96:20,-64
BLE,1704634205215571661,DF:DF:EE:00:00:04,-55
BLE,1704634205240792535,D3:F4:55:AB:96:20,-77
BLE,1704634205755167123,DF:DF:EE:00:00:04,-41
BLE,1704634206005008715,D3:F4:55:AB:96:20,-64
BLE,1704634206146487818,DF:A6:DC:DC:2E:81,-84
BLE,1704634206146525860,DF:DF:EE:00:00:01,-84
BLE,1704634206218526174,DF:DF:EE:00:00:04,-54
BLE,1704634206585912486,D3:F4:55:AB:96:20,-63
BLE,1704634206758981421,DF:DF:EE:00:00:04,-53
BLE,1704634207153342055,D3:F4:55:AB:96:20,-63
BLE,1704634207532376082,D3:F4:55:AB:96:20,-64
BLE,1704634207720269252,D3:F4:55:AB:96:20,-61
BLE,1704634207755413144,DF:DF:EE:00:00:04,-56
BLE,1704634207917216612,D3:F4:55:AB:96:20,-63
BLE,1704634208306441072,D3:F4:55:AB:96:20,-61
BLE,1704634208501758276,D3:F4:55:AB:96:20,-63
BLE,1704634208886144809,D3:F4:55:AB:96:20,-62
BLE,1704634209268731021,D3:F4:55:AB:96:20,-63
BLE,1704634209454385581,D3:F4:55:AB:96:20,-62
BLE,1704634209648375293,D3:F4:55:AB:96:20,-62
BLE,1704634210422155660,D3:F4:55:AB:96:20,-63
BLE,1704634210764409347,DF:DF:EE:00:00:04,-54
BLE,1704634210801410060,D3:F4:55:AB:96:20,-62
BLE,1704634210995186150,D3:F4:55:AB:96:20,-64
BLE,1704634211187891496,D3:F4:55:AB:96:20,-62
BLE,1704634211379668057,D3:F4:55:AB:96:20,-63
BLE,1704634211565407950,D3:F4:55:AB:96:20,-62
BLE,1704634211762094770,D3:F4:55:AB:96:20,-64
BLE,1704634211769593804,DF:DF:EE:00:00:04,-47
BLE,1704634212147272590,D3:F4:55:AB:96:20,-63
BLE,1704634212305969203,DF:DF:EE:00:00:04,-54
BLE,1704634212332940191,D3:F4:55:AB:96:20,-62
BLE,1704634212512956372,DF:A6:DC:DC:2E:81,-82
BLE,1704634212513001705,DF:DF:EE:00:00:01,-82
BLE,1704634212522107811,D3:F4:55:AB:96:20,-64
BLE,1704634212902079124,D3:F4:55:AB:96:20,-63
BLE,1704634213292032036,D3:F4:55:AB:96:20,-59
BLE,1704634213482528314,D3:F4:55:AB:96:20,-63
BLE,1704634213765908351,DF:DF:EE:00:00:04,-55
BLE,1704634213864442739,D3:F4:55:AB:96:20,-62
BLE,1704634214247582530,D3:F4:55:AB:96:20,-58
BLE,1704634214630462907,D3:F4:55:AB:96:20,-61
BLE,1704634214763310900,DF:DF:EE:00:00:04,-53
BLE,1704634215214256658,D3:F4:55:AB:96:20,-63
BLE,1704634215791444496,D3:F4:55:AB:96:20,-48
BLE,1704634215985635332,D3:F4:55:AB:96:20,-63
BLE,1704634216309688183,DF:DF:EE:00:00:04,-56
BLE,1704634216375969909,DF:DF:EE:00:00:04,-54
BLE,1704634216940729746,D3:F4:55:AB:96:20,-63
BLE,1704634217262010989,DF:DF:EE:00:00:04,-38
BLE,1704634217326275813,D3:F4:55:AB:96:20,-49
BLE,1704634217518254831,D3:F4:55:AB:96:20,-63
BLE,1704634218101268421,D3:F4:55:AB:96:20,-63
BLE,1704634218263145889,DF:DF:EE:00:00:04,-55
BLE,1704634218488728851,D3:F4:55:AB:96:20,-53
BLE,1704634218683331851,D3:F4:55:AB:96:20,-63
BLE,1704634218801661358,DF:DF:EE:00:00:04,-55
BLE,1704634219262365676,DF:DF:EE:00:00:04,-53
BLE,1704634219649143527,D3:F4:55:AB:96:20,-63
BLE,1704634220045614022,D3:F4:55:AB:96:20,-59
BLE,1704634220623954393,D3:F4:55:AB:96:20,-64
BLE,1704634220803761492,DF:DF:EE:00:00:04,-56
BLE,1704634220817726774,D3:F4:55:AB:96:20,-62
BLE,1704634221011485864,D3:F4:55:AB:96:20,-64
BLE,1704634221401906232,D3:F4:55:AB:96:20,-62
BLE,1704634221421648934,DF:A6:DC:DC:2E:81,-83
BLE,1704634221421679934,DF:DF:EE:00:00:01,-83
BLE,1704634221805011099,DF:DF:EE:00:00:04,-54
BLE,1704634221970312836,D3:F4:55:AB:96:20,-62
BLE,1704634222265593585,DF:DF:EE:00:00:04,-55
BLE,1704634222540288762,D3:F4:55:AB:96:20,-47
BLE,1704634222804968548,DF:DF:EE:00:00:04,-55
BLE,1704634222925615706,D3:F4:55:AB:96:20,-48
BLE,1704634223117848931,D3:F4:55:AB:96:20,-62
BLE,1704634223312977511,D3:F4:55:AB:96:20,-61
BLE,1704634223510950698,D3:F4:55:AB:96:20,-63
BLE,1704634223701780348,D3:F4:55:AB:96:20,-48
BLE,1704634223892344834,D3:F4:55:AB:96:20,-62
BLE,1704634224080052505,D3:F4:55:AB:96:20,-62
BLE,1704634224467490352,D3:F4:55:AB:96:20,-64
BLE,1704634224660890985,D3:F4:55:AB:96:20,-61
BLE,1704634224853765247,D3:F4:55:AB:96:20,-62
BLE,1704634225425818369,D3:F4:55:AB:96:20,-62
BLE,1704634226075907222,DF:DF:EE:00:00:04,-55
BLE,1704634226203353085,D3:F4:55:AB:96:20,-48
BLE,1704634226531595199,DF:DF:EE:00:00:04,-54
BLE,1704634226589131192,D3:F4:55:AB:96:20,-64
BLE,1704634226973558433,D3:F4:55:AB:96:20,-63
BLE,1704634227355038402,D3:F4:55:AB:96:20,-81
BLE,1704634227812988948,DF:DF:EE:00:00:04,-53
BLE,1704634228310078691,D3:F4:55:AB:96:20,-61
BLE,1704634228700378394,D3:F4:55:AB:96:20,-62
BLE,1704634228813383769,DF:DF:EE:00:00:04,-54
BLE,1704634228893386155,D3:F4:55:AB:96:20,-61
BLE,1704634229089669602,D3:F4:55:AB:96:20,-62
BLE,1704634229275940075,D3:F4:55:AB:96:20,-62
BLE,1704634229474074344,D3:F4:55:AB:96:20,-62
BLE,1704634229666037112,D3:F4:55:AB:96:20,-62
BLE,1704634229858658334,D3:F4:55:AB:96:20,-62
BLE,1704634230057288641,D3:F4:55:AB:96:20,-64
BLE,1704634230244582482,D3:F4:55:AB:96:20,-61
BLE,1704634230437128996,D3:F4:55:AB:96:20,-63
BLE,1704634231013962127,D3:F4:55:AB:96:20,-62
BLE,1704634231594489276,D3:F4:55:AB:96:20,-61
BLE,1704634231786011464,D3:F4:55:AB:96:20,-63
BLE,1704634231818485082,DF:DF:EE:00:00:04,-54
BLE,1704634232356592220,DF:DF:EE:00:00:04,-53
BLE,1704634232559627748,D3:F4:55:AB:96:20,-61
BLE,1704634232753363171,D3:F4:55:AB:96:20,-53
BLE,1704634232814893221,DF:DF:EE:00:00:04,-54
BLE,1704634232874558242,DF:A6:DC:DC:2E:81,-82
BLE,1704634232874568908,DF:DF:EE:00:00:01,-82
BLE,1704634233130555002,D3:F4:55:AB:96:20,-62
BLE,1704634233512277261,D3:F4:55:AB:96:20,-64
BLE,1704634233702004252,D3:F4:55:AB:96:20,-63
BLE,1704634233861105447,DF:DF:EE:00:00:04,-54
BLE,1704634233895055346,D3:F4:55:AB:96:20,-62
BLE,1704634234088712436,D3:F4:55:AB:96:20,-63
BLE,1704634234850549757,DF:DF:EE:00:00:04,-55
BLE,1704634234856982339,D3:F4:55:AB:96:20,-48
BLE,1704634235243026695,D3:F4:55:AB:96:20,-63
BLE,1704634235818484294,D3:F4:55:AB:96:20,-64
BLE,1704634236013152835,D3:F4:55:AB:96:20,-48
BLE,1704634236774857157,D3:F4:55:AB:96:20,-64
BLE,1704634236970853273,D3:F4:55:AB:96:20,-62
BLE,1704634237128189604,DF:DF:EE:00:00:04,-55
BLE,1704634237355601721,D3:F4:55:AB:96:20,-61
BLE,1704634237550058264,D3:F4:55:AB:96:20,-70
BLE,1704634238126031401,D3:F4:55:AB:96:20,-63
BLE,1704634238513539413,D3:F4:55:AB:96:20,-80
BLE,1704634238896519998,D3:F4:55:AB:96:20,-64
BLE,1704634239279466540,D3:F4:55:AB:96:20,-64
BLE,1704634239399748867,DF:DF:EE:00:00:04,-55
BLE,1704634239666843720,D3:F4:55:AB:96:20,-62
BLE,1704634240396260214,DF:DF:EE:00:00:04,-54
BLE,1704634240442487741,D3:F4:55:AB:96:20,-62
BLE,1704634240834952929,D3:F4:55:AB:96:20,-63
BLE,1704634241022373894,D3:F4:55:AB:96:20,-61
BLE,1704634241402232665,DF:DF:EE:00:00:04,-53
BLE,1704634241406071515,D3:F4:55:AB:96:20,-48
BLE,1704634241784164090,DF:A6:DC:DC:2E:81,-82
BLE,1704634241784203298,DF:DF:EE:00:00:01,-82
BLE,1704634241788869308,D3:F4:55:AB:96:20,-61
BLE,1704634242175518201,D3:F4:55:AB:96:20,-63
BLE,1704634242553521027,D3:F4:55:AB:96:20,-61
BLE,1704634242948207158,D3:F4:55:AB:96:20,-64
BLE,1704634243144129900,D3:F4:55:AB:96:20,-62
BLE,1704634243336332417,D3:F4:55:AB:96:20,-63
BLE,1704634243857865457,DF:DF:EE:00:00:04,-54
BLE,1704634244470684808,DF:DF:EE:00:00:04,-56
BLE,1704634245250397468,D3:F4:55:AB:96:20,-63
BLE,1704634246016509635,D3:F4:55:AB:96:20,-61
BLE,1704634246211254010,D3:F4:55:AB:96:20,-48
BLE,1704634246903582792,DF:DF:EE:00:00:04,-56
BLE,1704634246981567483,D3:F4:55:AB:96:20,-62
BLE,1704634247555486050,D3:F4:55:AB:96:20,-64
BLE,1704634247943264519,D3:F4:55:AB:96:20,-84
BLE,1704634248131291688,D3:F4:55:AB:96:20,-63
BLE,1704634249496678463,D3:F4:55:AB:96:20,-64
BLE,1704634249681695360,D3:F4:55:AB:96:20,-62
BLE,1704634250061842421,D3:F4:55:AB:96:20,-62
BLE,1704634250642995566,D3:F4:55:AB:96:20,-63
BLE,1704634250694501099,DF:A6:DC:DC:2E:81,-84
BLE,1704634250694522599,DF:DF:EE:00:00:01,-84
BLE,1704634250829981825,D3:F4:55:AB:96:20,-61
BLE,1704634251021244265,D3:F4:55:AB:96:20,-48
BLE,1704634251407298620,D3:F4:55:AB:96:20,-64
BLE,1704634251598350769,D3:F4:55:AB:96:20,-61
BLE,1704634251730734183,DF:DF:EE:00:00:04,-53
BLE,1704634251790940742,D3:F4:55:AB:96:20,-53
BLE,1704634251976235012,D3:F4:55:AB:96:20,-62
BLE,1704634252356988653,D3:F4:55:AB:96:20,-64
BLE,1704634252542255882,D3:F4:55:AB:96:20,-61
BLE,1704634252730873464,D3:F4:55:AB:96:20,-64
BLE,1704634253114417669,D3:F4:55:AB:96:20,-48
BLE,1704634253304426700,D3:F4:55:AB:96:20,-62
BLE,1704634253503315131,D3:F4:55:AB:96:20,-63
BLE,1704634253700923278,D3:F4:55:AB:96:20,-63
BLE,1704634254003923685,DF:DF:EE:00:00:04,-53
BLE,1704634254085112771,D3:F4:55:AB:96:20,-64
BLE,1704634254272159822,D3:F4:55:AB:96:20,-64
BLE,1704634254464247214,D3:F4:55:AB:96:20,-64
BLE,1704634254655558653,D3:F4:55:AB:96:20,-62
BLE,1704634254852373639,D3:F4:55:AB:96:20,-64
BLE,1704634255041329094,D3:F4:55:AB:96:20,-62
BLE,1704634255283917984,DF:DF:EE:00:00:04,-55
BLE,1704634255435760018,D3:F4:55:AB:96:20,-48
BLE,1704634255625083762,D3:F4:55:AB:96:20,-48
BLE,1704634255779899902,DF:A6:DC:DC:2E:81,-73
BLE,1704634255779923818,DF:DF:EE:00:00:01,-73
BLE,1704634255820201218,D3:F4:55:AB:96:20,-64
BLE,1704634256008369094,D3:F4:55:AB:96:20,-61
BLE,1704634256388984611,D3:F4:55:AB:96:20,-64
BLE,1704634256773230145,D3:F4:55:AB:96:20,-61
BLE,1704634256963408508,D3:F4:55:AB:96:20,-64
BLE,1704634257151515344,D3:F4:55:AB:96:20,-62
BLE,1704634257930782132,D3:F4:55:AB:96:20,-63
BLE,1704634258098523394,DF:DF:EE:00:00:04,-39
BLE,1704634258123882976,D3:F4:55:AB:96:20,-63
BLE,1704634258314509544,D3:F4:55:AB:96:20,-63
BLE,1704634258322342242,DF:A6:DC:DC:2E:81,-83
BLE,1704634258322352367,DF:DF:EE:00:00:01,-83
BLE,1704634258562108902,DF:DF:EE:00:00:04,-51
BLE,1704634258699932071,D3:F4:55:AB:96:20,-58
BLE,1704634258893707577,D3:F4:55:AB:96:20,-64
BLE,1704634259275128046,D3:F4:55:AB:96:20,-62
BLE,1704634259464580331,D3:F4:55:AB:96:20,-64
BLE,1704634259650045309,D3:F4:55:AB:96:20,-48
BLE,1704634260223639462,D3:F4:55:AB:96:20,-63
BLE,1704634260380770586,DF:DF:EE:00:00:04,-53
BLE,1704634260611518347,D3:F4:55:AB:96:20,-63
BLE,1704634260800168762,D3:F4:55:AB:96:20,-79
BLE,1704634261180416239,D3:F4:55:AB:96:20,-62
BLE,1704634261378020136,D3:F4:55:AB:96:20,-62
BLE,1704634262375864766,DF:DF:EE:00:00:04,-54
BLE,1704634262931002166,D3:F4:55:AB:96:20,-62
BLE,1704634263379602357,DF:DF:EE:00:00:04,-55
BLE,1704634263515120916,D3:F4:55:AB:96:20,-81
BLE,1704634263895325352,D3:F4:55:AB:96:20,-59
BLE,1704634264280628504,D3:F4:55:AB:96:20,-64
BLE,1704634264377007406,DF:DF:EE:00:00:04,-54
BLE,1704634264673851895,D3:F4:55:AB:96:20,-62
BLE,1704634264868621311,D3:F4:55:AB:96:20,-62
BLE,1704634265065932586,D3:F4:55:AB:96:20,-64
BLE,1704634265449366958,DF:DF:EE:00:00:04,-55
BLE,1704634265638920284,D3:F4:55:AB:96:20,-61
BLE,1704634265882265128,DF:DF:EE:00:00:04,-53
BLE,1704634266019785466,D3:F4:55:AB:96:20,-58
BLE,1704634266211619943,D3:F4:55:AB:96:20,-64
BLE,1704634266339673968,DF:DF:EE:00:00:04,-55
BLE,1704634266401424600,D3:F4:55:AB:96:20,-61
BLE,1704634266798107135,D3:F4:55:AB:96:20,-59
BLE,1704634266886016344,DF:DF:EE:00:00:04,-54
BLE,1704634266988026792,D3:F4:55:AB:96:20,-61
BLE,1704634267380970060,D3:F4:55:AB:96:20,-58
BLE,1704634268338553415,DF:DF:EE:00:00:04,-54
BLE,1704634268516751566,DF:A6:DC:DC:2E:81,-84
BLE,1704634268516794149,DF:DF:EE:00:00:01,-84
BLE,1704634268726103844,D3:F4:55:AB:96:20,-64
BLE,1704634268875318979,DF:DF:EE:00:00:04,-53
BLE,1704634269303122057,D3:F4:55:AB:96:20,-61
BLE,1704634269501440533,D3:F4:55:AB:96:20,-63
BLE,1704634270068083107,D3:F4:55:AB:96:20,-61
BLE,1704634270457197442,D3:F4:55:AB:96:20,-62
BLE,1704634270849730255,D3:F4:55:AB:96:20,-53
BLE,1704634271061731348,DF:A6:DC:DC:2E:81,-82
BLE,1704634271061755307,DF:DF:EE:00:00:01,-82
BLE,1704634271343686353,DF:DF:EE:00:00:04,-56
BLE,1704634271427278548,D3:F4:55:AB:96:20,-62
BLE,1704634271620377850,D3:F4:55:AB:96:20,-62
BLE,1704634272764667259,D3:F4:55:AB:96:20,-62
BLE,1704634273337241126,D3:F4:55:AB:96:20,-63
BLE,1704634273888007431,DF:DF:EE:00:00:04,-55
BLE,1704634274109424878,D3:F4:55:AB:96:20,-47
BLE,1704634274697413436,D3:F4:55:AB:96:20,-63
BLE,1704634276158354952,DF:DF:EE:00:00:04,-55
BLE,1704634276622866120,D3:F4:55:AB:96:20,-64
BLE,1704634276812695819,D3:F4:55:AB:96:20,-58
BLE,1704634277162630039,DF:DF:EE:00:00:04,-53
BLE,1704634278347445136,D3:F4:55:AB:96:20,-63
BLE,1704634278687442381,DF:A6:DC:DC:2E:81,-82
BLE,1704634278687482714,DF:DF:EE:00:00:01,-82
BLE,1704634278916952066,D3:F4:55:AB:96:20,-63
BLE,1704634279106828432,D3:F4:55:AB:96:20,-64
BLE,1704634279428962961,DF:DF:EE:00:00:04,-54
BLE,1704634279872055147,D3:F4:55:AB:96:20,-62
BLE,1704634280446738042,D3:F4:55:AB:96:20,-48
BLE,1704634281019397451,D3:F4:55:AB:96:20,-63
BLE,1704634281404358814,D3:F4:55:AB:96:20,-64
BLE,1704634281983680387,D3:F4:55:AB:96:20,-64
BLE,1704634282171101310,D3:F4:55:AB:96:20,-61
BLE,1704634282367624631,D3:F4:55:AB:96:20,-64
BLE,1704634282561368263,D3:F4:55:AB:96:20,-63
BLE,1704634282951508883,D3:F4:55:AB:96:20,-64
BLE,1704634283246701424,DF:DF:EE:00:00:04,-41
BLE,1704634283329237585,D3:F4:55:AB:96:20,-62
BLE,1704634283711484799,DF:DF:EE:00:00:04,-53
BLE,1704634284712077244,DF:DF:EE:00:00:04,-54
BLE,1704634284882997027,D3:F4:55:AB:96:20,-63
BLE,1704634285458180669,D3:F4:55:AB:96:20,-61
BLE,1704634285708640340,DF:DF:EE:00:00:04,-53
BLE,1704634285849161033,D3:F4:55:AB:96:20,-63
BLE,1704634286227385316,D3:F4:55:AB:96:20,-63
BLE,1704634286321227068,DF:DF:EE:00:00:04,-55
BLE,1704634286418511923,D3:F4:55:AB:96:20,-64
BLE,1704634286996771003,D3:F4:55:AB:96:20,-62
BLE,1704634287384203932,D3:F4:55:AB:96:20,-65
BLE,1704634287576432990,D3:F4:55:AB:96:20,-63
BLE,1704634287769110254,D3:F4:55:AB:96:20,-62
BLE,1704634287955655224,D3:F4:55:AB:96:20,-63
BLE,1704634288025982258,DF:DF:EE:00:00:04,-54
BLE,1704634288153164872,D3:F4:55:AB:96:20,-63
BLE,1704634288342413700,D3:F4:55:AB:96:20,-61
BLE,1704634288343746733,D3:F4:55:AB:96:20,-48
BLE,1704634288484081177,DF:DF:EE:00:00:04,-54
BLE,1704634288537522989,D3:F4:55:AB:96:20,-62
BLE,1704634288860068891,DF:A6:DC:DC:2E:81,-84
BLE,1704634288860101516,DF:DF:EE:00:00:01,-84
BLE,1704634289107587457,D3:F4:55:AB:96:20,-61
BLE,1704634289304293152,D3:F4:55:AB:96:20,-61
BLE,1704634289503187332,D3:F4:55:AB:96:20,-63
BLE,1704634289889163938,D3:F4:55:AB:96:20,-48
BLE,1704634290467517560,D3:F4:55:AB:96:20,-47
BLE,1704634290659440745,D3:F4:55:AB:96:20,-63
BLE,1704634290749316440,DF:DF:EE:00:00:04,-54
BLE,1704634290851650261,D3:F4:55:AB:96:20,-59
BLE,1704634291040370342,D3:F4:55:AB:96:20,-62
BLE,1704634291402623731,DF:A6:DC:DC:2E:81,-83
BLE,1704634291402663022,DF:DF:EE:00:00:01,-83
BLE,1704634291614817031,D3:F4:55:AB:96:20,-71
BLE,1704634291801832540,D3:F4:55:AB:96:20,-49
BLE,1704634291997931906,D3:F4:55:AB:96:20,-62
BLE,1704634292193167361,D3:F4:55:AB:96:20,-63
BLE,1704634292384185218,D3:F4:55:AB:96:20,-63
BLE,1704634292566346718,DF:DF:EE:00:00:04,-53
BLE,1704634292571156686,D3:F4:55:AB:96:20,-61
BLE,1704634292964850991,D3:F4:55:AB:96:20,-64
BLE,1704634293025949211,DF:DF:EE:00:00:04,-54
BLE,1704634293153794112,D3:F4:55:AB:96:20,-62
BLE,1704634293349185900,D3:F4:55:AB:96:20,-47
BLE,1704634293536801363,D3:F4:55:AB:96:20,-63
BLE,1704634293918854745,D3:F4:55:AB:96:20,-58
BLE,1704634294023124262,DF:DF:EE:00:00:04,-56
BLE,1704634294309569820,D3:F4:55:AB:96:20,-64
BLE,1704634295020948850,DF:DF:EE:00:00:04,-72
BLE,1704634295266605470,D3:F4:55:AB:96:20,-62
BLE,1704634295465747524,D3:F4:55:AB:96:20,-64
BLE,1704634296234058260,D3:F4:55:AB:96:20,-61
BLE,1704634296423314504,D3:F4:55:AB:96:20,-62
BLE,1704634296487491329,DF:A6:DC:DC:2E:81,-83
BLE,1704634296487523120,DF:DF:EE:00:00:01,-83
BLE,1704634296617983963,D3:F4:55:AB:96:20,-62
BLE,1704634296838388126,DF:DF:EE:00:00:04,-55
BLE,1704634297783854811,D3:F4:55:AB:96:20,-63
BLE,1704634297838984362,DF:DF:EE:00:00:04,-54
BLE,1704634297974051883,D3:F4:55:AB:96:20,-63
BLE,1704634298169969666,D3:F4:55:AB:96:20,-64
BLE,1704634298302068998,DF:DF:EE:00:00:04,-56
BLE,1704634298364563584,D3:F4:55:AB:96:20,-63
BLE,1704634298555885689,D3:F4:55:AB:96:20,-63
BLE,1704634298746828714,D3:F4:55:AB:96:20,-64
BLE,1704634298936486081,D3:F4:55:AB:96:20,-64
BLE,1704634299131792993,D3:F4:55:AB:96:20,-63
BLE,1704634299318423172,D3:F4:55:AB:96:20,-63
BLE,1704634299513086422,D3:F4:55:AB:96:20,-64
BLE,1704634299576504835,DF:DF:EE:00:00:04,-54
BLE,1704634299704618568,D3:F4:55:AB:96:20,-64
BLE,1704634300288703443,D3:F4:55:AB:96:20,-63
BLE,1704634300479848716,D3:F4:55:AB:96:20,-64
BLE,1704634300669997122,D3:F4:55:AB:96:20,-63
BLE,1704634300844984961,DF:DF:EE:00:00:04,-55
BLE,1704634300863186256,D3:F4:55:AB:96:20,-63
BLE,1704634301246067383,D3:F4:55:AB:96:20,-64
BLE,1704634301431612652,D3:F4:55:AB:96:20,-63
BLE,1704634301622468469,D3:F4:55:AB:96:20,-64
BLE,1704634301814023073,D3:F4:55:AB:96:20,-63
BLE,1704634302194395675,D3:F4:55:AB:96:20,-63
BLE,1704634302382359553,D3:F4:55:AB:96:20,-63
BLE,1704634302573495409,D3:F4:55:AB:96:20,-63
BLE,1704634302763721772,D3:F4:55:AB:96:20,-62
BLE,1704634302958086775,D3:F4:55:AB:96:20,-64
BLE,1704634303122513392,DF:DF:EE:00:00:04,-53
BLE,1704634303143473961,D3:F4:55:AB:96:20,-61
BLE,1704634303332183334,D3:F4:55:AB:96:20,-64
BLE,1704634303526045590,D3:F4:55:AB:96:20,-52
BLE,1704634303717766234,D3:F4:55:AB:96:20,-64
BLE,1704634303719115476,D3:F4:55:AB:96:20,-64
BLE,1704634303911273617,D3:F4:55:AB:96:20,-64
BLE,1704634304106586697,D3:F4:55:AB:96:20,-63
BLE,1704634304131618864,DF:A6:DC:DC:2E:81,-83
BLE,1704634304131644739,DF:DF:EE:00:00:01,-83
BLE,1704634304292115716,D3:F4:55:AB:96:20,-63
BLE,1704634304391896220,DF:DF:EE:00:00:04,-53
BLE,1704634304481917498,D3:F4:55:AB:96:20,-64
BLE,1704634304672011653,D3:F4:55:AB:96:20,-48
BLE,1704634304870629169,D3:F4:55:AB:96:20,-63
BLE,1704634305055900440,D3:F4:55:AB:96:20,-52
BLE,1704634305445721854,D3:F4:55:AB:96:20,-64
BLE,1704634305639684317,D3:F4:55:AB:96:20,-63
BLE,1704634305674078672,DF:DF:EE:00:00:04,-55
BLE,1704634305830077762,D3:F4:55:AB:96:20,-62
BLE,1704634306021371368,D3:F4:55:AB:96:20,-63
BLE,1704634306209754285,DF:DF:EE:00:00:04,-53
BLE,1704634306217373984,D3:F4:55:AB:96:20,-64
BLE,1704634306404157870,D3:F4:55:AB:96:20,-63
BLE,1704634306602517971,D3:F4:55:AB:96:20,-63
BLE,1704634306671972718,DF:DF:EE:00:00:04,-55
BLE,1704634306677985553,DF:A6:DC:DC:2E:81,-82
BLE,1704634306678010178,DF:DF:EE:00:00:01,-82
BLE,1704634306794700196,D3:F4:55:AB:96:20,-64
BLE,1704634307185300979,D3:F4:55:AB:96:20,-64
BLE,1704634307372924901,D3:F4:55:AB:96:20,-63
BLE,1704634307570514882,D3:F4:55:AB:96:20,-63
BLE,1704634307764522595,D3:F4:55:AB:96:20,-64
BLE,1704634307945996099,DF:DF:EE:00:00:04,-54
BLE,1704634307954738624,D3:F4:55:AB:96:20,-64
BLE,1704634308144658781,D3:F4:55:AB:96:20,-64
BLE,1704634308335672680,D3:F4:55:AB:96:20,-47
BLE,1704634308491367773,DF:DF:EE:00:00:04,-55
BLE,1704634308524698176,D3:F4:55:AB:96:20,-63
BLE,1704634308720346003,D3:F4:55:AB:96:20,-63
BLE,1704634308914161384,D3:F4:55:AB:96:20,-62
BLE,1704634308949619399,DF:DF:EE:00:00:04,-53
BLE,1704634309109719503,D3:F4:55:AB:96:20,-61
BLE,1704634309221653177,DF:A6:DC:DC:2E:81,-83
BLE,1704634309221707719,DF:DF:EE:00:00:01,-83
BLE,1704634309504611550,D3:F4:55:AB:96:20,-64
BLE,1704634309694765330,D3:F4:55:AB:96:20,-64
BLE,1704634309889563038,D3:F4:55:AB:96:20,-64
BLE,1704634310084109372,D3:F4:55:AB:96:20,-63
BLE,1704634310218165358,DF:DF:EE:00:00:04,-54
BLE,1704634310277320340,D3:F4:55:AB:96:20,-63
BLE,1704634310471699634,D3:F4:55:AB:96:20,-63
BLE,1704634310665869221,D3:F4:55:AB:96:20,-64
BLE,1704634310756192163,DF:DF:EE:00:00:04,-53
BLE,1704634310859431770,D3:F4:55:AB:96:20,-63
BLE,1704634311048640890,D3:F4:55:AB:96:20,-64
BLE,1704634311244830171,D3:F4:55:AB:96:20,-63
BLE,1704634311439616254,D3:F4:55:AB:96:20,-64
BLE,1704634311635185915,D3:F4:55:AB:96:20,-64
BLE,1704634311757097981,DF:DF:EE:00:00:04,-54
BLE,1704634311764128684,DF:A6:DC:DC:2E:81,-82
BLE,1704634311764153184,DF:DF:EE:00:00:01,-82
BLE,1704634312207311661,D3:F4:55:AB:96:20,-63
BLE,1704634312394903375,D3:F4:55:AB:96:20,-62
BLE,1704634312757266429,DF:DF:EE:00:00:04,-53
BLE,1704634312775198518,D3:F4:55:AB:96:20,-60
BLE,1704634312971971629,D3:F4:55:AB:96:20,-63
BLE,1704634313165928384,D3:F4:55:AB:96:20,-64
BLE,1704634313215391598,DF:DF:EE:00:00:04,-54
BLE,1704634313359246893,D3:F4:55:AB:96:20,-63
BLE,1704634313552247696,D3:F4:55:AB:96:20,-53
BLE,1704634313739780369,D3:F4:55:AB:96:20,-63
BLE,1704634313928477200,D3:F4:55:AB:96:20,-48
BLE,1704634314123419115,D3:F4:55:AB:96:20,-62
BLE,1704634314219741684,DF:DF:EE:00:00:04,-54
BLE,1704634314303487004,DF:A6:DC:DC:2E:81,-82
BLE,1704634314303515920,DF:DF:EE:00:00:01,-82
BLE,1704634314320874930,D3:F4:55:AB:96:20,-47
BLE,1704634314508978391,D3:F4:55:AB:96:20,-61
BLE,1704634314705160339,D3:F4:55:AB:96:20,-64
BLE,1704634314757904406,DF:DF:EE:00:00:04,-39
BLE,1704634314759329271,DF:DF:EE:00:00:04,-57
BLE,1704634314890877940,D3:F4:55:AB:96:20,-48
BLE,1704634315079891478,D3:F4:55:AB:96:20,-62
BLE,1704634315214790375,DF:DF:EE:00:00:04,-40
BLE,1704634315459831082,D3:F4:55:AB:96:20,-62
BLE,1704634315851057070,D3:F4:55:AB:96:20,-64
BLE,1704634316037947913,D3:F4:55:AB:96:20,-63
BLE,1704634316232263207,D3:F4:55:AB:96:20,-63
BLE,1704634316426110130,D3:F4:55:AB:96:20,-64
BLE,1704634316489853207,DF:DF:EE:00:00:04,-53
BLE,1704634316616182077,D3:F4:55:AB:96:20,-64
BLE,1704634316807074769,D3:F4:55:AB:96:20,-64
BLE,1704634316996893301,D3:F4:55:AB:96:20,-63
BLE,1704634317184792430,D3:F4:55:AB:96:20,-63
BLE,1704634317569349962,D3:F4:55:AB:96:20,-63
BLE,1704634317756521261,DF:DF:EE:00:00:04,-53
BLE,1704634317762351931,D3:F4:55:AB:96:20,-62
BLE,1704634317949700022,D3:F4:55:AB:96:20,-63
BLE,1704634318139822760,D3:F4:55:AB:96:20,-63
BLE,1704634318334284720,D3:F4:55:AB:96:20,-63
BLE,1704634318528782555,D3:F4:55:AB:96:20,-63
BLE,1704634318716814640,D3:F4:55:AB:96:20,-63
BLE,1704634318912692549,D3:F4:55:AB:96:20,-63
BLE,1704634319098952647,D3:F4:55:AB:96:20,-63
BLE,1704634319289992046,D3:F4:55:AB:96:20,-64
BLE,1704634319477306887,D3:F4:55:AB:96:20,-62
BLE,1704634319574785198,DF:DF:EE:00:00:04,-54
BLE,1704634319670571521,D3:F4:55:AB:96:20,-62
BLE,1704634319860059014,D3:F4:55:AB:96:20,-61
BLE,1704634320036745550,DF:DF:EE:00:00:04,-55
BLE,1704634320048961802,D3:F4:55:AB:96:20,-48
BLE,1704634320428114037,D3:F4:55:AB:96:20,-61
BLE,1704634320567357321,DF:DF:EE:00:00:04,-55
BLE,1704634320816850083,D3:F4:55:AB:96:20,-64
BLE,1704634321006862655,D3:F4:55:AB:96:20,-48
BLE,1704634321198533175,D3:F4:55:AB:96:20,-64
BLE,1704634321580763515,D3:F4:55:AB:96:20,-64
BLE,1704634321934470876,DF:A6:DC:DC:2E:81,-82
BLE,1704634321934507001,DF:DF:EE:00:00:01,-82
BLE,1704634321964473261,D3:F4:55:AB:96:20,-64
BLE,1704634322038507769,DF:DF:EE:00:00:04,-55
BLE,1704634322157162316,D3:F4:55:AB:96:20,-62
BLE,1704634322537146128,D3:F4:55:AB:96:20,-63
BLE,1704634322730670677,D3:F4:55:AB:96:20,-64
BLE,1704634322731798503,D3:F4:55:AB:96:20,-64
BLE,1704634322920100671,D3:F4:55:AB:96:20,-63
BLE,1704634323109863537,D3:F4:55:AB:96:20,-64
BLE,1704634323306164109,D3:F4:55:AB:96:20,-61
BLE,1704634323693835746,D3:F4:55:AB:96:20,-64
BLE,1704634324076389499,D3:F4:55:AB:96:20,-63
BLE,1704634324461798525,D3:F4:55:AB:96:20,-64
BLE,1704634324477261673,DF:A6:DC:DC:2E:81,-83
BLE,1704634324477287756,DF:DF:EE:00:00:01,-83
BLE,1704634324580768278,DF:DF:EE:00:00:04,-56
BLE,1704634324654973369,D3:F4:55:AB:96:20,-62
BLE,1704634324847307343,D3:F4:55:AB:96:20,-53
BLE,1704634325227536779,D3:F4:55:AB:96:20,-64
BLE,1704634325608800666,D3:F4:55:AB:96:20,-64
BLE,1704634325859453753,DF:DF:EE:00:00:04,-57
BLE,1704634325989139434,D3:F4:55:AB:96:20,-64
BLE,1704634326369918366,D3:F4:55:AB:96:20,-62
BLE,1704634326559062653,D3:F4:55:AB:96:20,-64
BLE,1704634326744818254,D3:F4:55:AB:96:20,-61
BLE,1704634326944369847,D3:F4:55:AB:96:20,-64
BLE,1704634327128287460,DF:DF:EE:00:00:04,-54
BLE,1704634327327832219,D3:F4:55:AB:96:20,-62
BLE,1704634327514503689,D3:F4:55:AB:96:20,-63
BLE,1704634327710718721,D3:F4:55:AB:96:20,-63
BLE,1704634328095681500,D3:F4:55:AB:96:20,-58
BLE,1704634328290012127,D3:F4:55:AB:96:20,-63
BLE,1704634328406320772,DF:DF:EE:00:00:04,-55
BLE,1704634328479088956,D3:F4:55:AB:96:20,-63
BLE,1704634328670144939,D3:F4:55:AB:96:20,-64
BLE,1704634328865712891,D3:F4:55:AB:96:20,-63
BLE,1704634328936979168,DF:DF:EE:00:00:04,-53
BLE,1704634329059073567,D3:F4:55:AB:96:20,-63
BLE,1704634329249858051,D3:F4:55:AB:96:20,-64
BLE,1704634329401971542,DF:DF:EE:00:00:04,-53
BLE,1704634329444823966,D3:F4:55:AB:96:20,-63
BLE,1704634329639736756,D3:F4:55:AB:96:20,-64
BLE,1704634329832102480,D3:F4:55:AB:96:20,-64
BLE,1704634330023830333,D3:F4:55:AB:96:20,-63
BLE,1704634330210030889,D3:F4:55:AB:96:20,-63
BLE,1704634330405021595,D3:F4:55:AB:96:20,-63
BLE,1704634330596259452,D3:F4:55:AB:96:20,-63
BLE,1704634330791671697,D3:F4:55:AB:96:20,-63
BLE,1704634330843666185,DF:A6:DC:DC:2E:81,-83
BLE,1704634330843690643,DF:DF:EE:00:00:01,-83
BLE,1704634330945115429,DF:DF:EE:00:00:04,-56
BLE,1704634330984874123,D3:F4:55:AB:96:20,-62
BLE,1704634331174484449,D3:F4:55:AB:96:20,-63
BLE,1704634331368730618,D3:F4:55:AB:96:20,-64
BLE,1704634331398332547,DF:DF:EE:00:00:04,-54
BLE,1704634331564606652,D3:F4:55:AB:96:20,-63
BLE,1704634331758889030,D3:F4:55:AB:96:20,-63
BLE,1704634331943828219,DF:DF:EE:00:00:04,-53
BLE,1704634331952491704,D3:F4:55:AB:96:20,-64
BLE,1704634332338273144,D3:F4:55:AB:96:20,-48
BLE,1704634332400644480,DF:DF:EE:00:00:04,-55
BLE,1704634332527018767,D3:F4:55:AB:96:20,-63
BLE,1704634332724199417,D3:F4:55:AB:96:20,-63
BLE,1704634332913826284,D3:F4:55:AB:96:20,-63
BLE,1704634332936472092,DF:DF:EE:00:00:04,-54
BLE,1704634333299464517,D3:F4:55:AB:96:20,-63
BLE,1704634333404577445,DF:DF:EE:00:00:04,-54
BLE,1704634333491109662,D3:F4:55:AB:96:20,-63
BLE,1704634333679427538,D3:F4:55:AB:96:20,-63
BLE,1704634333869970566,D3:F4:55:AB:96:20,-64
BLE,1704634334062707995,D3:F4:55:AB:96:20,-63
BLE,1704634334440017909,DF:DF:EE:00:00:04,-53
BLE,1704634334444999001,D3:F4:55:AB:96:20,-61
BLE,1704634334665842369,DF:A6:DC:DC:2E:81,-83
BLE,1704634334665872035,DF:DF:EE:00:00:01,-83
BLE,1704634334834963497,D3:F4:55:AB:96:20,-64
BLE,1704634334905151406,DF:DF:EE:00:00:04,-54
BLE,1704634335024566155,D3:F4:55:AB:96:20,-63
BLE,1704634335222083053,D3:F4:55:AB:96:20,-63
BLE,1704634335798908310,D3:F4:55:AB:96:20,-64
BLE,1704634335992523525,D3:F4:55:AB:96:20,-63
BLE,1704634336189984174,D3:F4:55:AB:96:20,-47
BLE,1704634336375529984,D3:F4:55:AB:96:20,-63
BLE,1704634336718259585,DF:DF:EE:00:00:04,-53
BLE,1704634336719622285,DF:DF:EE:00:00:04,-54
BLE,1704634336757369618,D3:F4:55:AB:96:20,-63
BLE,1704634336947079526,D3:F4:55:AB:96:20,-64
BLE,1704634337141322279,D3:F4:55:AB:96:20,-63
BLE,1704634337181343263,DF:DF:EE:00:00:04,-55
BLE,1704634337336340985,D3:F4:55:AB:96:20,-64
BLE,1704634337531098026,D3:F4:55:AB:96:20,-64
BLE,1704634337720506769,D3:F4:55:AB:96:20,-62
BLE,1704634337722453048,DF:DF:EE:00:00:04,-55
BLE,1704634337910808715,D3:F4:55:AB:96:20,-63
BLE,1704634338175246211,DF:DF:EE:00:00:04,-54
BLE,1704634338299532553,D3:F4:55:AB:96:20,-64
BLE,1704634338684534373,D3:F4:55:AB:96:20,-64
BLE,1704634338877826674,D3:F4:55:AB:96:20,-62
BLE,1704634339069608069,D3:F4:55:AB:96:20,-63
BLE,1704634339179991045,DF:DF:EE:00:00:04,-56
BLE,1704634339257160199,D3:F4:55:AB:96:20,-52
BLE,1704634339454612223,D3:F4:55:AB:96:20,-63
BLE,1704634340031999225,D3:F4:55:AB:96:20,-64
BLE,1704634340182715517,DF:DF:EE:00:00:04,-62
BLE,1704634340616443848,D3:F4:55:AB:96:20,-64
BLE,1704634340721236069,DF:DF:EE:00:00:04,-54
BLE,1704634340809712607,D3:F4:55:AB:96:20,-63
BLE,1704634340998864769,D3:F4:55:AB:96:20,-62
BLE,1704634341176707798,DF:DF:EE:00:00:04,-54
BLE,1704634341377699589,D3:F4:55:AB:96:20,-64
BLE,1704634341718120247,DF:DF:EE:00:00:04,-54
BLE,1704634341770482441,D3:F4:55:AB:96:20,-64
BLE,1704634341793416706,DF:DF:EE:00:00:04,-55
BLE,1704634341957587659,D3:F4:55:AB:96:20,-63
BLE,1704634342149982840,D3:F4:55:AB:96:20,-63
BLE,1704634342340223037,D3:F4:55:AB:96:20,-63
BLE,1704634342910880792,D3:F4:55:AB:96:20,-64
BLE,1704634342949593535,DF:DF:EE:00:00:04,-54
BLE,1704634343107022949,D3:F4:55:AB:96:20,-63
BLE,1704634343298803302,D3:F4:55:AB:96:20,-64
BLE,1704634343489371079,DF:DF:EE:00:00:04,-53
BLE,1704634343493795050,D3:F4:55:AB:96:20,-62
BLE,1704634343576837041,DF:A6:DC:DC:2E:81,-83
BLE,1704634343576863165,DF:DF:EE:00:00:01,-83
BLE,1704634343689009588,D3:F4:55:AB:96:20,-64
BLE,1704634343886782859,D3:F4:55:AB:96:20,-63
BLE,1704634344075578023,D3:F4:55:AB:96:20,-63
BLE,1704634344268451577,D3:F4:55:AB:96:20,-48
BLE,1704634344454959048,D3:F4:55:AB:96:20,-64
BLE,1704634344648449806,D3:F4:55:AB:96:20,-63
BLE,1704634344838150423,D3:F4:55:AB:96:20,-63
BLE,1704634345034319788,D3:F4:55:AB:96:20,-64
BLE,1704634345230573194,DF:DF:EE:00:00:04,-54
BLE,1704634345413015192,D3:F4:55:AB:96:20,-63
BLE,1704634345600961403,D3:F4:55:AB:96:20,-63
BLE,1704634345799571586,D3:F4:55:AB:96:20,-64
BLE,1704634345991427604,D3:F4:55:AB:96:20,-64
BLE,1704634346508516590,DF:DF:EE:00:00:04,-54
BLE,1704634346565846335,D3:F4:55:AB:96:20,-64
BLE,1704634346753181176,D3:F4:55:AB:96:20,-62
BLE,1704634346947122181,D3:F4:55:AB:96:20,-63
BLE,1704634347048900255,DF:DF:EE:00:00:04,-53
BLE,1704634347137738708,D3:F4:55:AB:96:20,-64
BLE,1704634347333902656,D3:F4:55:AB:96:20,-63
BLE,1704634347506517886,DF:DF:EE:00:00:04,-54
BLE,1704634347525254262,D3:F4:55:AB:96:20,-64
BLE,1704634347909786461,D3:F4:55:AB:96:20,-64
BLE,1704634348044834023,DF:DF:EE:00:00:04,-55
BLE,1704634348097451799,D3:F4:55:AB:96:20,-63
BLE,1704634348294422909,D3:F4:55:AB:96:20,-63
BLE,1704634348485079560,D3:F4:55:AB:96:20,-63
BLE,1704634348503972643,DF:DF:EE:00:00:04,-53
BLE,1704634348680626513,D3:F4:55:AB:96:20,-63
BLE,1704634348866595904,D3:F4:55:AB:96:20,-64
BLE,1704634349057338680,D3:F4:55:AB:96:20,-63
BLE,1704634349250172068,D3:F4:55:AB:96:20,-61
BLE,1704634349443526493,D3:F4:55:AB:96:20,-62
BLE,1704634349775316834,DF:DF:EE:00:00:04,-53
BLE,1704634349825150045,D3:F4:55:AB:96:20,-63
BLE,1704634350020151584,D3:F4:55:AB:96:20,-64
BLE,1704634350318633687,DF:DF:EE:00:00:04,-55
BLE,1704634350403199835,D3:F4:55:AB:96:20,-62
BLE,1704634350775265950,DF:DF:EE:00:00:04,-54
BLE,1704634350792285003,D3:F4:55:AB:96:20,-64
BLE,1704634350985425139,D3:F4:55:AB:96:20,-48
BLE,1704634351174811215,D3:F4:55:AB:96:20,-63
BLE,1704634351319447464,DF:DF:EE:00:00:04,-53
BLE,1704634351557840008,D3:F4:55:AB:96:20,-63
BLE,1704634351753531376,D3:F4:55:AB:96:20,-64
BLE,1704634351776685264,DF:DF:EE:00:00:04,-54
BLE,1704634352137790285,D3:F4:55:AB:96:20,-64
BLE,1704634352322669975,DF:DF:EE:00:00:04,-55
BLE,1704634352329999385,D3:F4:55:AB:96:20,-63
BLE,1704634352485291354,DF:A6:DC:DC:2E:81,-83
BLE,1704634352485323229,DF:DF:EE:00:00:01,-83
BLE,1704634352525369547,D3:F4:55:AB:96:20,-63
BLE,1704634352714797332,D3:F4:55:AB:96:20,-63
BLE,1704634352912025648,D3:F4:55:AB:96:20,-63
BLE,1704634353297677756,D3:F4:55:AB:96:20,-63
BLE,1704634353318825574,DF:DF:EE:00:00:04,-53
BLE,1704634353689112576,D3:F4:55:AB:96:20,-64
BLE,1704634353785110898,DF:DF:EE:00:00:04,-55
BLE,1704634353877763949,D3:F4:55:AB:96:20,-63
BLE,1704634354075221764,D3:F4:55:AB:96:20,-63
BLE,1704634354319191771,DF:DF:EE:00:00:04,-54
BLE,1704634354451431977,D3:F4:55:AB:96:20,-64
BLE,1704634354646636307,D3:F4:55:AB:96:20,-63
BLE,1704634354781472287,DF:DF:EE:00:00:04,-53
BLE,1704634355030460802,DF:A6:DC:DC:2E:81,-81
BLE,1704634355030490260,DF:DF:EE:00:00:01,-81
BLE,1704634355039770990,D3:F4:55:AB:96:20,-64
BLE,1704634355231039013,D3:F4:55:AB:96:20,-62
BLE,1704634355428046372,D3:F4:55:AB:96:20,-63
BLE,1704634355617323450,D3:F4:55:AB:96:20,-63
BLE,1704634355997472970,D3:F4:55:AB:96:20,-64
BLE,1704634356052729603,DF:DF:EE:00:00:04,-54
BLE,1704634356194007582,D3:F4:55:AB:96:20,-63
BLE,1704634356381082591,D3:F4:55:AB:96:20,-63
BLE,1704634356763881260,D3:F4:55:AB:96:20,-63
BLE,1704634356958672259,D3:F4:55:AB:96:20,-63
BLE,1704634357148548000,D3:F4:55:AB:96:20,-63
BLE,1704634357327347938,DF:DF:EE:00:00:04,-53
BLE,1704634357341671427,D3:F4:55:AB:96:20,-63
BLE,1704634357533005824,D3:F4:55:AB:96:20,-48
BLE,1704634357571225320,DF:A6:DC:DC:2E:81,-82
BLE,1704634357571255653,DF:DF:EE:00:00:01,-82
BLE,1704634357863264508,DF:DF:EE:00:00:04,-54
BLE,1704634357915302538,D3:F4:55:AB:96:20,-62
BLE,1704634358105629566,D3:F4:55:AB:96:20,-62
BLE,1704634358328268214,DF:DF:EE:00:00:04,-55
BLE,1704634358689239278,D3:F4:55:AB:96:20,-59
BLE,1704634358879914346,D3:F4:55:AB:96:20,-63
BLE,1704634359072042322,D3:F4:55:AB:96:20,-47
BLE,1704634359265862244,D3:F4:55:AB:96:20,-62
BLE,1704634359457763304,D3:F4:55:AB:96:20,-47
BLE,1704634359596352635,DF:DF:EE:00:00:04,-55
BLE,1704634359651102646,D3:F4:55:AB:96:20,-62
BLE,1704634360031594664,D3:F4:55:AB:96:20,-62
BLE,1704634360115478899,DF:A6:DC:DC:2E:81,-82
BLE,1704634360115506899,DF:DF:EE:00:00:01,-82
BLE,1704634360227525530,D3:F4:55:AB:96:20,-48
BLE,1704634360595408631,DF:DF:EE:00:00:04,-53
BLE,1704634360798888490,D3:F4:55:AB:96:20,-48
BLE,1704634360992783537,D3:F4:55:AB:96:20,-62
BLE,1704634361189049693,D3:F4:55:AB:96:20,-64
BLE,1704634361384064482,D3:F4:55:AB:96:20,-48
BLE,1704634361959046501,D3:F4:55:AB:96:20,-61
BLE,1704634362150001859,D3:F4:55:AB:96:20,-48
BLE,1704634362340483554,D3:F4:55:AB:96:20,-62
BLE,1704634362539904564,D3:F4:55:AB:96:20,-62
BLE,1704634362737820626,D3:F4:55:AB:96:20,-63
BLE,1704634362925072050,D3:F4:55:AB:96:20,-62
BLE,1704634363119957716,D3:F4:55:AB:96:20,-64
BLE,1704634363147579866,DF:DF:EE:00:00:04,-55
BLE,1704634363312454064,D3:F4:55:AB:96:20,-61
BLE,1704634363506720941,D3:F4:55:AB:96:20,-64
BLE,1704634363698959624,D3:F4:55:AB:96:20,-62
BLE,1704634363890374354,D3:F4:55:AB:96:20,-64
BLE,1704634364080513676,D3:F4:55:AB:96:20,-48
BLE,1704634364155935218,DF:DF:EE:00:00:04,-41
BLE,1704634364273103440,D3:F4:55:AB:96:20,-64
BLE,1704634364466694864,D3:F4:55:AB:96:20,-63
BLE,1704634364659225379,D3:F4:55:AB:96:20,-61
BLE,1704634364848860704,D3:F4:55:AB:96:20,-64
BLE,1704634365042787500,D3:F4:55:AB:96:20,-63
BLE,1704634365235310557,D3:F4:55:AB:96:20,-63
BLE,1704634365422982978,DF:DF:EE:00:00:04,-54
BLE,1704634365426397622,D3:F4:55:AB:96:20,-63
BLE,1704634365821251752,D3:F4:55:AB:96:20,-64
BLE,1704634366011677322,D3:F4:55:AB:96:20,-63
BLE,1704634366394434950,D3:F4:55:AB:96:20,-61
BLE,1704634366585005144,D3:F4:55:AB:96:20,-64
BLE,1704634366695069997,DF:DF:EE:00:00:04,-53
BLE,1704634366774386554,D3:F4:55:AB:96:20,-63
BLE,1704634366964943581,D3:F4:55:AB:96:20,-64
BLE,1704634367156741975,D3:F4:55:AB:96:20,-63
BLE,1704634367355311658,D3:F4:55:AB:96:20,-63
BLE,1704634367927938817,D3:F4:55:AB:96:20,-62
BLE,1704634367967602263,DF:DF:EE:00:00:04,-53
BLE,1704634368124124391,D3:F4:55:AB:96:20,-63
BLE,1704634368317889814,D3:F4:55:AB:96:20,-63
BLE,1704634368701291187,D3:F4:55:AB:96:20,-64
BLE,1704634368889329647,D3:F4:55:AB:96:20,-63
BLE,1704634369080536837,D3:F4:55:AB:96:20,-63
BLE,1704634369466406860,D3:F4:55:AB:96:20,-64
BLE,1704634369660270991,D3:F4:55:AB:96:20,-64
BLE,1704634369783068426,DF:DF:EE:00:00:04,-55
BLE,1704634369853834582,D3:F4:55:AB:96:20,-63
BLE,1704634370050318320,D3:F4:55:AB:96:20,-64
BLE,1704634370238453613,DF:DF:EE:00:00:04,-53
BLE,1704634370243210415,D3:F4:55:AB:96:20,-63
BLE,1704634370434675936,D3:F4:55:AB:96:20,-63
BLE,1704634370822861778,D3:F4:55:AB:96:20,-64
BLE,1704634371021950165,D3:F4:55:AB:96:20,-63
BLE,1704634371405982076,D3:F4:55:AB:96:20,-64
BLE,1704634371517487586,DF:DF:EE:00:00:04,-54
BLE,1704634371596633144,D3:F4:55:AB:96:20,-63
BLE,1704634371987880590,D3:F4:55:AB:96:20,-64
BLE,1704634372056539926,DF:DF:EE:00:00:04,-55
BLE,1704634372175777052,D3:F4:55:AB:96:20,-63
BLE,1704634372369476392,D3:F4:55:AB:96:20,-63
BLE,1704634372522525501,DF:DF:EE:00:00:04,-54
BLE,1704634372559040759,D3:F4:55:AB:96:20,-63
BLE,1704634373141919600,D3:F4:55:AB:96:20,-63
BLE,1704634373337884384,D3:F4:55:AB:96:20,-64
BLE,1704634373524806768,D3:F4:55:AB:96:20,-63
BLE,1704634373713856889,D3:F4:55:AB:96:20,-64
BLE,1704634373795110100,DF:DF:EE:00:00:04,-54
BLE,1704634374100711989,D3:F4:55:AB:96:20,-59
BLE,1704634374672994984,D3:F4:55:AB:96:20,-62
BLE,1704634375058055554,D3:F4:55:AB:96:20,-61
BLE,1704634375069260980,DF:DF:EE:00:00:04,-55
BLE,1704634375391033970,DF:A6:DC:DC:2E:81,-83
BLE,1704634375391083887,DF:DF:EE:00:00:01,-83
BLE,1704634375447625970,D3:F4:55:AB:96:20,-62
BLE,1704634375834426612,D3:F4:55:AB:96:20,-64
BLE,1704634376020366545,D3:F4:55:AB:96:20,-62
BLE,1704634376210978947,D3:F4:55:AB:96:20,-62
BLE,1704634376343014029,DF:DF:EE:00:00:04,-53
BLE,1704634376594400653,D3:F4:55:AB:96:20,-64
BLE,1704634376787279207,D3:F4:55:AB:96:20,-63
BLE,1704634376982030540,D3:F4:55:AB:96:20,-63
BLE,1704634377169897585,D3:F4:55:AB:96:20,-63
BLE,1704634377364463128,D3:F4:55:AB:96:20,-64
BLE,1704634377557704679,D3:F4:55:AB:96:20,-64
BLE,1704634377608043887,DF:DF:EE:00:00:04,-53
BLE,1704634377940110809,D3:F4:55:AB:96:20,-64
BLE,1704634378130229839,D3:F4:55:AB:96:20,-63
BLE,1704634378153230895,DF:DF:EE:00:00:04,-54
BLE,1704634378514813829,D3:F4:55:AB:96:20,-64
BLE,1704634378898251243,D3:F4:55:AB:96:20,-62
BLE,1704634379085018254,D3:F4:55:AB:96:20,-63
BLE,1704634379275657781,D3:F4:55:AB:96:20,-64
BLE,1704634379463988657,D3:F4:55:AB:96:20,-48
BLE,1704634379662411299,D3:F4:55:AB:96:20,-63
BLE,1704634380244425187,D3:F4:55:AB:96:20,-64
BLE,1704634380430478036,D3:F4:55:AB:96:20,-62
BLE,1704634380620744482,D3:F4:55:AB:96:20,-64
BLE,1704634380815799813,D3:F4:55:AB:96:20,-61
BLE,1704634381014005540,D3:F4:55:AB:96:20,-63
BLE,1704634381204931023,D3:F4:55:AB:96:20,-62
BLE,1704634381580731405,D3:F4:55:AB:96:20,-63
BLE,1704634381771122308,D3:F4:55:AB:96:20,-64
BLE,1704634381772656548,D3:F4:55:AB:96:20,-64
BLE,1704634381962988869,D3:F4:55:AB:96:20,-64
BLE,1704634382161386053,DF:DF:EE:00:00:04,-55
BLE,1704634382545583087,D3:F4:55:AB:96:20,-64
BLE,1704634382703447456,DF:DF:EE:00:00:04,-54
BLE,1704634382738700889,D3:F4:55:AB:96:20,-63
BLE,1704634382932058981,D3:F4:55:AB:96:20,-63
BLE,1704634383160239551,DF:DF:EE:00:00:04,-54
BLE,1704634383322794139,D3:F4:55:AB:96:20,-64
BLE,1704634383514685366,D3:F4:55:AB:96:20,-63
BLE,1704634383705967138,DF:DF:EE:00:00:04,-56
BLE,1704634384162710608,DF:DF:EE:00:00:04,-55
BLE,1704634384292814370,D3:F4:55:AB:96:20,-63
BLE,1704634384301496521,DF:A6:DC:DC:2E:81,-83
BLE,1704634384301522312,DF:DF:EE:00:00:01,-83
BLE,1704634384485992588,D3:F4:55:AB:96:20,-63
BLE,1704634384705552548,DF:DF:EE:00:00:04,-53
BLE,1704634384879746893,D3:F4:55:AB:96:20,-63
BLE,1704634385070254170,D3:F4:55:AB:96:20,-64
BLE,1704634385163321511,DF:DF:EE:00:00:04,-54
BLE,1704634385263124266,D3:F4:55:AB:96:20,-63
BLE,1704634385452054554,D3:F4:55:AB:96:20,-63
BLE,1704634385648393543,D3:F4:55:AB:96:20,-63
BLE,1704634385696555807,DF:DF:EE:00:00:04,-53
BLE,1704634385840568810,D3:F4:55:AB:96:20,-64
BLE,1704634386220742204,D3:F4:55:AB:96:20,-64
BLE,1704634386412474974,D3:F4:55:AB:96:20,-63
BLE,1704634386601429970,D3:F4:55:AB:96:20,-63
BLE,1704634386702714048,DF:DF:EE:00:00:04,-55
BLE,1704634386792798117,D3:F4:55:AB:96:20,-63
BLE,1704634386846895175,DF:A6:DC:DC:2E:81,-82
BLE,1704634386846920883,DF:DF:EE:00:00:01,-82
BLE,1704634386985851128,D3:F4:55:AB:96:20,-64
BLE,1704634387167296299,DF:DF:EE:00:00:04,-53
BLE,1704634387176513030,D3:F4:55:AB:96:20,-63
BLE,1704634387745748628,D3:F4:55:AB:96:20,-64
BLE,1704634387939078387,D3:F4:55:AB:96:20,-63
BLE,1704634388127518262,D3:F4:55:AB:96:20,-63
BLE,1704634388322345761,D3:F4:55:AB:96:20,-64
BLE,1704634388437137875,DF:DF:EE:00:00:04,-55
BLE,1704634388511658089,D3:F4:55:AB:96:20,-63
BLE,1704634388708994029,D3:F4:55:AB:96:20,-63
BLE,1704634388899430224,D3:F4:55:AB:96:20,-64
BLE,1704634389088115514,D3:F4:55:AB:96:20,-63
BLE,1704634389278253253,D3:F4:55:AB:96:20,-63
BLE,1704634389439808389,DF:DF:EE:00:00:04,-54
BLE,1704634389469685441,D3:F4:55:AB:96:20,-63
BLE,1704634389655583958,D3:F4:55:AB:96:20,-63
BLE,1704634390040232322,D3:F4:55:AB:96:20,-63
BLE,1704634390709616881,DF:DF:EE:00:00:04,-56
BLE,1704634390815871593,D3:F4:55:AB:96:20,-64
BLE,1704634391194609080,D3:F4:55:AB:96:20,-62
BLE,1704634391389323497,D3:F4:55:AB:96:20,-63
BLE,1704634391587796388,D3:F4:55:AB:96:20,-64
BLE,1704634391782165016,D3:F4:55:AB:96:20,-63
BLE,1704634391989793888,DF:DF:EE:00:00:04,-54
BLE,1704634392357897071,D3:F4:55:AB:96:20,-63
BLE,1704634392547350606,D3:F4:55:AB:96:20,-64
BLE,1704634392925586430,D3:F4:55:AB:96:20,-64
BLE,1704634393115764501,D3:F4:55:AB:96:20,-63
BLE,1704634393311903492,D3:F4:55:AB:96:20,-62
BLE,1704634393505979912,D3:F4:55:AB:96:20,-63
BLE,1704634393701844154,D3:F4:55:AB:96:20,-63
BLE,1704634393889691992,D3:F4:55:AB:96:20,-63
BLE,1704634394086084397,D3:F4:55:AB:96:20,-63
BLE,1704634394538286605,DF:DF:EE:00:00:04,-53
BLE,1704634394660895667,D3:F4:55:AB:96:20,-64
BLE,1704634394857184364,D3:F4:55:AB:96:20,-63
BLE,1704634395075794247,DF:DF:EE:00:00:04,-55
BLE,1704634395243306719,D3:F4:55:AB:96:20,-64
BLE,1704634395437834804,D3:F4:55:AB:96:20,-63
BLE,1704634395540000918,DF:DF:EE:00:00:04,-54
BLE,1704634395631007272,D3:F4:55:AB:96:20,-64
BLE,1704634395820405516,D3:F4:55:AB:96:20,-48
BLE,1704634396015456638,D3:F4:55:AB:96:20,-63
BLE,1704634396207783154,D3:F4:55:AB:96:20,-63
BLE,1704634396398452722,D3:F4:55:AB:96:20,-59
BLE,1704634396537067969,DF:DF:EE:00:00:04,-54
BLE,1704634396777059585,D3:F4:55:AB:96:20,-64
BLE,1704634396968694522,D3:F4:55:AB:96:20,-63
BLE,1704634397013529767,DF:A6:DC:DC:2E:81,-82
BLE,1704634397013555350,DF:DF:EE:00:00:01,-82
BLE,1704634397163461647,D3:F4:55:AB:96:20,-63
BLE,1704634397353469761,D3:F4:55:AB:96:20,-47
BLE,1704634397549696418,D3:F4:55:AB:96:20,-63
BLE,1704634397734888231,D3:F4:55:AB:96:20,-64
BLE,1704634397806422923,DF:DF:EE:00:00:04,-53
BLE,1704634397931366969,D3:F4:55:AB:96:20,-62
BLE,1704634398125898512,D3:F4:55:AB:96:20,-62
BLE,1704634398321409964,D3:F4:55:AB:96:20,-63
BLE,1704634398342902030,DF:DF:EE:00:00:04,-54
BLE,1704634398715353934,D3:F4:55:AB:96:20,-64
BLE,1704634398806017833,DF:DF:EE:00:00:04,-54
BLE,1704634399091385314,D3:F4:55:AB:96:20,-64
BLE,1704634399287881386,D3:F4:55:AB:96:20,-63
BLE,1704634399477715543,D3:F4:55:AB:96:20,-64
BLE,1704634399672916623,D3:F4:55:AB:96:20,-61
BLE,1704634399863512900,D3:F4:55:AB:96:20,-64
BLE,1704634400059248851,D3:F4:55:AB:96:20,-64
BLE,1704634400249135925,D3:F4:55:AB:96:20,-63
BLE,1704634400437617966,D3:F4:55:AB:96:20,-63
BLE,1704634401208116354,D3:F4:55:AB:96:20,-62
BLE,1704634401364280568,DF:DF:EE:00:00:04,-53
BLE,1704634401589850113,D3:F4:55:AB:96:20,-64
BLE,1704634401972286034,D3:F4:55:AB:96:20,-64
BLE,1704634402162138733,D3:F4:55:AB:96:20,-62
BLE,1704634402741358474,D3:F4:55:AB:96:20,-64
BLE,1704634402939294077,D3:F4:55:AB:96:20,-64
BLE,1704634403129588273,D3:F4:55:AB:96:20,-63
BLE,1704634403175156346,DF:DF:EE:00:00:04,-54
BLE,1704634403319164515,D3:F4:55:AB:96:20,-63
BLE,1704634403320540548,D3:F4:55:AB:96:20,-64
BLE,1704634403512925855,D3:F4:55:AB:96:20,-64
BLE,1704634403638992768,DF:DF:EE:00:00:04,-53
BLE,1704634403891031305,D3:F4:55:AB:96:20,-63
BLE,1704634404081054794,D3:F4:55:AB:96:20,-63
BLE,1704634404172157106,DF:DF:EE:00:00:04,-54
BLE,1704634404271847070,D3:F4:55:AB:96:20,-64
BLE,1704634404462684970,D3:F4:55:AB:96:20,-63
BLE,1704634404847770207,D3:F4:55:AB:96:20,-64
BLE,1704634405040878176,D3:F4:55:AB:96:20,-63
BLE,1704634405169871237,DF:DF:EE:00:00:04,-53
BLE,1704634405235813466,D3:F4:55:AB:96:20,-64
BLE,1704634405624574845,D3:F4:55:AB:96:20,-63
BLE,1704634405820571836,D3:F4:55:AB:96:20,-64
BLE,1704634405923639278,DF:A6:DC:DC:2E:81,-71
BLE,1704634405923666611,DF:DF:EE:00:00:01,-71
BLE,1704634406015959373,D3:F4:55:AB:96:20,-63
BLE,1704634406204890203,D3:F4:55:AB:96:20,-63
BLE,1704634406396295350,D3:F4:55:AB:96:20,-63
BLE,1704634406780943673,D3:F4:55:AB:96:20,-63
BLE,1704634407172331493,D3:F4:55:AB:96:20,-64
BLE,1704634407366838578,D3:F4:55:AB:96:20,-61
BLE,1704634407561001665,D3:F4:55:AB:96:20,-63
BLE,1704634407749831329,D3:F4:55:AB:96:20,-64
BLE,1704634407944482454,D3:F4:55:AB:96:20,-63
BLE,1704634408133533283,D3:F4:55:AB:96:20,-63
BLE,1704634408182774206,DF:DF:EE:00:00:04,-54
BLE,1704634408324755431,D3:F4:55:AB:96:20,-63
BLE,1704634408713669517,D3:F4:55:AB:96:20,-63
BLE,1704634408911766370,D3:F4:55:AB:96:20,-63
BLE,1704634409183158986,DF:DF:EE:00:00:04,-55
BLE,1704634409300347792,D3:F4:55:AB:96:20,-57
BLE,1704634409496609240,D3:F4:55:AB:96:20,-63
BLE,1704634409690381787,D3:F4:55:AB:96:20,-64
BLE,1704634410261458624,D3:F4:55:AB:96:20,-63
BLE,1704634410454654258,DF:DF:EE:00:00:04,-54
BLE,1704634410457298783,D3:F4:55:AB:96:20,-64
BLE,1704634410651156580,D3:F4:55:AB:96:20,-64
BLE,1704634410841133361,D3:F4:55:AB:96:20,-63
BLE,1704634410998690441,DF:DF:EE:00:00:04,-54
BLE,1704634411008557709,DF:A6:DC:DC:2E:81,-83
BLE,1704634411008583000,DF:DF:EE:00:00:01,-83
BLE,1704634411032129511,D3:F4:55:AB:96:20,-63
BLE,1704634411415375968,D3:F4:55:AB:96:20,-63
BLE,1704634411454965455,DF:DF:EE:00:00:04,-41
BLE,1704634411611951289,D3:F4:55:AB:96:20,-64
BLE,1704634411807337784,D3:F4:55:AB:96:20,-63
BLE,1704634412187520762,D3:F4:55:AB:96:20,-64
BLE,1704634412381826306,D3:F4:55:AB:96:20,-64
BLE,1704634412580300781,D3:F4:55:AB:96:20,-63
BLE,1704634412772737838,D3:F4:55:AB:96:20,-64
BLE,1704634413156566916,D3:F4:55:AB:96:20,-64
BLE,1704634413276914743,DF:DF:EE:00:00:04,-55
BLE,1704634413543944804,D3:F4:55:AB:96:20,-63
BLE,1704634413734778038,DF:DF:EE:00:00:04,-53
BLE,1704634414113685941,D3:F4:55:AB:96:20,-62
BLE,1704634414306354871,D3:F4:55:AB:96:20,-62
BLE,1704634414499586672,D3:F4:55:AB:96:20,-63
BLE,1704634414695565331,D3:F4:55:AB:96:20,-62
BLE,1704634414729529355,DF:DF:EE:00:00:04,-54
BLE,1704634414881108891,D3:F4:55:AB:96:20,-63
BLE,1704634415466296051,D3:F4:55:AB:96:20,-63
BLE,1704634415854988680,D3:F4:55:AB:96:20,-62
BLE,1704634416011452142,DF:DF:EE:00:00:04,-54
BLE,1704634416094488508,DF:A6:DC:DC:2E:81,-82
BLE,1704634416094515841,DF:DF:EE:00:00:01,-82
BLE,1704634416239530545,D3:F4:55:AB:96:20,-64
BLE,1704634416544489606,DF:DF:EE:00:00:04,-53
BLE,1704634416619916522,D3:F4:55:AB:96:20,-64
BLE,1704634416996359566,D3:F4:55:AB:96:20,-63
BLE,1704634417012505876,DF:DF:EE:00:00:04,-55
BLE,1704634417188679040,D3:F4:55:AB:96:20,-63
BLE,1704634417762027986,D3:F4:55:AB:96:20,-63
BLE,1704634418145026654,D3:F4:55:AB:96:20,-63
BLE,1704634418281223708,DF:DF:EE:00:00:04,-53
BLE,1704634418532300084,D3:F4:55:AB:96:20,-64
BLE,1704634418818853391,DF:DF:EE:00:00:04,-54
BLE,1704634418912038440,D3:F4:55:AB:96:20,-63
BLE,1704634419283276227,DF:DF:EE:00:00:04,-55
BLE,1704634419298733833,D3:F4:55:AB:96:20,-64
BLE,1704634419493320083,D3:F4:55:AB:96:20,-63
BLE,1704634419686925299,D3:F4:55:AB:96:20,-64
BLE,1704634419882616084,D3:F4:55:AB:96:20,-64
BLE,1704634420071615913,D3:F4:55:AB:96:20,-63
BLE,1704634420461114079,D3:F4:55:AB:96:20,-63
BLE,1704634420548691248,DF:DF:EE:00:00:04,-54
BLE,1704634420658382229,D3:F4:55:AB:96:20,-63
BLE,1704634420856257624,D3:F4:55:AB:96:20,-64
BLE,1704634421436707065,D3:F4:55:AB:96:20,-62
BLE,1704634421632031811,D3:F4:55:AB:96:20,-63
BLE,1704634421823258917,D3:F4:55:AB:96:20,-63
BLE,1704634421827608138,DF:DF:EE:00:00:04,-55
BLE,1704634422206123627,D3:F4:55:AB:96:20,-63
BLE,1704634422401391457,D3:F4:55:AB:96:20,-64
BLE,1704634422593579056,D3:F4:55:AB:96:20,-64
BLE,1704634422787408312,D3:F4:55:AB:96:20,-64
BLE,1704634422823812237,DF:DF:EE:00:00:04,-53
BLE,1704634423174145038,D3:F4:55:AB:96:20,-64
BLE,1704634423360954132,DF:DF:EE:00:00:04,-54
BLE,1704634423370796400,D3:F4:55:AB:96:20,-64
BLE,1704634423564064451,D3:F4:55:AB:96:20,-63
BLE,1704634423722252277,DF:A6:DC:DC:2E:81,-83
BLE,1704634423722286818,DF:DF:EE:00:00:01,-83
BLE,1704634423822141406,DF:DF:EE:00:00:04,-54
BLE,1704634423956256141,D3:F4:55:AB:96:20,-64
BLE,1704634424146686877,D3:F4:55:AB:96:20,-63
BLE,1704634424340823964,D3:F4:55:AB:96:20,-62
BLE,1704634424536494416,D3:F4:55:AB:96:20,-63
BLE,1704634424926372580,D3:F4:55:AB:96:20,-62
BLE,1704634425308271796,D3:F4:55:AB:96:20,-64
BLE,1704634425500228606,D3:F4:55:AB:96:20,-63
BLE,1704634425697636754,D3:F4:55:AB:96:20,-63
BLE,1704634425884113392,D3:F4:55:AB:96:20,-63
BLE,1704634426275465754,D3:F4:55:AB:96:20,-64
BLE,1704634426370006085,DF:DF:EE:00:00:04,-56
BLE,1704634426662758060,D3:F4:55:AB:96:20,-63
BLE,1704634426850427565,D3:F4:55:AB:96:20,-63
BLE,1704634426912143822,DF:DF:EE:00:00:04,-55
BLE,1704634427041455339,D3:F4:55:AB:96:20,-64
BLE,1704634427235862424,D3:F4:55:AB:96:20,-63
BLE,1704634427376329075,DF:DF:EE:00:00:04,-54
BLE,1704634427428077107,D3:F4:55:AB:96:20,-63
BLE,1704634427617550600,D3:F4:55:AB:96:20,-63
BLE,1704634428007363806,D3:F4:55:AB:96:20,-63
BLE,1704634428198651411,D3:F4:55:AB:96:20,-63
BLE,1704634428398392961,D3:F4:55:AB:96:20,-63
BLE,1704634428585864967,D3:F4:55:AB:96:20,-63
BLE,1704634428645810445,DF:DF:EE:00:00:04,-55
BLE,1704634428779766723,D3:F4:55:AB:96:20,-63
BLE,1704634428967529519,D3:F4:55:AB:96:20,-63
BLE,1704634429357202350,D3:F4:55:AB:96:20,-62
BLE,1704634429552661678,D3:F4:55:AB:96:20,-63
BLE,1704634429744822528,D3:F4:55:AB:96:20,-64
BLE,1704634429927684524,DF:DF:EE:00:00:04,-54
BLE,1704634429932187535,D3:F4:55:AB:96:20,-63
BLE,1704634430130280971,D3:F4:55:AB:96:20,-62
BLE,1704634430457825465,DF:DF:EE:00:00:04,-54
BLE,1704634430516559158,D3:F4:55:AB:96:20,-63
BLE,1704634430715013800,D3:F4:55:AB:96:20,-62
BLE,1704634430909751800,D3:F4:55:AB:96:20,-64
BLE,1704634431349643381,DF:A6:DC:DC:2E:81,-82
BLE,1704634431349675589,DF:DF:EE:00:00:01,-82
BLE,1704634431686493063,D3:F4:55:AB:96:20,-63
BLE,1704634431878179375,D3:F4:55:AB:96:20,-63
BLE,1704634432191367005,DF:DF:EE:00:00:04,-55
BLE,1704634432255920035,D3:F4:55:AB:96:20,-64
BLE,1704634432446390063,D3:F4:55:AB:96:20,-64
BLE,1704634432639105326,D3:F4:55:AB:96:20,-64
BLE,1704634432736662221,DF:DF:EE:00:00:04,-54
BLE,1704634432834999943,D3:F4:55:AB:96:20,-65
BLE,1704634433027130002,D3:F4:55:AB:96:20,-64
BLE,1704634433028486118,D3:F4:55:AB:96:20,-63
BLE,1704634433194049520,DF:DF:EE:00:00:04,-53
BLE,1704634433405000453,D3:F4:55:AB:96:20,-63
BLE,1704634433597129304,D3:F4:55:AB:96:20,-62
BLE,1704634433784728226,D3:F4:55:AB:96:20,-63
BLE,1704634433979010770,D3:F4:55:AB:96:20,-62
BLE,1704634434173318106,D3:F4:55:AB:96:20,-64
BLE,1704634434474773773,DF:DF:EE:00:00:04,-57
BLE,1704634434553891873,D3:F4:55:AB:96:20,-54
BLE,1704634434942246838,D3:F4:55:AB:96:20,-58
BLE,1704634435007147074,DF:DF:EE:00:00:04,-55
BLE,1704634435137926081,D3:F4:55:AB:96:20,-62
BLE,1704634435520451960,D3:F4:55:AB:96:20,-64
BLE,1704634435716608617,D3:F4:55:AB:96:20,-61
BLE,1704634436010995747,DF:DF:EE:00:00:04,-53
BLE,1704634436108785599,D3:F4:55:AB:96:20,-62
BLE,1704634436304038053,D3:F4:55:AB:96:20,-63
BLE,1704634436686419683,D3:F4:55:AB:96:20,-63
BLE,1704634437071419045,D3:F4:55:AB:96:20,-64
BLE,1704634437456529824,D3:F4:55:AB:96:20,-64
BLE,1704634437742688217,DF:DF:EE:00:00:04,-53
BLE,1704634437840978148,D3:F4:55:AB:96:20,-48
BLE,1704634438035501107,D3:F4:55:AB:96:20,-63
BLE,1704634438419052104,D3:F4:55:AB:96:20,-63
BLE,1704634438613504189,D3:F4:55:AB:96:20,-64
BLE,1704634438800180284,D3:F4:55:AB:96:20,-63
BLE,1704634438978522643,DF:A6:DC:DC:2E:81,-82
BLE,1704634438978549143,DF:DF:EE:00:00:01,-82
BLE,1704634439024826086,DF:DF:EE:00:00:04,-53
BLE,1704634439194507751,D3:F4:55:AB:96:20,-64
BLE,1704634439562388561,DF:DF:EE:00:00:04,-54
BLE,1704634439966790961,D3:F4:55:AB:96:20,-61
BLE,1704634440020421272,DF:DF:EE:00:00:04,-54
BLE,1704634440164870939,D3:F4:55:AB:96:20,-64
BLE,1704634440350756580,D3:F4:55:AB:96:20,-61
BLE,1704634440546180492,D3:F4:55:AB:96:20,-64
BLE,1704634440564270164,DF:DF:EE:00:00:04,-54
BLE,1704634440738636174,D3:F4:55:AB:96:20,-62
BLE,1704634440935099037,D3:F4:55:AB:96:20,-61
BLE,1704634441127392511,D3:F4:55:AB:96:20,-64
BLE,1704634441321048851,D3:F4:55:AB:96:20,-62
BLE,1704634441512023293,D3:F4:55:AB:96:20,-63
BLE,1704634441523550008,DF:A6:DC:DC:2E:81,-83
BLE,1704634441523577799,DF:DF:EE:00:00:01,-83
BLE,1704634441704360225,D3:F4:55:AB:96:20,-63
BLE,1704634442087286018,D3:F4:55:AB:96:20,-63
BLE,1704634442088620342,D3:F4:55:AB:96:20,-64
BLE,1704634442302704130,DF:DF:EE:00:00:04,-54
BLE,1704634442478950878,D3:F4:55:AB:96:20,-63
BLE,1704634442674169082,D3:F4:55:AB:96:20,-64
BLE,1704634443059316360,D3:F4:55:AB:96:20,-62
BLE,1704634443251532460,D3:F4:55:AB:96:20,-52
BLE,1704634443306147598,DF:DF:EE:00:00:04,-55
BLE,1704634443446327251,D3:F4:55:AB:96:20,-64
BLE,1704634443635480705,D3:F4:55:AB:96:20,-61
BLE,1704634443831683570,D3:F4:55:AB:96:20,-48
BLE,1704634444021691184,D3:F4:55:AB:96:20,-62
BLE,1704634444212707792,D3:F4:55:AB:96:20,-62
BLE,1704634444407087794,D3:F4:55:AB:96:20,-53
BLE,1704634444598411441,D3:F4:55:AB:96:20,-63
BLE,1704634444794057768,D3:F4:55:AB:96:20,-62
BLE,1704634444989917427,D3:F4:55:AB:96:20,-62
BLE,1704634445181877653,D3:F4:55:AB:96:20,-63
BLE,1704634445368668831,D3:F4:55:AB:96:20,-63
BLE,1704634445559683855,D3:F4:55:AB:96:20,-64
BLE,1704634445859845405,DF:DF:EE:00:00:04,-55
BLE,1704634445939978165,D3:F4:55:AB:96:20,-64
BLE,1704634446136126447,D3:F4:55:AB:96:20,-63
BLE,1704634446525764154,D3:F4:55:AB:96:20,-64
BLE,1704634446606118413,DF:A6:DC:DC:2E:81,-83
BLE,1704634446606145829,DF:DF:EE:00:00:01,-83
BLE,1704634447674302784,D3:F4:55:AB:96:20,-64
BLE,1704634447869357365,D3:F4:55:AB:96:20,-63
BLE,1704634448061452341,D3:F4:55:AB:96:20,-63
BLE,1704634448247997311,D3:F4:55:AB:96:20,-61
BLE,1704634448438723088,D3:F4:55:AB:96:20,-62
BLE,1704634448824240822,D3:F4:55:AB:96:20,-53
BLE,1704634449135354008,DF:DF:EE:00:00:04,-54
BLE,1704634449148098090,DF:A6:DC:DC:2E:81,-84
BLE,1704634449148123798,DF:DF:EE:00:00:01,-84
BLE,1704634449396123027,D3:F4:55:AB:96:20,-63
BLE,1704634449590012449,D3:F4:55:AB:96:20,-48
BLE,1704634449675573465,DF:DF:EE:00:00:04,-54
BLE,1704634450559475184,D3:F4:55:AB:96:20,-64
BLE,1704634450680504631,DF:DF:EE:00:00:04,-53
BLE,1704634450753170857,D3:F4:55:AB:96:20,-64
BLE,1704634451326562137,D3:F4:55:AB:96:20,-63
BLE,1704634451513617312,D3:F4:55:AB:96:20,-63
BLE,1704634451671531681,DF:DF:EE:00:00:04,-53
BLE,1704634451708202813,D3:F4:55:AB:96:20,-64
BLE,1704634451895468737,D3:F4:55:AB:96:20,-63
BLE,1704634452091936767,D3:F4:55:AB:96:20,-62
BLE,1704634452140062781,DF:DF:EE:00:00:04,-54
BLE,1704634452277219246,D3:F4:55:AB:96:20,-63
BLE,1704634452661697487,D3:F4:55:AB:96:20,-63
BLE,1704634452744346064,DF:DF:EE:00:00:04,-54
BLE,1704634453048437880,D3:F4:55:AB:96:20,-64
BLE,1704634453181949452,DF:DF:EE:00:00:04,-54
BLE,1704634453637214640,D3:F4:55:AB:96:20,-64
BLE,1704634453641287405,DF:DF:EE:00:00:04,-56
BLE,1704634453828312247,D3:F4:55:AB:96:20,-63
BLE,1704634454022803665,D3:F4:55:AB:96:20,-64
BLE,1704634454173912121,DF:DF:EE:00:00:04,-54
BLE,1704634454217916454,D3:F4:55:AB:96:20,-64
BLE,1704634454236526789,DF:A6:DC:DC:2E:81,-83
BLE,1704634454236552955,DF:DF:EE:00:00:01,-83
BLE,1704634454412967743,D3:F4:55:AB:96:20,-63
BLE,1704634454603021607,D3:F4:55:AB:96:20,-64
BLE,1704634454981601179,D3:F4:55:AB:96:20,-64
BLE,1704634455173889445,D3:F4:55:AB:96:20,-63
BLE,1704634455360628414,D3:F4:55:AB:96:20,-63
BLE,1704634455554501628,D3:F4:55:AB:96:20,-64
BLE,1704634455641816799,DF:DF:EE:00:00:04,-55
BLE,1704634455748843589,D3:F4:55:AB:96:20,-64
BLE,1704634455941897016,D3:F4:55:AB:96:20,-63
BLE,1704634456175739548,DF:DF:EE:00:00:04,-54
BLE,1704634456328503701,D3:F4:55:AB:96:20,-64
BLE,1704634456523120410,D3:F4:55:AB:96:20,-63
BLE,1704634456640097426,DF:DF:EE:00:00:04,-53
BLE,1704634456708719179,D3:F4:55:AB:96:20,-63
BLE,1704634456902327936,D3:F4:55:AB:96:20,-64
BLE,1704634457090649937,D3:F4:55:AB:96:20,-63
BLE,1704634457179607471,DF:DF:EE:00:00:04,-53
BLE,1704634457281337755,D3:F4:55:AB:96:20,-64
BLE,1704634457660129492,D3:F4:55:AB:96:20,-63
BLE,1704634457849440986,D3:F4:55:AB:96:20,-64
BLE,1704634458035027713,D3:F4:55:AB:96:20,-64
BLE,1704634458234756846,D3:F4:55:AB:96:20,-63
BLE,1704634458422514600,D3:F4:55:AB:96:20,-63
BLE,1704634458809507200,D3:F4:55:AB:96:20,-63
BLE,1704634458916645780,DF:DF:EE:00:00:04,-54
BLE,1704634458999402148,D3:F4:55:AB:96:20,-63
BLE,1704634459191192376,D3:F4:55:AB:96:20,-64
BLE,1704634459459550054,DF:DF:EE:00:00:04,-55
BLE,1704634459912335883,DF:DF:EE:00:00:04,-53
BLE,1704634459956636006,D3:F4:55:AB:96:20,-64
BLE,1704634460336669526,D3:F4:55:AB:96:20,-64
BLE,1704634460452557466,DF:DF:EE:00:00:04,-55
BLE,1704634460525968562,D3:F4:55:AB:96:20,-63
BLE,1704634460719516486,D3:F4:55:AB:96:20,-64
BLE,1704634460918870163,DF:DF:EE:00:00:04,-54
BLE,1704634461103800603,D3:F4:55:AB:96:20,-64
BLE,1704634461481266724,D3:F4:55:AB:96:20,-64
BLE,1704634461874431282,D3:F4:55:AB:96:20,-64
BLE,1704634462194128828,DF:DF:EE:00:00:04,-55
BLE,1704634462259246396,D3:F4:55:AB:96:20,-63
BLE,1704634462445652201,D3:F4:55:AB:96:20,-63
BLE,1704634462643182099,D3:F4:55:AB:96:20,-63
BLE,1704634462838433345,D3:F4:55:AB:96:20,-62
BLE,1704634463224681324,D3:F4:55:AB:96:20,-62
BLE,1704634463599875585,D3:F4:55:AB:96:20,-64
BLE,1704634463989809081,D3:F4:55:AB:96:20,-64
BLE,1704634464184387457,D3:F4:55:AB:96:20,-63
BLE,1704634464568950530,D3:F4:55:AB:96:20,-64
BLE,1704634464761506961,D3:F4:55:AB:96:20,-64
BLE,1704634464960504641,D3:F4:55:AB:96:20,-63
BLE,1704634465149602136,D3:F4:55:AB:96:20,-63
BLE,1704634465684358172,DF:A6:DC:DC:2E:81,-82
BLE,1704634465684411630,DF:DF:EE:00:00:01,-82
BLE,1704634465731721524,D3:F4:55:AB:96:20,-63
BLE,1704634465921563932,D3:F4:55:AB:96:20,-63
BLE,1704634466016149679,DF:DF:EE:00:00:04,-39
BLE,1704634466112024001,D3:F4:55:AB:96:20,-63
BLE,1704634466310602142,D3:F4:55:AB:96:20,-64
BLE,1704634466496847948,D3:F4:55:AB:96:20,-63
BLE,1704634466551065297,DF:DF:EE:00:00:04,-54
BLE,1704634466688935049,D3:F4:55:AB:96:20,-64
BLE,1704634466878312459,D3:F4:55:AB:96:20,-64
BLE,1704634467450748245,D3:F4:55:AB:96:20,-64
BLE,1704634467647066317,D3:F4:55:AB:96:20,-63
BLE,1704634467839442166,D3:F4:55:AB:96:20,-62
BLE,1704634468018646477,DF:DF:EE:00:00:04,-55
BLE,1704634468028742285,D3:F4:55:AB:96:20,-64
BLE,1704634468410778417,D3:F4:55:AB:96:20,-63
BLE,1704634468554403339,DF:DF:EE:00:00:04,-54
BLE,1704634468606442411,D3:F4:55:AB:96:20,-63
BLE,1704634468792127387,D3:F4:55:AB:96:20,-63
BLE,1704634469180543560,D3:F4:55:AB:96:20,-64
BLE,1704634469512103985,DF:A6:DC:DC:2E:81,-72
BLE,1704634469512136110,DF:DF:EE:00:00:01,-72
BLE,1704634469563920308,D3:F4:55:AB:96:20,-64
BLE,1704634469948119468,D3:F4:55:AB:96:20,-64
BLE,1704634470140311776,D3:F4:55:AB:96:20,-64
BLE,1704634470334423613,D3:F4:55:AB:96:20,-63
BLE,1704634470714506800,D3:F4:55:AB:96:20,-64
BLE,1704634470821864254,DF:DF:EE:00:00:04,-54
BLE,1704634470912257738,D3:F4:55:AB:96:20,-63
BLE,1704634471295695152,D3:F4:55:AB:96:20,-64
BLE,1704634471489603366,D3:F4:55:AB:96:20,-63
BLE,1704634471678415071,D3:F4:55:AB:96:20,-64
BLE,1704634471873534777,D3:F4:55:AB:96:20,-63
BLE,1704634472261939783,D3:F4:55:AB:96:20,-62
BLE,1704634472453396305,D3:F4:55:AB:96:20,-63
BLE,1704634472554810507,DF:DF:EE:00:00:04,-54
BLE,1704634472648353636,D3:F4:55:AB:96:20,-64
BLE,1704634472837851462,D3:F4:55:AB:96:20,-64
BLE,1704634473029204068,D3:F4:55:AB:96:20,-64
BLE,1704634473103671824,DF:DF:EE:00:00:04,-55
BLE,1704634473223367446,D3:F4:55:AB:96:20,-63
BLE,1704634473414993092,D3:F4:55:AB:96:20,-62
BLE,1704634473557134982,DF:DF:EE:00:00:04,-54
BLE,1704634473612055743,D3:F4:55:AB:96:20,-64
BLE,1704634473803351473,D3:F4:55:AB:96:20,-64
BLE,1704634473994594996,D3:F4:55:AB:96:20,-64
BLE,1704634474190628487,D3:F4:55:AB:96:20,-63
BLE,1704634474385933358,D3:F4:55:AB:96:20,-64
BLE,1704634474575746391,D3:F4:55:AB:96:20,-63
BLE,1704634474829160376,DF:DF:EE:00:00:04,-53
BLE,1704634474970687520,D3:F4:55:AB:96:20,-64
BLE,1704634475164625192,D3:F4:55:AB:96:20,-63
BLE,1704634475353358648,D3:F4:55:AB:96:20,-63
BLE,1704634475730779769,D3:F4:55:AB:96:20,-64
BLE,1704634475880740399,DF:A6:DC:DC:2E:81,-82
BLE,1704634475880769524,DF:DF:EE:00:00:01,-82
BLE,1704634476096094137,DF:DF:EE:00:00:04,-55
BLE,1704634476304537463,D3:F4:55:AB:96:20,-63
BLE,1704634476495270822,D3:F4:55:AB:96:20,-64
BLE,1704634476690457694,D3:F4:55:AB:96:20,-62
BLE,1704634476885954064,D3:F4:55:AB:96:20,-62
BLE,1704634477078546203,D3:F4:55:AB:96:20,-64
BLE,1704634477100291642,DF:DF:EE:00:00:04,-53
BLE,1704634477467908869,D3:F4:55:AB:96:20,-63
BLE,1704634477662117123,D3:F4:55:AB:96:20,-64
BLE,1704634478045938118,D3:F4:55:AB:96:20,-64
BLE,1704634478237338181,D3:F4:55:AB:96:20,-64
BLE,1704634478423178240,D3:F4:55:AB:96:20,-61
BLE,1704634478812962404,D3:F4:55:AB:96:20,-64
BLE,1704634479007409364,D3:F4:55:AB:96:20,-63
BLE,1704634479390487822,D3:F4:55:AB:96:20,-64
BLE,1704634479583328751,D3:F4:55:AB:96:20,-63
BLE,1704634479638362386,DF:DF:EE:00:00:04,-53
BLE,1704634479779082161,D3:F4:55:AB:96:20,-64
BLE,1704634479968891110,D3:F4:55:AB:96:20,-64
BLE,1704634480163007447,D3:F4:55:AB:96:20,-63
BLE,1704634480644499669,DF:DF:EE:00:00:04,-55
BLE,1704634480933008839,D3:F4:55:AB:96:20,-64
BLE,1704634481121168174,D3:F4:55:AB:96:20,-63
BLE,1704634481315460885,D3:F4:55:AB:96:20,-64
BLE,1704634481506097203,D3:F4:55:AB:96:20,-64
BLE,1704634481640485812,DF:DF:EE:00:00:04,-53
BLE,1704634481701687364,D3:F4:55:AB:96:20,-63
BLE,1704634481888455458,D3:F4:55:AB:96:20,-63
BLE,1704634482079528940,D3:F4:55:AB:96:20,-63
BLE,1704634482267410861,D3:F4:55:AB:96:20,-63
BLE,1704634482456993686,D3:F4:55:AB:96:20,-64
BLE,1704634482639565183,DF:DF:EE:00:00:04,-54
BLE,1704634482650907025,D3:F4:55:AB:96:20,-64
BLE,1704634482849921746,D3:F4:55:AB:96:20,-63
BLE,1704634483039839569,D3:F4:55:AB:96:20,-63
BLE,1704634483430465311,D3:F4:55:AB:96:20,-63
BLE,1704634483617294363,D3:F4:55:AB:96:20,-63
BLE,1704634483812594192,D3:F4:55:AB:96:20,-63
BLE,1704634483919743065,DF:DF:EE:00:00:04,-53
BLE,1704634484191704719,D3:F4:55:AB:96:20,-64
BLE,1704634484382603286,D3:F4:55:AB:96:20,-63
BLE,1704634484466783977,DF:DF:EE:00:00:04,-55
BLE,1704634484576862955,D3:F4:55:AB:96:20,-62
BLE,1704634484767150026,D3:F4:55:AB:96:20,-64
BLE,1704634485163415897,D3:F4:55:AB:96:20,-64
BLE,1704634485354799961,D3:F4:55:AB:96:20,-63
BLE,1704634485550125540,D3:F4:55:AB:96:20,-63
BLE,1704634485739810948,D3:F4:55:AB:96:20,-62
BLE,1704634485931667633,D3:F4:55:AB:96:20,-64
BLE,1704634486125578305,D3:F4:55:AB:96:20,-62
BLE,1704634486198370656,DF:DF:EE:00:00:04,-55
BLE,1704634486317369991,D3:F4:55:AB:96:20,-49
BLE,1704634486513151942,D3:F4:55:AB:96:20,-47
BLE,1704634486700946488,D3:F4:55:AB:96:20,-62
BLE,1704634486895915153,D3:F4:55:AB:96:20,-47
BLE,1704634487334833574,DF:A6:DC:DC:2E:81,-83
BLE,1704634487334867241,DF:DF:EE:00:00:01,-83
BLE,1704634487464191466,DF:DF:EE:00:00:04,-37
BLE,1704634487475553849,D3:F4:55:AB:96:20,-62
BLE,1704634487666751122,D3:F4:55:AB:96:20,-63
BLE,1704634487856266698,D3:F4:55:AB:96:20,-64
BLE,1704634488046699976,D3:F4:55:AB:96:20,-63
BLE,1704634488237316962,D3:F4:55:AB:96:20,-64
BLE,1704634488622263908,D3:F4:55:AB:96:20,-62
BLE,1704634488742133279,DF:DF:EE:00:00:04,-54
BLE,1704634488817651028,D3:F4:55:AB:96:20,-63
BLE,1704634489007457436,D3:F4:55:AB:96:20,-64
BLE,1704634489198517210,D3:F4:55:AB:96:20,-63
BLE,1704634489394379702,D3:F4:55:AB:96:20,-64
BLE,1704634489590549734,D3:F4:55:AB:96:20,-63
BLE,1704634489784832028,D3:F4:55:AB:96:20,-63
BLE,1704634489877220790,DF:A6:DC:DC:2E:81,-82
BLE,1704634489877246998,DF:DF:EE:00:00:01,-82
BLE,1704634490019698803,DF:DF:EE:00:00:04,-54
BLE,1704634490173579574,D3:F4:55:AB:96:20,-63
BLE,1704634490364724806,D3:F4:55:AB:96:20,-63
BLE,1704634490552704434,D3:F4:55:AB:96:20,-63
BLE,1704634490746924645,D3:F4:55:AB:96:20,-64
BLE,1704634491132684503,D3:F4:55:AB:96:20,-61
BLE,1704634491291334617,DF:DF:EE:00:00:04,-53
BLE,1704634491329970819,D3:F4:55:AB:96:20,-64
BLE,1704634491516762246,D3:F4:55:AB:96:20,-62
BLE,1704634491706020157,D3:F4:55:AB:96:20,-48
BLE,1704634491832358986,DF:DF:EE:00:00:04,-54
BLE,1704634491898281131,D3:F4:55:AB:96:20,-48
BLE,1704634492091919847,D3:F4:55:AB:96:20,-64
BLE,1704634492282743622,D3:F4:55:AB:96:20,-61
BLE,1704634492297719606,DF:DF:EE:00:00:04,-56
BLE,1704634492476279797,D3:F4:55:AB:96:20,-64
BLE,1704634492671875291,D3:F4:55:AB:96:20,-62
BLE,1704634492866228501,D3:F4:55:AB:96:20,-63
BLE,1704634493064966683,D3:F4:55:AB:96:20,-63
BLE,1704634493255972249,D3:F4:55:AB:96:20,-64
BLE,1704634493444878704,D3:F4:55:AB:96:20,-63
BLE,1704634493631330342,D3:F4:55:AB:96:20,-63
BLE,1704634493828155744,D3:F4:55:AB:96:20,-63
BLE,1704634494017016741,D3:F4:55:AB:96:20,-63
BLE,1704634494407071404,D3:F4:55:AB:96:20,-62
BLE,1704634494597431807,D3:F4:55:AB:96:20,-62
BLE,1704634494793167425,D3:F4:55:AB:96:20,-58
BLE,1704634494836646512,DF:DF:EE:00:00:04,-54
BLE,1704634495178015789,D3:F4:55:AB:96:20,-64
BLE,1704634495370977842,D3:F4:55:AB:96:20,-64
BLE,1704634495561208913,D3:F4:55:AB:96:20,-64
BLE,1704634495753794427,D3:F4:55:AB:96:20,-48
BLE,1704634495943701876,D3:F4:55:AB:96:20,-47
BLE,1704634496117432306,DF:DF:EE:00:00:04,-54
BLE,1704634496132787704,D3:F4:55:AB:96:20,-63
BLE,1704634496134144154,D3:F4:55:AB:96:20,-48
BLE,1704634496243668760,DF:A6:DC:DC:2E:81,-83
BLE,1704634496243697219,DF:DF:EE:00:00:01,-83
BLE,1704634496324499849,D3:F4:55:AB:96:20,-64
BLE,1704634496515586915,D3:F4:55:AB:96:20,-63
BLE,1704634496654082121,DF:DF:EE:00:00:04,-54
BLE,1704634496901082024,D3:F4:55:AB:96:20,-64
BLE,1704634497089996021,D3:F4:55:AB:96:20,-63
BLE,1704634497116937092,DF:DF:EE:00:00:04,-54
BLE,1704634497278730893,D3:F4:55:AB:96:20,-63
BLE,1704634497474429303,D3:F4:55:AB:96:20,-63
BLE,1704634497651924584,DF:DF:EE:00:00:04,-55
BLE,1704634497667273066,D3:F4:55:AB:96:20,-64
BLE,1704634497862719727,D3:F4:55:AB:96:20,-63
BLE,1704634498055804446,D3:F4:55:AB:96:20,-63
BLE,1704634498112447570,DF:DF:EE:00:00:04,-54
BLE,1704634498251167192,D3:F4:55:AB:96:20,-63
BLE,1704634498441004432,D3:F4:55:AB:96:20,-64
BLE,1704634498626561951,D3:F4:55:AB:96:20,-63
BLE,1704634498652498779,DF:DF:EE:00:00:04,-53
BLE,1704634498815852237,D3:F4:55:AB:96:20,-64
BLE,1704634499008804540,D3:F4:55:AB:96:20,-63
BLE,1704634499108920168,DF:DF:EE:00:00:04,-53
BLE,1704634499197879994,D3:F4:55:AB:96:20,-64
BLE,1704634499392458995,D3:F4:55:AB:96:20,-63
BLE,1704634499586400083,D3:F4:55:AB:96:20,-64
BLE,1704634499782632531,D3:F4:55:AB:96:20,-62
BLE,1704634499972967519,D3:F4:55:AB:96:20,-64
BLE,1704634500158865535,D3:F4:55:AB:96:20,-62
BLE,1704634500352519709,D3:F4:55:AB:96:20,-47
BLE,1704634500538711182,D3:F4:55:AB:96:20,-61
BLE,1704634500654501455,DF:DF:EE:00:00:04,-53
BLE,1704634500730117454,D3:F4:55:AB:96:20,-62
BLE,1704634500920492441,D3:F4:55:AB:96:20,-61
BLE,1704634501110032433,DF:DF:EE:00:00:04,-55
BLE,1704634501112634874,D3:F4:55:AB:96:20,-62
BLE,1704634501302560447,D3:F4:55:AB:96:20,-61
BLE,1704634501493773804,D3:F4:55:AB:96:20,-63
BLE,1704634501652496417,DF:DF:EE:00:00:04,-55
BLE,1704634501726741425,DF:DF:EE:00:00:04,-56
BLE,1704634501873542576,D3:F4:55:AB:96:20,-64
BLE,1704634502063592648,D3:F4:55:AB:96:20,-63
BLE,1704634502248851794,D3:F4:55:AB:96:20,-63
BLE,1704634502442571592,D3:F4:55:AB:96:20,-62
BLE,1704634502631260716,D3:F4:55:AB:96:20,-63
BLE,1704634502825093555,D3:F4:55:AB:96:20,-64
BLE,1704634502878391076,DF:DF:EE:00:00:04,-53
BLE,1704634503013551013,D3:F4:55:AB:96:20,-47
BLE,1704634503209543837,D3:F4:55:AB:96:20,-63
BLE,1704634503398845748,D3:F4:55:AB:96:20,-64
BLE,1704634503591689802,D3:F4:55:AB:96:20,-63
BLE,1704634503780422216,D3:F4:55:AB:96:20,-63
BLE,1704634504153612991,DF:DF:EE:00:00:04,-55
BLE,1704634504168850764,D3:F4:55:AB:96:20,-63
BLE,1704634504363842221,D3:F4:55:AB:96:20,-63
BLE,1704634504560093502,D3:F4:55:AB:96:20,-63
BLE,1704634504689563018,DF:DF:EE:00:00:04,-53
BLE,1704634504756228451,D3:F4:55:AB:96:20,-64
BLE,1704634504944854074,D3:F4:55:AB:96:20,-63
BLE,1704634505127930151,DF:A6:DC:DC:2E:81,-83
BLE,1704634505127959026,DF:DF:EE:00:00:01,-83
BLE,1704634505131302629,D3:F4:55:AB:96:20,-63
BLE,1704634505153805188,DF:DF:EE:00:00:04,-53
BLE,1704634505322593443,D3:F4:55:AB:96:20,-62
BLE,1704634505907652103,D3:F4:55:AB:96:20,-64
BLE,1704634506096171144,D3:F4:55:AB:96:20,-64
BLE,1704634506287740207,D3:F4:55:AB:96:20,-64
BLE,1704634506480028806,D3:F4:55:AB:96:20,-63
BLE,1704634506672447238,D3:F4:55:AB:96:20,-63
BLE,1704634506689914414,DF:DF:EE:00:00:04,-54
BLE,1704634506859857869,D3:F4:55:AB:96:20,-63
BLE,1704634507051750846,D3:F4:55:AB:96:20,-64
BLE,1704634507242454789,D3:F4:55:AB:96:20,-64
BLE,1704634507431151496,D3:F4:55:AB:96:20,-63
BLE,1704634507621536691,D3:F4:55:AB:96:20,-64
BLE,1704634507816737604,D3:F4:55:AB:96:20,-64
BLE,1704634508010494444,D3:F4:55:AB:96:20,-63
BLE,1704634508208310673,D3:F4:55:AB:96:20,-64
BLE,1704634508394100066,D3:F4:55:AB:96:20,-63
BLE,1704634508430117243,DF:DF:EE:00:00:04,-54
BLE,1704634508779964422,D3:F4:55:AB:96:20,-64
BLE,1704634509162050096,D3:F4:55:AB:96:20,-64
BLE,1704634509547148624,D3:F4:55:AB:96:20,-63
BLE,1704634509737069697,D3:F4:55:AB:96:20,-64
BLE,1704634509929309464,D3:F4:55:AB:96:20,-64
BLE,1704634510123404884,D3:F4:55:AB:96:20,-63
BLE,1704634510214672945,DF:A6:DC:DC:2E:81,-72
BLE,1704634510214698195,DF:DF:EE:00:00:01,-72
BLE,1704634510314647157,D3:F4:55:AB:96:20,-64
BLE,1704634510506488468,D3:F4:55:AB:96:20,-63
BLE,1704634510696282375,D3:F4:55:AB:96:20,-62
BLE,1704634510885482537,D3:F4:55:AB:96:20,-63
BLE,1704634511077734636,D3:F4:55:AB:96:20,-64
BLE,1704634511458794608,D3:F4:55:AB:96:20,-64
BLE,1704634511986374899,DF:DF:EE:00:00:04,-55
BLE,1704634512230926735,D3:F4:55:AB:96:20,-63
BLE,1704634512613888653,D3:F4:55:AB:96:20,-63
BLE,1704634512757800531,DF:A6:DC:DC:2E:81,-81
BLE,1704634512757831489,DF:DF:EE:00:00:01,-81
BLE,1704634512802851732,D3:F4:55:AB:96:20,-47
BLE,1704634513191567237,D3:F4:55:AB:96:20,-63
BLE,1704634513262059103,DF:DF:EE:00:00:04,-54
BLE,1704634513385423992,D3:F4:55:AB:96:20,-63
BLE,1704634513577617801,D3:F4:55:AB:96:20,-64
BLE,1704634513769085864,D3:F4:55:AB:96:20,-63
BLE,1704634514355176892,D3:F4:55:AB:96:20,-63
BLE,1704634514534642368,DF:DF:EE:00:00:04,-53
BLE,1704634514547159868,D3:F4:55:AB:96:20,-63
BLE,1704634514740058172,D3:F4:55:AB:96:20,-64
BLE,1704634514934731047,D3:F4:55:AB:96:20,-63
BLE,1704634515130478415,D3:F4:55:AB:96:20,-64
BLE,1704634515299828958,DF:A6:DC:DC:2E:81,-82
BLE,1704634515299873833,DF:DF:EE:00:00:01,-82
BLE,1704634515321467939,D3:F4:55:AB:96:20,-63
BLE,1704634515809441327,DF:DF:EE:00:00:04,-55
BLE,1704634515894456055,D3:F4:55:AB:96:20,-63
BLE,1704634516467530128,D3:F4:55:AB:96:20,-63
BLE,1704634516851431997,D3:F4:55:AB:96:20,-64
BLE,1704634517047774736,D3:F4:55:AB:96:20,-63
BLE,1704634517085048447,DF:DF:EE:00:00:04,-54
BLE,1704634517243209273,D3:F4:55:AB:96:20,-64
BLE,1704634517436223534,D3:F4:55:AB:96:20,-58
BLE,1704634517630072581,D3:F4:55:AB:96:20,-63
BLE,1704634517819475866,D3:F4:55:AB:96:20,-63
BLE,1704634518215133658,D3:F4:55:AB:96:20,-64
BLE,1704634518598931903,D3:F4:55:AB:96:20,-62
BLE,1704634518628464708,DF:DF:EE:00:00:04,-53
BLE,1704634518795105852,D3:F4:55:AB:96:20,-64
BLE,1704634519082788027,DF:DF:EE:00:00:04,-54
BLE,1704634519178974347,D3:F4:55:AB:96:20,-64
BLE,1704634519558879285,D3:F4:55:AB:96:20,-64
BLE,1704634519750300598,D3:F4:55:AB:96:20,-63
BLE,1704634520328215306,D3:F4:55:AB:96:20,-64
BLE,1704634520362346788,DF:DF:EE:00:00:04,-54
BLE,1704634520517882256,D3:F4:55:AB:96:20,-63
BLE,1704634520708650615,D3:F4:55:AB:96:20,-64
BLE,1704634520900318093,DF:DF:EE:00:00:04,-54
BLE,1704634521085073576,D3:F4:55:AB:96:20,-63
BLE,1704634521278955665,D3:F4:55:AB:96:20,-63
BLE,1704634521362780567,DF:DF:EE:00:00:04,-55
BLE,1704634521466555295,D3:F4:55:AB:96:20,-63
BLE,1704634521655427500,D3:F4:55:AB:96:20,-62
BLE,1704634521667327338,DF:A6:DC:DC:2E:81,-85
BLE,1704634521667353379,DF:DF:EE:00:00:01,-85
BLE,1704634521847775849,D3:F4:55:AB:96:20,-63
BLE,1704634522041152025,D3:F4:55:AB:96:20,-63
BLE,1704634522417832900,D3:F4:55:AB:96:20,-62
BLE,1704634522611088868,D3:F4:55:AB:96:20,-63
BLE,1704634522807724647,D3:F4:55:AB:96:20,-63
BLE,1704634523002260815,D3:F4:55:AB:96:20,-64
BLE,1704634523167763300,DF:DF:EE:00:00:04,-54
BLE,1704634523384542570,D3:F4:55:AB:96:20,-62
BLE,1704634523574516435,D3:F4:55:AB:96:20,-63
BLE,1704634523767369239,D3:F4:55:AB:96:20,-64
BLE,1704634523945465557,DF:DF:EE:00:00:04,-55
BLE,1704634523963068774,D3:F4:55:AB:96:20,-63
BLE,1704634524155424164,D3:F4:55:AB:96:20,-64
BLE,1704634524213096198,DF:A6:DC:DC:2E:81,-85
BLE,1704634524213127865,DF:DF:EE:00:00:01,-85
BLE,1704634524345357946,D3:F4:55:AB:96:20,-64
BLE,1704634524732602335,D3:F4:55:AB:96:20,-62
BLE,1704634524922061703,D3:F4:55:AB:96:20,-58
BLE,1704634525107713388,D3:F4:55:AB:96:20,-63
BLE,1704634525209372255,DF:DF:EE:00:00:04,-54
BLE,1704634525489795270,D3:F4:55:AB:96:20,-63
BLE,1704634525684827184,D3:F4:55:AB:96:20,-63
BLE,1704634526061628434,D3:F4:55:AB:96:20,-64
BLE,1704634526250420265,D3:F4:55:AB:96:20,-63
BLE,1704634526436976986,D3:F4:55:AB:96:20,-63
BLE,1704634526482923764,DF:DF:EE:00:00:04,-53
BLE,1704634526825563866,D3:F4:55:AB:96:20,-62
BLE,1704634527020592280,D3:F4:55:AB:96:20,-63
BLE,1704634527211079975,D3:F4:55:AB:96:20,-62
BLE,1704634527758926382,DF:DF:EE:00:00:04,-55
BLE,1704634527970414854,D3:F4:55:AB:96:20,-63
BLE,1704634528302945148,DF:DF:EE:00:00:04,-54
BLE,1704634528353589770,D3:F4:55:AB:96:20,-62
BLE,1704634528545480038,D3:F4:55:AB:96:20,-64
BLE,1704634528732819296,D3:F4:55:AB:96:20,-64
BLE,1704634528761315732,DF:DF:EE:00:00:04,-54
BLE,1704634528930249569,D3:F4:55:AB:96:20,-62
BLE,1704634529127379053,D3:F4:55:AB:96:20,-64
BLE,1704634529318095371,D3:F4:55:AB:96:20,-47
BLE,1704634529507989778,D3:F4:55:AB:96:20,-63
BLE,1704634529702748861,D3:F4:55:AB:96:20,-63
BLE,1704634530032095634,DF:DF:EE:00:00:04,-54
BLE,1704634530474924904,D3:F4:55:AB:96:20,-63
BLE,1704634530573744040,DF:DF:EE:00:00:04,-55
BLE,1704634530672708300,D3:F4:55:AB:96:20,-64
BLE,1704634531026710035,DF:DF:EE:00:00:04,-53
BLE,1704634531063039461,D3:F4:55:AB:96:20,-63
BLE,1704634531254278025,D3:F4:55:AB:96:20,-64
BLE,1704634531448003365,D3:F4:55:AB:96:20,-63
BLE,1704634531636692905,D3:F4:55:AB:96:20,-61
BLE,1704634531832851895,D3:F4:55:AB:96:20,-63
BLE,1704634532019365658,D3:F4:55:AB:96:20,-63
BLE,1704634532210893595,D3:F4:55:AB:96:20,-64
BLE,1704634532405898177,D3:F4:55:AB:96:20,-63
BLE,1704634532598141526,D3:F4:55:AB:96:20,-63
BLE,1704634532784837954,D3:F4:55:AB:96:20,-63
BLE,1704634532836990900,DF:DF:EE:00:00:04,-53
BLE,1704634532979112249,D3:F4:55:AB:96:20,-63
BLE,1704634533174003289,D3:F4:55:AB:96:20,-64
BLE,1704634533299343249,DF:DF:EE:00:00:04,-53
BLE,1704634533366576220,D3:F4:55:AB:96:20,-62
BLE,1704634533560400767,D3:F4:55:AB:96:20,-62
BLE,1704634534138684597,D3:F4:55:AB:96:20,-48
BLE,1704634534333133390,D3:F4:55:AB:96:20,-63
BLE,1704634534380968615,DF:A6:DC:DC:2E:81,-83
BLE,1704634534380995823,DF:DF:EE:00:00:01,-83
BLE,1704634534529156757,D3:F4:55:AB:96:20,-63
BLE,1704634534575229409,DF:DF:EE:00:00:04,-55
BLE,1704634534720430863,D3:F4:55:AB:96:20,-63
BLE,1704634535112951008,D3:F4:55:AB:96:20,-63
BLE,1704634535308013006,D3:F4:55:AB:96:20,-64
BLE,1704634535884984470,D3:F4:55:AB:96:20,-61
BLE,1704634536076836864,D3:F4:55:AB:96:20,-62
BLE,1704634536111762049,DF:DF:EE:00:00:04,-54
BLE,1704634536268808548,D3:F4:55:AB:96:20,-63
BLE,1704634536459725073,D3:F4:55:AB:96:20,-64
BLE,1704634536578700159,DF:DF:EE:00:00:04,-55
BLE,1704634536839265680,D3:F4:55:AB:96:20,-64
BLE,1704634537031264073,D3:F4:55:AB:96:20,-64
BLE,1704634537111311792,DF:DF:EE:00:00:04,-53
BLE,1704634537228697805,D3:F4:55:AB:96:20,-63
BLE,1704634537418876960,D3:F4:55:AB:96:20,-63
BLE,1704634537573184019,DF:DF:EE:00:00:04,-53
BLE,1704634537800001806,D3:F4:55:AB:96:20,-63
BLE,1704634538196614008,D3:F4:55:AB:96:20,-63
BLE,1704634538383916224,D3:F4:55:AB:96:20,-63
BLE,1704634538570687943,DF:DF:EE:00:00:04,-54
BLE,1704634538580058506,D3:F4:55:AB:96:20,-64
BLE,1704634538775333127,D3:F4:55:AB:96:20,-62
BLE,1704634539110645403,DF:DF:EE:00:00:04,-53
BLE,1704634539156429432,D3:F4:55:AB:96:20,-64
BLE,1704634539545468518,D3:F4:55:AB:96:20,-64
BLE,1704634539571022556,DF:DF:EE:00:00:04,-54
BLE,1704634539733866643,D3:F4:55:AB:96:20,-63
BLE,1704634539930729378,D3:F4:55:AB:96:20,-63
BLE,1704634540125727960,D3:F4:55:AB:96:20,-64
BLE,1704634540317504729,D3:F4:55:AB:96:20,-61
BLE,1704634540516257285,D3:F4:55:AB:96:20,-63
BLE,1704634540702956463,D3:F4:55:AB:96:20,-48
BLE,1704634540750091734,DF:A6:DC:DC:2E:81,-86
BLE,1704634540750117609,DF:DF:EE:00:00:01,-86
BLE,1704634540850583651,DF:DF:EE:00:00:04,-55
BLE,1704634540897970920,D3:F4:55:AB:96:20,-63
BLE,1704634541476268416,D3:F4:55:AB:96:20,-63
BLE,1704634541858188007,D3:F4:55:AB:96:20,-64
BLE,1704634542047978457,D3:F4:55:AB:96:20,-63
BLE,1704634542239440145,D3:F4:55:AB:96:20,-62
BLE,1704634542428761555,D3:F4:55:AB:96:20,-63
BLE,1704634542615370609,D3:F4:55:AB:96:20,-63
BLE,1704634542813321337,D3:F4:55:AB:96:20,-63
BLE,1704634543005828685,D3:F4:55:AB:96:20,-63
BLE,1704634543197699829,D3:F4:55:AB:96:20,-63
BLE,1704634543390127302,DF:DF:EE:00:00:04,-53
BLE,1704634543395688390,D3:F4:55:AB:96:20,-63
BLE,1704634543589523646,D3:F4:55:AB:96:20,-63
BLE,1704634543785917885,D3:F4:55:AB:96:20,-63
BLE,1704634543980247304,D3:F4:55:AB:96:20,-63
BLE,1704634544168966135,D3:F4:55:AB:96:20,-63
BLE,1704634544563819640,D3:F4:55:AB:96:20,-63
BLE,1704634544664416306,DF:DF:EE:00:00:04,-53
BLE,1704634544755531327,D3:F4:55:AB:96:20,-63
BLE,1704634544950292993,D3:F4:55:AB:96:20,-63
BLE,1704634545140190191,D3:F4:55:AB:96:20,-64
BLE,1704634545519439175,D3:F4:55:AB:96:20,-63
BLE,1704634545713288431,D3:F4:55:AB:96:20,-63
BLE,1704634545905604863,D3:F4:55:AB:96:20,-64
BLE,1704634545935734747,DF:DF:EE:00:00:04,-55
BLE,1704634546095629353,D3:F4:55:AB:96:20,-63
BLE,1704634546282574946,D3:F4:55:AB:96:20,-63
BLE,1704634546475330208,DF:DF:EE:00:00:04,-55
BLE,1704634546478612395,D3:F4:55:AB:96:20,-64
BLE,1704634546672172861,D3:F4:55:AB:96:20,-64
BLE,1704634546863282468,D3:F4:55:AB:96:20,-63
BLE,1704634547054909530,D3:F4:55:AB:96:20,-64
BLE,1704634547247840333,D3:F4:55:AB:96:20,-63
BLE,1704634547437018120,D3:F4:55:AB:96:20,-64
BLE,1704634547625754993,D3:F4:55:AB:96:20,-47
BLE,1704634547818909628,D3:F4:55:AB:96:20,-64
BLE,1704634547935084982,DF:DF:EE:00:00:04,-53
BLE,1704634548202049961,D3:F4:55:AB:96:20,-64
BLE,1704634548396876793,D3:F4:55:AB:96:20,-63
BLE,1704634548474374738,DF:DF:EE:00:00:04,-54
BLE,1704634548585858498,D3:F4:55:AB:96:20,-64
BLE,1704634548779209173,D3:F4:55:AB:96:20,-47
BLE,1704634548973113637,D3:F4:55:AB:96:20,-66
BLE,1704634549160833433,D3:F4:55:AB:96:20,-62
BLE,1704634549352253622,D3:F4:55:AB:96:20,-63
BLE,1704634549473378985,DF:DF:EE:00:00:04,-55
BLE,1704634549544457721,D3:F4:55:AB:96:20,-63
BLE,1704634549734429919,D3:F4:55:AB:96:20,-64
BLE,1704634549936618120,DF:DF:EE:00:00:04,-53
BLE,1704634550113337447,D3:F4:55:AB:96:20,-64
BLE,1704634550309298564,D3:F4:55:AB:96:20,-64
BLE,1704634550477056242,DF:DF:EE:00:00:04,-54
BLE,1704634550503066362,D3:F4:55:AB:96:20,-62
BLE,1704634550689984163,D3:F4:55:AB:96:20,-63
BLE,1704634550888002391,D3:F4:55:AB:96:20,-63
BLE,1704634550934028419,DF:DF:EE:00:00:04,-54
BLE,1704634551082329060,D3:F4:55:AB:96:20,-64
BLE,1704634551272759588,D3:F4:55:AB:96:20,-64
BLE,1704634551466890134,D3:F4:55:AB:96:20,-64
BLE,1704634551853283570,D3:F4:55:AB:96:20,-63
BLE,1704634552200601683,DF:A6:DC:DC:2E:81,-84
BLE,1704634552200636807,DF:DF:EE:00:00:01,-84
BLE,1704634552211154154,DF:DF:EE:00:00:04,-54
BLE,1704634552212780227,DF:DF:EE:00:00:04,-55
BLE,1704634552431756774,D3:F4:55:AB:96:20,-64
BLE,1704634552748411965,DF:DF:EE:00:00:04,-54
BLE,1704634553012389630,D3:F4:55:AB:96:20,-63
BLE,1704634553205578974,D3:F4:55:AB:96:20,-63
BLE,1704634553399308397,D3:F4:55:AB:96:20,-64
BLE,1704634553593395901,D3:F4:55:AB:96:20,-63
BLE,1704634553783151475,D3:F4:55:AB:96:20,-64
BLE,1704634553972086721,D3:F4:55:AB:96:20,-63
BLE,1704634554167762215,D3:F4:55:AB:96:20,-62
BLE,1704634554362664130,D3:F4:55:AB:96:20,-63
BLE,1704634554487839050,DF:DF:EE:00:00:04,-55
BLE,1704634554555682100,D3:F4:55:AB:96:20,-63
BLE,1704634554742078321,D3:F4:55:AB:96:20,-63
BLE,1704634554937963355,D3:F4:55:AB:96:20,-64
BLE,1704634555020940138,DF:DF:EE:00:00:04,-55
BLE,1704634555320240694,D3:F4:55:AB:96:20,-64
BLE,1704634555484776852,DF:DF:EE:00:00:04,-38
BLE,1704634555510677097,D3:F4:55:AB:96:20,-62
BLE,1704634555895714209,D3:F4:55:AB:96:20,-62
BLE,1704634556021539541,DF:DF:EE:00:00:04,-55
BLE,1704634556088809803,D3:F4:55:AB:96:20,-62
BLE,1704634556285730830,D3:F4:55:AB:96:20,-64
BLE,1704634556474706951,D3:F4:55:AB:96:20,-62
BLE,1704634556482798106,DF:DF:EE:00:00:04,-53
BLE,1704634556665938058,D3:F4:55:AB:96:20,-64
BLE,1704634556863422081,D3:F4:55:AB:96:20,-48
BLE,1704634557023442186,DF:DF:EE:00:00:04,-41
BLE,1704634557242858688,D3:F4:55:AB:96:20,-63
BLE,1704634557435466077,D3:F4:55:AB:96:20,-64
BLE,1704634557481597854,DF:DF:EE:00:00:04,-55
BLE,1704634557629468832,D3:F4:55:AB:96:20,-64
BLE,1704634557819705528,D3:F4:55:AB:96:20,-63
BLE,1704634558012852746,D3:F4:55:AB:96:20,-64
BLE,1704634558207138041,D3:F4:55:AB:96:20,-63
BLE,1704634558590109417,D3:F4:55:AB:96:20,-64
BLE,1704634558755884400,DF:DF:EE:00:00:04,-54
BLE,1704634558788805182,D3:F4:55:AB:96:20,-62
BLE,1704634558980875241,D3:F4:55:AB:96:20,-64
BLE,1704634559302316775,DF:DF:EE:00:00:04,-54
BLE,1704634559364508112,D3:F4:55:AB:96:20,-64
BLE,1704634559557811038,D3:F4:55:AB:96:20,-63
BLE,1704634559754651024,DF:DF:EE:00:00:04,-54
BLE,1704634559940405250,D3:F4:55:AB:96:20,-63
BLE,1704634560129569578,D3:F4:55:AB:96:20,-64
BLE,1704634560510047762,D3:F4:55:AB:96:20,-48
BLE,1704634560892363059,D3:F4:55:AB:96:20,-48
BLE,1704634561026177630,DF:DF:EE:00:00:04,-54
BLE,1704634561085651735,D3:F4:55:AB:96:20,-48
BLE,1704634561111255524,DF:A6:DC:DC:2E:81,-83
BLE,1704634561111281607,DF:DF:EE:00:00:01,-83
BLE,1704634561281109563,D3:F4:55:AB:96:20,-62
BLE,1704634561476360310,D3:F4:55:AB:96:20,-63
BLE,1704634561671152101,D3:F4:55:AB:96:20,-62
BLE,1704634561862466040,D3:F4:55:AB:96:20,-53
BLE,1704634562303532947,DF:DF:EE:00:00:04,-53
BLE,1704634562445993293,D3:F4:55:AB:96:20,-64
BLE,1704634562828071133,D3:F4:55:AB:96:20,-64
BLE,1704634563403900230,D3:F4:55:AB:96:20,-63
BLE,1704634563595465250,D3:F4:55:AB:96:20,-62
BLE,1704634563790594956,D3:F4:55:AB:96:20,-63
BLE,1704634564374377041,D3:F4:55:AB:96:20,-63
BLE,1704634564569434747,D3:F4:55:AB:96:20,-63
BLE,1704634564584454647,DF:DF:EE:00:00:04,-54
BLE,1704634564758432035,D3:F4:55:AB:96:20,-63
BLE,1704634564936942850,DF:A6:DC:DC:2E:81,-83
BLE,1704634564936969808,DF:DF:EE:00:00:01,-83
BLE,1704634565117118697,DF:DF:EE:00:00:04,-53
BLE,1704634565334863335,D3:F4:55:AB:96:20,-63
BLE,1704634565527618973,D3:F4:55:AB:96:20,-64
BLE,1704634565582105362,DF:DF:EE:00:00:04,-55
BLE,1704634565908885027,D3:F4:55:AB:96:20,-63
BLE,1704634566097936606,D3:F4:55:AB:96:20,-63
BLE,1704634566120512665,DF:DF:EE:00:00:04,-54
BLE,1704634566283273918,D3:F4:55:AB:96:20,-63
BLE,1704634566478869787,D3:F4:55:AB:96:20,-63
BLE,1704634566585620454,DF:DF:EE:00:00:04,-53
BLE,1704634566863850025,D3:F4:55:AB:96:20,-64
BLE,1704634567058550150,D3:F4:55:AB:96:20,-63
BLE,1704634567118476544,DF:DF:EE:00:00:04,-53
BLE,1704634567248810887,D3:F4:55:AB:96:20,-63
BLE,1704634567444279216,D3:F4:55:AB:96:20,-64
BLE,1704634567583275002,DF:DF:EE:00:00:04,-54
BLE,1704634567641100618,D3:F4:55:AB:96:20,-63
BLE,1704634568020830849,D3:F4:55:AB:96:20,-63
BLE,1704634568125578196,DF:DF:EE:00:00:04,-55
BLE,1704634568213670819,D3:F4:55:AB:96:20,-63
BLE,1704634568402917897,D3:F4:55:AB:96:20,-63
BLE,1704634568581264047,DF:DF:EE:00:00:04,-54
BLE,1704634568596054241,D3:F4:55:AB:96:20,-63
BLE,1704634568785473692,D3:F4:55:AB:96:20,-63
BLE,1704634569175427355,D3:F4:55:AB:96:20,-64
BLE,1704634569366092549,D3:F4:55:AB:96:20,-47
BLE,1704634569750769330,D3:F4:55:AB:96:20,-63
BLE,1704634569858022910,DF:DF:EE:00:00:04,-54
BLE,1704634569946375365,D3:F4:55:AB:96:20,-64
BLE,1704634570134846407,D3:F4:55:AB:96:20,-62
BLE,1704634570912335249,D3:F4:55:AB:96:20,-63
BLE,1704634571098101933,D3:F4:55:AB:96:20,-61
BLE,1704634571289270206,D3:F4:55:AB:96:20,-63
BLE,1704634571484821825,D3:F4:55:AB:96:20,-63
BLE,1704634571874888654,D3:F4:55:AB:96:20,-63
BLE,1704634572065702430,D3:F4:55:AB:96:20,-63
BLE,1704634572254743926,D3:F4:55:AB:96:20,-64
BLE,1704634572450664126,D3:F4:55:AB:96:20,-63
BLE,1704634572645970663,D3:F4:55:AB:96:20,-63
BLE,1704634572839789086,D3:F4:55:AB:96:20,-64
BLE,1704634572938168642,DF:DF:EE:00:00:04,-55
BLE,1704634573028937956,D3:F4:55:AB:96:20,-62
BLE,1704634573222011800,D3:F4:55:AB:96:20,-64
BLE,1704634573403642303,DF:DF:EE:00:00:04,-53
BLE,1704634573603152230,D3:F4:55:AB:96:20,-64
BLE,1704634573994879714,D3:F4:55:AB:96:20,-47
BLE,1704634574398979283,DF:DF:EE:00:00:04,-55
BLE,1704634574566560588,D3:F4:55:AB:96:20,-63
BLE,1704634574761181963,D3:F4:55:AB:96:20,-64
BLE,1704634574934368106,DF:DF:EE:00:00:04,-54
BLE,1704634574956131545,D3:F4:55:AB:96:20,-64
BLE,1704634575149798010,D3:F4:55:AB:96:20,-63
BLE,1704634575348921356,D3:F4:55:AB:96:20,-64
BLE,1704634575546079923,D3:F4:55:AB:96:20,-47
BLE,1704634575733192473,D3:F4:55:AB:96:20,-63
BLE,1704634575932446276,D3:F4:55:AB:96:20,-62
BLE,1704634576387275425,DF:A6:DC:DC:2E:81,-84
BLE,1704634576387309550,DF:DF:EE:00:00:01,-84
BLE,1704634576513608129,D3:F4:55:AB:96:20,-63
BLE,1704634576676843129,DF:DF:EE:00:00:04,-55
BLE,1704634576710006242,D3:F4:55:AB:96:20,-62
BLE,1704634576906188316,D3:F4:55:AB:96:20,-64
BLE,1704634577099668449,D3:F4:55:AB:96:20,-63
BLE,1704634577211950329,DF:DF:EE:00:00:04,-55
BLE,1704634577291224428,D3:F4:55:AB:96:20,-63
BLE,1704634577481420666,D3:F4:55:AB:96:20,-63
BLE,1704634577670781410,DF:DF:EE:00:00:04,-55
BLE,1704634577862005683,D3:F4:55:AB:96:20,-48
BLE,1704634577863314507,D3:F4:55:AB:96:20,-63
BLE,1704634578051287219,D3:F4:55:AB:96:20,-63
BLE,1704634578248575868,D3:F4:55:AB:96:20,-63
BLE,1704634578443250702,D3:F4:55:AB:96:20,-64
BLE,1704634578673791380,DF:DF:EE:00:00:04,-54
BLE,1704634578830968754,D3:F4:55:AB:96:20,-63
BLE,1704634579021348908,D3:F4:55:AB:96:20,-64
BLE,1704634579413741305,D3:F4:55:AB:96:20,-64
BLE,1704634579795378398,D3:F4:55:AB:96:20,-64
BLE,1704634579950094954,DF:DF:EE:00:00:04,-53
BLE,1704634579989929857,D3:F4:55:AB:96:20,-63
BLE,1704634580185019479,D3:F4:55:AB:96:20,-62
BLE,1704634580375792214,D3:F4:55:AB:96:20,-64
BLE,1704634580568496435,D3:F4:55:AB:96:20,-64
BLE,1704634580762637522,D3:F4:55:AB:96:20,-64
BLE,1704634580957589937,D3:F4:55:AB:96:20,-63
BLE,1704634581154462964,D3:F4:55:AB:96:20,-63
BLE,1704634581224188293,DF:DF:EE:00:00:04,-53
BLE,1704634581351068243,D3:F4:55:AB:96:20,-63
BLE,1704634581546422114,D3:F4:55:AB:96:20,-64
BLE,1704634581932873133,D3:F4:55:AB:96:20,-63
BLE,1704634582319788441,D3:F4:55:AB:96:20,-63
BLE,1704634582505745082,DF:DF:EE:00:00:04,-53
BLE,1704634582508787604,D3:F4:55:AB:96:20,-63
BLE,1704634582904552895,D3:F4:55:AB:96:20,-63
BLE,1704634583092050318,D3:F4:55:AB:96:20,-63
BLE,1704634583288949886,D3:F4:55:AB:96:20,-63
BLE,1704634583476293310,D3:F4:55:AB:96:20,-63
BLE,1704634583668672784,D3:F4:55:AB:96:20,-63
BLE,1704634583777579561,DF:DF:EE:00:00:04,-54
BLE,1704634583858557066,D3:F4:55:AB:96:20,-62
BLE,1704634584017564802,DF:A6:DC:DC:2E:81,-85
BLE,1704634584017594260,DF:DF:EE:00:00:01,-85
BLE,1704634584049511340,D3:F4:55:AB:96:20,-64
BLE,1704634584317454146,DF:DF:EE:00:00:04,-53
BLE,1704634584428897740,D3:F4:55:AB:96:20,-62
BLE,1704634584776295102,DF:DF:EE:00:00:04,-55
BLE,1704634584816335670,D3:F4:55:AB:96:20,-47
BLE,1704634585004826544,D3:F4:55:AB:96:20,-52
BLE,1704634585200228581,D3:F4:55:AB:96:20,-64
BLE,1704634585582073089,D3:F4:55:AB:96:20,-63
BLE,1704634585772599700,D3:F4:55:AB:96:20,-63
BLE,1704634585968442109,D3:F4:55:AB:96:20,-63
BLE,1704634586056517817,DF:DF:EE:00:00:04,-55
BLE,1704634586161701869,D3:F4:55:AB:96:20,-64
BLE,1704634586539515487,D3:F4:55:AB:96:20,-63
BLE,1704634586540846478,D3:F4:55:AB:96:20,-62
BLE,1704634586561744965,DF:A6:DC:DC:2E:81,-82
BLE,1704634586561772756,DF:DF:EE:00:00:01,-82
BLE,1704634586925488385,D3:F4:55:AB:96:20,-61
BLE,1704634587058879250,DF:DF:EE:00:00:04,-53
BLE,1704634587118815185,D3:F4:55:AB:96:20,-63
BLE,1704634587316572290,D3:F4:55:AB:96:20,-64
BLE,1704634587502384807,D3:F4:55:AB:96:20,-63
BLE,1704634587692981168,D3:F4:55:AB:96:20,-64
BLE,1704634588074944925,D3:F4:55:AB:96:20,-63
BLE,1704634588267601231,D3:F4:55:AB:96:20,-63
BLE,1704634588331294225,DF:DF:EE:00:00:04,-55
BLE,1704634588461063197,D3:F4:55:AB:96:20,-63
BLE,1704634588649966360,D3:F4:55:AB:96:20,-63
BLE,1704634588841806754,D3:F4:55:AB:96:20,-64
BLE,1704634589035143805,D3:F4:55:AB:96:20,-64
BLE,1704634589228617771,D3:F4:55:AB:96:20,-63
BLE,1704634589334099863,DF:DF:EE:00:00:04,-55
BLE,1704634589422295070,D3:F4:55:AB:96:20,-64
BLE,1704634589611390357,D3:F4:55:AB:96:20,-63
BLE,1704634589807794679,D3:F4:55:AB:96:20,-64
BLE,1704634590001346061,D3:F4:55:AB:96:20,-48
BLE,1704634590197664759,D3:F4:55:AB:96:20,-63
BLE,1704634590385176932,D3:F4:55:AB:96:20,-63
BLE,1704634590577688029,D3:F4:55:AB:96:20,-62
BLE,1704634590601271081,DF:DF:EE:00:00:04,-62
BLE,1704634590768032600,D3:F4:55:AB:96:20,-63
BLE,1704634591153833624,D3:F4:55:AB:96:20,-63
BLE,1704634591346523470,D3:F4:55:AB:96:20,-63
BLE,1704634591537483870,D3:F4:55:AB:96:20,-64
BLE,1704634591728898433,D3:F4:55:AB:96:20,-63
BLE,1704634591921738071,D3:F4:55:AB:96:20,-64
BLE,1704634592112088974,D3:F4:55:AB:96:20,-64
BLE,1704634592304360157,D3:F4:55:AB:96:20,-64
BLE,1704634592416331706,DF:DF:EE:00:00:04,-49
BLE,1704634592682271567,D3:F4:55:AB:96:20,-64
BLE,1704634592874343209,DF:DF:EE:00:00:04,-55
BLE,1704634592876248655,D3:F4:55:AB:96:20,-63
BLE,1704634592923970130,DF:A6:DC:DC:2E:81,-82
BLE,1704634592923996130,DF:DF:EE:00:00:01,-82
BLE,1704634593063067915,D3:F4:55:AB:96:20,-63
BLE,1704634593453529908,D3:F4:55:AB:96:20,-63
BLE,1704634593648406782,D3:F4:55:AB:96:20,-63
BLE,1704634593838858185,D3:F4:55:AB:96:20,-63
BLE,1704634594029393754,D3:F4:55:AB:96:20,-63
BLE,1704634594220961858,D3:F4:55:AB:96:20,-53
BLE,1704634594416845350,D3:F4:55:AB:96:20,-64
BLE,1704634594606467967,D3:F4:55:AB:96:20,-63
BLE,1704634594695955790,DF:DF:EE:00:00:04,-54
BLE,1704634594800121682,D3:F4:55:AB:96:20,-64
BLE,1704634594996549754,D3:F4:55:AB:96:20,-63
BLE,1704634595155402117,DF:DF:EE:00:00:04,-54
BLE,1704634595564606027,D3:F4:55:AB:96:20,-62
BLE,1704634595695431034,DF:DF:EE:00:00:04,-54
BLE,1704634595753982271,D3:F4:55:AB:96:20,-64
BLE,1704634595941327986,D3:F4:55:AB:96:20,-63
BLE,1704634596135975903,D3:F4:55:AB:96:20,-63
BLE,1704634596153419454,DF:DF:EE:00:00:04,-54
BLE,1704634596331285816,D3:F4:55:AB:96:20,-64
BLE,1704634596689025817,DF:DF:EE:00:00:04,-54
BLE,1704634596721483935,D3:F4:55:AB:96:20,-63
BLE,1704634596749788289,DF:A6:DC:DC:2E:81,-83
BLE,1704634596749813539,DF:DF:EE:00:00:01,-83
BLE,1704634596910577014,D3:F4:55:AB:96:20,-63
BLE,1704634597304762232,D3:F4:55:AB:96:20,-64
BLE,1704634597497215830,D3:F4:55:AB:96:20,-63
BLE,1704634597690417465,D3:F4:55:AB:96:20,-63
BLE,1704634597884350553,D3:F4:55:AB:96:20,-62
BLE,1704634598077345523,D3:F4:55:AB:96:20,-63
BLE,1704634598149471795,DF:DF:EE:00:00:04,-53
BLE,1704634598151038368,DF:DF:EE:00:00:04,-54
BLE,1704634598462784383,D3:F4:55:AB:96:20,-64
BLE,1704634598657739839,D3:F4:55:AB:96:20,-62
BLE,1704634598687950805,DF:DF:EE:00:00:04,-54
BLE,1704634598851057182,D3:F4:55:AB:96:20,-64
BLE,1704634599040522466,D3:F4:55:AB:96:20,-63
BLE,1704634599152682889,DF:DF:EE:00:00:04,-54
BLE,1704634599232370110,D3:F4:55:AB:96:20,-62
BLE,1704634599290962055,DF:A6:DC:DC:2E:81,-84
BLE,1704634599290989763,DF:DF:EE:00:00:01,-84
BLE,1704634599423763799,D3:F4:55:AB:96:20,-63
BLE,1704634599609482567,D3:F4:55:AB:96:20,-64
BLE,1704634599804223691,D3:F4:55:AB:96:20,-64
BLE,1704634600000264224,D3:F4:55:AB:96:20,-64
BLE,1704634600427816804,DF:DF:EE:00:00:04,-54
BLE,1704634600966181857,DF:DF:EE:00:00:04,-54
BLE,1704634600968816423,D3:F4:55:AB:96:20,-64
BLE,1704634601163915754,D3:F4:55:AB:96:20,-48
BLE,1704634601356492351,D3:F4:55:AB:96:20,-64
BLE,1704634601545946927,D3:F4:55:AB:96:20,-48
BLE,1704634601836580083,DF:A6:DC:DC:2E:81,-68
BLE,1704634601836612666,DF:DF:EE:00:00:01,-68
BLE,1704634601926069364,D3:F4:55:AB:96:20,-48
BLE,1704634602115968062,D3:F4:55:AB:96:20,-62
BLE,1704634602310769978,D3:F4:55:AB:96:20,-61
BLE,1704634602501609337,D3:F4:55:AB:96:20,-64
BLE,1704634603089140731,D3:F4:55:AB:96:20,-64
BLE,1704634603283502358,D3:F4:55:AB:96:20,-64
BLE,1704634603476158747,D3:F4:55:AB:96:20,-63
BLE,1704634603664852578,D3:F4:55:AB:96:20,-64
BLE,1704634603861030318,D3:F4:55:AB:96:20,-63
BLE,1704634603964092301,DF:DF:EE:00:00:04,-55
BLE,1704634604053677332,D3:F4:55:AB:96:20,-64
BLE,1704634604249286200,D3:F4:55:AB:96:20,-64
BLE,1704634604376143984,DF:A6:DC:DC:2E:81,-83
BLE,1704634604376171734,DF:DF:EE:00:00:01,-83
BLE,1704634604438587111,D3:F4:55:AB:96:20,-63
BLE,1704634604624858042,D3:F4:55:AB:96:20,-63
BLE,1704634604813860538,D3:F4:55:AB:96:20,-63
BLE,1704634605009174076,D3:F4:55:AB:96:20,-63
BLE,1704634605205434524,D3:F4:55:AB:96:20,-63
BLE,1704634605238619220,DF:DF:EE:00:00:04,-54
BLE,1704634605392862905,D3:F4:55:AB:96:20,-63
BLE,1704634605589143853,D3:F4:55:AB:96:20,-63
BLE,1704634605775194119,D3:F4:55:AB:96:20,-63
BLE,1704634605967856715,D3:F4:55:AB:96:20,-63
BLE,1704634606154593351,D3:F4:55:AB:96:20,-63
BLE,1704634606344597508,D3:F4:55:AB:96:20,-63
BLE,1704634606521114628,DF:DF:EE:00:00:04,-53
BLE,1704634606726877180,D3:F4:55:AB:96:20,-64
BLE,1704634606921682304,D3:F4:55:AB:96:20,-61
BLE,1704634607056849116,DF:DF:EE:00:00:04,-54
BLE,1704634607307409661,D3:F4:55:AB:96:20,-62
BLE,1704634607504198523,D3:F4:55:AB:96:20,-62
BLE,1704634607514484371,DF:DF:EE:00:00:04,-54
BLE,1704634607702115251,D3:F4:55:AB:96:20,-63
BLE,1704634608279921376,D3:F4:55:AB:96:20,-64
BLE,1704634608657310872,D3:F4:55:AB:96:20,-63
BLE,1704634608791102610,DF:DF:EE:00:00:04,-54
BLE,1704634609039329046,D3:F4:55:AB:96:20,-63
BLE,1704634609464506184,DF:A6:DC:DC:2E:81,-83
BLE,1704634609464559308,DF:DF:EE:00:00:01,-83
BLE,1704634610185520525,D3:F4:55:AB:96:20,-63
BLE,1704634610377821874,D3:F4:55:AB:96:20,-63
BLE,1704634610566664830,D3:F4:55:AB:96:20,-63
BLE,1704634610958103816,D3:F4:55:AB:96:20,-64
BLE,1704634611153743310,D3:F4:55:AB:96:20,-63
BLE,1704634611341909270,DF:DF:EE:00:00:04,-53
BLE,1704634611535368903,D3:F4:55:AB:96:20,-63
BLE,1704634611731346936,D3:F4:55:AB:96:20,-63
BLE,1704634611877478800,DF:DF:EE:00:00:04,-54
BLE,1704634611919435480,D3:F4:55:AB:96:20,-63
BLE,1704634612301644361,D3:F4:55:AB:96:20,-63
BLE,1704634612343060169,DF:DF:EE:00:00:04,-54
BLE,1704634612496745566,D3:F4:55:AB:96:20,-64
BLE,1704634612875376763,DF:DF:EE:00:00:04,-62
BLE,1704634613071781626,D3:F4:55:AB:96:20,-64
BLE,1704634613286373411,DF:A6:DC:DC:2E:81,-82
BLE,1704634613286406327,DF:DF:EE:00:00:01,-82
BLE,1704634613335498960,DF:DF:EE:00:00:04,-54
BLE,1704634613456906821,D3:F4:55:AB:96:20,-64
BLE,1704634613650396204,D3:F4:55:AB:96:20,-63
BLE,1704634613843398632,D3:F4:55:AB:96:20,-63
BLE,1704634613874708383,DF:DF:EE:00:00:04,-55
BLE,1704634614037509386,D3:F4:55:AB:96:20,-64
BLE,1704634614336273820,DF:DF:EE:00:00:04,-55
BLE,1704634614421268756,D3:F4:55:AB:96:20,-62
BLE,1704634614616977416,D3:F4:55:AB:96:20,-62
BLE,1704634614810712798,D3:F4:55:AB:96:20,-63
BLE,1704634615005067675,D3:F4:55:AB:96:20,-64
BLE,1704634615199321386,D3:F4:55:AB:96:20,-63
BLE,1704634615389354917,D3:F4:55:AB:96:20,-63
BLE,1704634615582906925,D3:F4:55:AB:96:20,-63
BLE,1704634615619307933,DF:DF:EE:00:00:04,-55
BLE,1704634615773767033,D3:F4:55:AB:96:20,-64
BLE,1704634615968689948,D3:F4:55:AB:96:20,-61
BLE,1704634616161695126,D3:F4:55:AB:96:20,-63
BLE,1704634616736267856,D3:F4:55:AB:96:20,-62
BLE,1704634616892427820,DF:DF:EE:00:00:04,-39
BLE,1704634617119934561,D3:F4:55:AB:96:20,-62
BLE,1704634617310323839,D3:F4:55:AB:96:20,-47
BLE,1704634617504665633,D3:F4:55:AB:96:20,-62
BLE,1704634617698383181,D3:F4:55:AB:96:20,-62
BLE,1704634617895609998,D3:F4:55:AB:96:20,-63
BLE,1704634618090572829,D3:F4:55:AB:96:20,-63
BLE,1704634618473543080,D3:F4:55:AB:96:20,-64
BLE,1704634618665891804,D3:F4:55:AB:96:20,-63
BLE,1704634618713787278,DF:DF:EE:00:00:04,-54
BLE,1704634618861582506,D3:F4:55:AB:96:20,-63
BLE,1704634619048536682,D3:F4:55:AB:96:20,-63
BLE,1704634619174249098,DF:DF:EE:00:00:04,-55
BLE,1704634619241925024,D3:F4:55:AB:96:20,-64
BLE,1704634619432516259,D3:F4:55:AB:96:20,-47
BLE,1704634619711731740,DF:DF:EE:00:00:04,-54
BLE,1704634619824500159,D3:F4:55:AB:96:20,-62
BLE,1704634620211773673,D3:F4:55:AB:96:20,-62
BLE,1704634620397621690,D3:F4:55:AB:96:20,-63
BLE,1704634620587063558,D3:F4:55:AB:96:20,-63
BLE,1704634620975808312,D3:F4:55:AB:96:20,-64
BLE,1704634621161852911,D3:F4:55:AB:96:20,-61
BLE,1704634621361333838,D3:F4:55:AB:96:20,-63
BLE,1704634621441960970,DF:DF:EE:00:00:04,-41
BLE,1704634621547990224,D3:F4:55:AB:96:20,-61
BLE,1704634621743512386,D3:F4:55:AB:96:20,-63
BLE,1704634621981960179,DF:DF:EE:00:00:04,-54
BLE,1704634622201384265,DF:A6:DC:DC:2E:81,-84
BLE,1704634622201414806,DF:DF:EE:00:00:01,-84
BLE,1704634622515171183,D3:F4:55:AB:96:20,-62
BLE,1704634622704571926,D3:F4:55:AB:96:20,-63
BLE,1704634622898035434,D3:F4:55:AB:96:20,-62
BLE,1704634622985020649,DF:DF:EE:00:00:04,-53
BLE,1704634623285684946,D3:F4:55:AB:96:20,-63
BLE,1704634623444442351,DF:DF:EE:00:00:04,-54
BLE,1704634623479299953,D3:F4:55:AB:96:20,-62
BLE,1704634623674513408,D3:F4:55:AB:96:20,-47
BLE,1704634623861417293,D3:F4:55:AB:96:20,-63
BLE,1704634623985391470,DF:DF:EE:00:00:04,-53
BLE,1704634624060663429,D3:F4:55:AB:96:20,-63
BLE,1704634624246402739,D3:F4:55:AB:96:20,-63
BLE,1704634624439217876,DF:DF:EE:00:00:04,-54
BLE,1704634624440714783,D3:F4:55:AB:96:20,-64
BLE,1704634624636380693,D3:F4:55:AB:96:20,-62
BLE,1704634625026906602,D3:F4:55:AB:96:20,-64
BLE,1704634625219355950,D3:F4:55:AB:96:20,-64
BLE,1704634625410468682,D3:F4:55:AB:96:20,-48
BLE,1704634625598908515,D3:F4:55:AB:96:20,-63
BLE,1704634625713649046,DF:DF:EE:00:00:04,-55
BLE,1704634625985208119,D3:F4:55:AB:96:20,-64
BLE,1704634626022008542,DF:A6:DC:DC:2E:81,-82
BLE,1704634626022035166,DF:DF:EE:00:00:01,-82
BLE,1704634626175388732,D3:F4:55:AB:96:20,-63
BLE,1704634626364343187,D3:F4:55:AB:96:20,-63
BLE,1704634626754399016,D3:F4:55:AB:96:20,-63
BLE,1704634627131716513,D3:F4:55:AB:96:20,-64
BLE,1704634627526512310,DF:DF:EE:00:00:04,-54
BLE,1704634627712169453,D3:F4:55:AB:96:20,-63
BLE,1704634627901416906,D3:F4:55:AB:96:20,-63
BLE,1704634627995152868,DF:DF:EE:00:00:04,-54
BLE,1704634628284086659,D3:F4:55:AB:96:20,-64
BLE,1704634628479728778,D3:F4:55:AB:96:20,-62
BLE,1704634628865766133,D3:F4:55:AB:96:20,-64
BLE,1704634629059522806,D3:F4:55:AB:96:20,-63
BLE,1704634629254261431,D3:F4:55:AB:96:20,-64
BLE,1704634629267038471,DF:DF:EE:00:00:04,-38
BLE,1704634629444392544,D3:F4:55:AB:96:20,-61
BLE,1704634629831481685,D3:F4:55:AB:96:20,-64
BLE,1704634630026279392,D3:F4:55:AB:96:20,-63
BLE,1704634630225491612,D3:F4:55:AB:96:20,-64
BLE,1704634630420770858,D3:F4:55:AB:96:20,-64
BLE,1704634630806507091,D3:F4:55:AB:96:20,-64
BLE,1704634631192835694,D3:F4:55:AB:96:20,-64
BLE,1704634631388938977,D3:F4:55:AB:96:20,-64
BLE,1704634631776625905,D3:F4:55:AB:96:20,-64
BLE,1704634631817485842,DF:DF:EE:00:00:04,-55
BLE,1704634631967772220,D3:F4:55:AB:96:20,-63
BLE,1704634631969107919,D3:F4:55:AB:96:20,-63
BLE,1704634632352131545,DF:DF:EE:00:00:04,-54
BLE,1704634632360374782,D3:F4:55:AB:96:20,-63
BLE,1704634632813336110,DF:DF:EE:00:00:04,-55
BLE,1704634632942452545,D3:F4:55:AB:96:20,-64
BLE,1704634633322110443,D3:F4:55:AB:96:20,-64
BLE,1704634633354627435,DF:DF:EE:00:00:04,-54
BLE,1704634633518120392,D3:F4:55:AB:96:20,-63
BLE,1704634633714580214,D3:F4:55:AB:96:20,-63
BLE,1704634633822789079,DF:DF:EE:00:00:04,-56
BLE,1704634633908994924,D3:F4:55:AB:96:20,-64
BLE,1704634634285196178,D3:F4:55:AB:96:20,-47
BLE,1704634634352477440,DF:DF:EE:00:00:04,-53
BLE,1704634634354064638,DF:DF:EE:00:00:04,-53
BLE,1704634634479566555,D3:F4:55:AB:96:20,-63
BLE,1704634634675278049,D3:F4:55:AB:96:20,-62
BLE,1704634634816973358,DF:DF:EE:00:00:04,-54
BLE,1704634634934378413,DF:A6:DC:DC:2E:81,-84
BLE,1704634634934407829,DF:DF:EE:00:00:01,-84
BLE,1704634635256184945,D3:F4:55:AB:96:20,-64
BLE,1704634635445898186,D3:F4:55:AB:96:20,-64
BLE,1704634635637842662,D3:F4:55:AB:96:20,-63
BLE,1704634636016915231,D3:F4:55:AB:96:20,-63
BLE,1704634636088248216,DF:DF:EE:00:00:04,-53
BLE,1704634636402178800,D3:F4:55:AB:96:20,-64
BLE,1704634636976875320,D3:F4:55:AB:96:20,-64
BLE,1704634637162175424,D3:F4:55:AB:96:20,-63
BLE,1704634637362087348,DF:DF:EE:00:00:04,-53
BLE,1704634637477327792,DF:A6:DC:DC:2E:81,-84
BLE,1704634637477356125,DF:DF:EE:00:00:01,-84
BLE,1704634637549711395,D3:F4:55:AB:96:20,-62
BLE,1704634637745328014,D3:F4:55:AB:96:20,-63
BLE,1704634637943611407,D3:F4:55:AB:96:20,-63
BLE,1704634638137105289,D3:F4:55:AB:96:20,-64
BLE,1704634638331545999,D3:F4:55:AB:96:20,-63
BLE,1704634638362372212,DF:DF:EE:00:00:04,-54
BLE,1704634638521586239,D3:F4:55:AB:96:20,-64
BLE,1704634638900486558,D3:F4:55:AB:96:20,-64
BLE,1704634639091543041,D3:F4:55:AB:96:20,-63
BLE,1704634639282155276,D3:F4:55:AB:96:20,-64
BLE,1704634639474671707,D3:F4:55:AB:96:20,-63
BLE,1704634639636107011,DF:DF:EE:00:00:04,-53
BLE,1704634639668019591,D3:F4:55:AB:96:20,-63
BLE,1704634640021593620,DF:A6:DC:DC:2E:81,-82
BLE,1704634640021627370,DF:DF:EE:00:00:01,-82
BLE,1704634640048835606,D3:F4:55:AB:96:20,-63
BLE,1704634640175813764,DF:DF:EE:00:00:04,-53
BLE,1704634640239669507,D3:F4:55:AB:96:20,-64
BLE,1704634640432072147,D3:F4:55:AB:96:20,-63
BLE,1704634640633707893,DF:DF:EE:00:00:04,-53
BLE,1704634640815895767,D3:F4:55:AB:96:20,-62
BLE,1704634641008170741,D3:F4:55:AB:96:20,-63
BLE,1704634641207017797,D3:F4:55:AB:96:20,-64
BLE,1704634641593679315,D3:F4:55:AB:96:20,-63
BLE,1704634641783364598,D3:F4:55:AB:96:20,-64
BLE,1704634641974445039,D3:F4:55:AB:96:20,-63
BLE,1704634642362510048,D3:F4:55:AB:96:20,-63
BLE,1704634642754588197,D3:F4:55:AB:96:20,-64
BLE,1704634642949896651,D3:F4:55:AB:96:20,-62
BLE,1704634643139201437,D3:F4:55:AB:96:20,-63
BLE,1704634643189620394,DF:DF:EE:00:00:04,-54
BLE,1704634643327621436,D3:F4:55:AB:96:20,-63
BLE,1704634643715812069,D3:F4:55:AB:96:20,-64
BLE,1704634643909721700,D3:F4:55:AB:96:20,-63
BLE,1704634644100538267,D3:F4:55:AB:96:20,-62
BLE,1704634644460478546,DF:DF:EE:00:00:04,-54
BLE,1704634644483489101,D3:F4:55:AB:96:20,-64
BLE,1704634644859579731,D3:F4:55:AB:96:20,-63
BLE,1704634645004840351,DF:DF:EE:00:00:04,-55
BLE,1704634645052213786,D3:F4:55:AB:96:20,-63
BLE,1704634645102469536,DF:A6:DC:DC:2E:81,-81
BLE,1704634645102494994,DF:DF:EE:00:00:01,-81
BLE,1704634645246325999,D3:F4:55:AB:96:20,-64
BLE,1704634645628094466,D3:F4:55:AB:96:20,-62
BLE,1704634645817315210,D3:F4:55:AB:96:20,-62
BLE,1704634646002372358,DF:DF:EE:00:00:04,-53
BLE,1704634646006032833,D3:F4:55:AB:96:20,-63
BLE,1704634646198516890,D3:F4:55:AB:96:20,-63
BLE,1704634646393462680,D3:F4:55:AB:96:20,-64
BLE,1704634646589657170,D3:F4:55:AB:96:20,-62
BLE,1704634646787426858,D3:F4:55:AB:96:20,-62
BLE,1704634646972675128,D3:F4:55:AB:96:20,-48
BLE,1704634647000493402,DF:DF:EE:00:00:04,-54
BLE,1704634647167246588,D3:F4:55:AB:96:20,-63
BLE,1704634647355222965,D3:F4:55:AB:96:20,-63
BLE,1704634647647313653,DF:A6:DC:DC:2E:81,-83
BLE,1704634647647346777,DF:DF:EE:00:00:01,-83
BLE,1704634647739302251,D3:F4:55:AB:96:20,-64
BLE,1704634648002952876,DF:DF:EE:00:00:04,-55
BLE,1704634648128051047,D3:F4:55:AB:96:20,-64
BLE,1704634648317262875,D3:F4:55:AB:96:20,-63
BLE,1704634648462704743,DF:DF:EE:00:00:04,-53
BLE,1704634648510518176,D3:F4:55:AB:96:20,-62
BLE,1704634648704497889,D3:F4:55:AB:96:20,-63
BLE,1704634648995897414,DF:DF:EE:00:00:04,-53
BLE,1704634649092960895,D3:F4:55:AB:96:20,-63
BLE,1704634649457626267,DF:DF:EE:00:00:04,-53
BLE,1704634649482296145,D3:F4:55:AB:96:20,-63
BLE,1704634649865999850,D3:F4:55:AB:96:20,-63
BLE,1704634650000235292,DF:DF:EE:00:00:04,-54
BLE,1704634650067325305,DF:DF:EE:00:00:04,-55
BLE,1704634650249885844,D3:F4:55:AB:96:20,-63
BLE,1704634650443638851,D3:F4:55:AB:96:20,-63
BLE,1704634650498481278,DF:DF:EE:00:00:04,-55
BLE,1704634650632979761,D3:F4:55:AB:96:20,-63
BLE,1704634650819710314,D3:F4:55:AB:96:20,-63
BLE,1704634650962296326,DF:DF:EE:00:00:04,-54
BLE,1704634651009729303,D3:F4:55:AB:96:20,-63
BLE,1704634651200073790,D3:F4:55:AB:96:20,-63
BLE,1704634651392080516,D3:F4:55:AB:96:20,-64
BLE,1704634651584042076,D3:F4:55:AB:96:20,-58
BLE,1704634651775567222,D3:F4:55:AB:96:20,-62
BLE,1704634651966443081,D3:F4:55:AB:96:20,-63
BLE,1704634652164896222,D3:F4:55:AB:96:20,-63
BLE,1704634652359678722,D3:F4:55:AB:96:20,-62
BLE,1704634652739347411,D3:F4:55:AB:96:20,-64
BLE,1704634653118025441,D3:F4:55:AB:96:20,-63
BLE,1704634653314683678,D3:F4:55:AB:96:20,-63
BLE,1704634653503373967,D3:F4:55:AB:96:20,-64
BLE,1704634653505279705,DF:DF:EE:00:00:04,-53
BLE,1704634653889911486,D3:F4:55:AB:96:20,-64
BLE,1704634654270596669,D3:F4:55:AB:96:20,-63
BLE,1704634654466304079,D3:F4:55:AB:96:20,-63
BLE,1704634654777824970,DF:DF:EE:00:00:04,-53
BLE,1704634654859904718,D3:F4:55:AB:96:20,-63
BLE,1704634655049274795,D3:F4:55:AB:96:20,-64
BLE,1704634655243701255,D3:F4:55:AB:96:20,-63
BLE,1704634655321376698,DF:DF:EE:00:00:04,-54
BLE,1704634655434383323,D3:F4:55:AB:96:20,-63
BLE,1704634655623165070,D3:F4:55:AB:96:20,-64
BLE,1704634655783708589,DF:DF:EE:00:00:04,-55
BLE,1704634656195694647,D3:F4:55:AB:96:20,-63
BLE,1704634656389932025,D3:F4:55:AB:96:20,-63
BLE,1704634656585051897,D3:F4:55:AB:96:20,-63
BLE,1704634656777004374,D3:F4:55:AB:96:20,-63
BLE,1704634656969405222,D3:F4:55:AB:96:20,-64
BLE,1704634657357830937,D3:F4:55:AB:96:20,-63
BLE,1704634657552014732,D3:F4:55:AB:96:20,-62
BLE,1704634657815274985,DF:A6:DC:DC:2E:81,-83
BLE,1704634657815308193,DF:DF:EE:00:00:01,-83
BLE,1704634657936279891,D3:F4:55:AB:96:20,-48
BLE,1704634658126156881,D3:F4:55:AB:96:20,-63
BLE,1704634658322037248,DF:DF:EE:00:00:04,-58
BLE,1704634658709449845,D3:F4:55:AB:96:20,-64
BLE,1704634658899352001,D3:F4:55:AB:96:20,-63
BLE,1704634659091221687,D3:F4:55:AB:96:20,-63
BLE,1704634659278824359,D3:F4:55:AB:96:20,-63
BLE,1704634659468837098,D3:F4:55:AB:96:20,-62
BLE,1704634659854851245,D3:F4:55:AB:96:20,-63
BLE,1704634660140074436,DF:DF:EE:00:00:04,-53
BLE,1704634660361264302,DF:A6:DC:DC:2E:81,-83
BLE,1704634660361296385,DF:DF:EE:00:00:01,-83
BLE,1704634660441384812,D3:F4:55:AB:96:20,-63
BLE,1704634660600719672,DF:DF:EE:00:00:04,-40
BLE,1704634660632434753,D3:F4:55:AB:96:20,-61
BLE,1704634660824103523,D3:F4:55:AB:96:20,-64
BLE,1704634661012278817,D3:F4:55:AB:96:20,-57
BLE,1704634661207683978,D3:F4:55:AB:96:20,-63
BLE,1704634661783526616,D3:F4:55:AB:96:20,-64
BLE,1704634661869112340,DF:DF:EE:00:00:04,-54
BLE,1704634662169772054,D3:F4:55:AB:96:20,-63
BLE,1704634662360011125,D3:F4:55:AB:96:20,-63
BLE,1704634662410657539,DF:DF:EE:00:00:04,-54
BLE,1704634662412092529,DF:DF:EE:00:00:04,-54
BLE,1704634662558313768,D3:F4:55:AB:96:20,-63
BLE,1704634662743530497,D3:F4:55:AB:96:20,-63
BLE,1704634662872870264,DF:DF:EE:00:00:04,-54
BLE,1704634663126920079,D3:F4:55:AB:96:20,-63
BLE,1704634663316075990,D3:F4:55:AB:96:20,-64
BLE,1704634663698380454,D3:F4:55:AB:96:20,-64
BLE,1704634663869605235,DF:DF:EE:00:00:04,-54
BLE,1704634663887246159,D3:F4:55:AB:96:20,-62
BLE,1704634664075769325,D3:F4:55:AB:96:20,-64
BLE,1704634664184595478,DF:A6:DC:DC:2E:81,-84
BLE,1704634664184628895,DF:DF:EE:00:00:01,-84
BLE,1704634664272059398,D3:F4:55:AB:96:20,-63
BLE,1704634664465007576,D3:F4:55:AB:96:20,-64
BLE,1704634664851672761,D3:F4:55:AB:96:20,-63
BLE,1704634665037066114,D3:F4:55:AB:96:20,-63
BLE,1704634665234488721,D3:F4:55:AB:96:20,-63
BLE,1704634665421375106,D3:F4:55:AB:96:20,-63
BLE,1704634665807992458,D3:F4:55:AB:96:20,-63
BLE,1704634666197676289,D3:F4:55:AB:96:20,-63
BLE,1704634666429508459,DF:DF:EE:00:00:04,-56
BLE,1704634666955248680,D3:F4:55:AB:96:20,-63
BLE,1704634666969003380,DF:DF:EE:00:00:04,-55
BLE,1704634667338339596,D3:F4:55:AB:96:20,-63
BLE,1704634667722694005,D3:F4:55:AB:96:20,-64
BLE,1704634667914306317,D3:F4:55:AB:96:20,-63
BLE,1704634668107545743,D3:F4:55:AB:96:20,-63
BLE,1704634668428923028,DF:DF:EE:00:00:04,-55
BLE,1704634668491563904,D3:F4:55:AB:96:20,-64
BLE,1704634668872693542,D3:F4:55:AB:96:20,-62
BLE,1704634668964213435,DF:DF:EE:00:00:04,-53
BLE,1704634669252641104,D3:F4:55:AB:96:20,-64
BLE,1704634669426407452,DF:DF:EE:00:00:04,-53
BLE,1704634669447645144,D3:F4:55:AB:96:20,-64
BLE,1704634669638036714,D3:F4:55:AB:96:20,-63
BLE,1704634669832341133,D3:F4:55:AB:96:20,-63
BLE,1704634670027087050,D3:F4:55:AB:96:20,-63
BLE,1704634670222683960,D3:F4:55:AB:96:20,-64
BLE,1704634670418350329,D3:F4:55:AB:96:20,-64
BLE,1704634670611326799,D3:F4:55:AB:96:20,-63
BLE,1704634670707529994,DF:DF:EE:00:00:04,-53
BLE,1704634670798754513,D3:F4:55:AB:96:20,-63
BLE,1704634670988698753,D3:F4:55:AB:96:20,-64
BLE,1704634671368368943,D3:F4:55:AB:96:20,-64
BLE,1704634671944721869,D3:F4:55:AB:96:20,-63
BLE,1704634671972779224,DF:DF:EE:00:00:04,-54
BLE,1704634672140032781,D3:F4:55:AB:96:20,-63
BLE,1704634672331529011,D3:F4:55:AB:96:20,-63
BLE,1704634672524961728,D3:F4:55:AB:96:20,-64
BLE,1704634672720568597,D3:F4:55:AB:96:20,-64
BLE,1704634672912535073,D3:F4:55:AB:96:20,-63
BLE,1704634673092870918,DF:A6:DC:DC:2E:81,-84
BLE,1704634673092897085,DF:DF:EE:00:00:01,-84
BLE,1704634673109664765,D3:F4:55:AB:96:20,-63
BLE,1704634673297175313,D3:F4:55:AB:96:20,-63
BLE,1704634673678436283,D3:F4:55:AB:96:20,-63
BLE,1704634673797795450,DF:DF:EE:00:00:04,-54
BLE,1704634673873430948,D3:F4:55:AB:96:20,-63
BLE,1704634674069568897,D3:F4:55:AB:96:20,-64
BLE,1704634674256239450,DF:DF:EE:00:00:04,-55
BLE,1704634674452725813,D3:F4:55:AB:96:20,-64
BLE,1704634674649023261,D3:F4:55:AB:96:20,-64
BLE,1704634674790329698,DF:DF:EE:00:00:04,-53
BLE,1704634674838111006,D3:F4:55:AB:96:20,-64
BLE,1704634675029975942,D3:F4:55:AB:96:20,-63
BLE,1704634675223773906,D3:F4:55:AB:96:20,-63
BLE,1704634675254994990,DF:DF:EE:00:00:04,-54
BLE,1704634675412302947,D3:F4:55:AB:96:20,-63
BLE,1704634675609323931,D3:F4:55:AB:96:20,-64
BLE,1704634675635958004,DF:A6:DC:DC:2E:81,-84
BLE,1704634675635983588,DF:DF:EE:00:00:01,-84
BLE,1704634675805326547,D3:F4:55:AB:96:20,-63
BLE,1704634675997867645,D3:F4:55:AB:96:20,-63
BLE,1704634676188374923,D3:F4:55:AB:96:20,-64
BLE,1704634676524401693,DF:DF:EE:00:00:04,-53
BLE,1704634676574024739,D3:F4:55:AB:96:20,-63
BLE,1704634676764640433,D3:F4:55:AB:96:20,-49
BLE,1704634677144736328,D3:F4:55:AB:96:20,-63
BLE,1704634677341330399,D3:F4:55:AB:96:20,-63
BLE,1704634677535273195,D3:F4:55:AB:96:20,-63
BLE,1704634677727738502,D3:F4:55:AB:96:20,-48
BLE,1704634677807178725,DF:DF:EE:00:00:04,-54
BLE,1704634678114150896,D3:F4:55:AB:96:20,-62
BLE,1704634678182971231,DF:A6:DC:DC:2E:81,-82
BLE,1704634678182999231,DF:DF:EE:00:00:01,-82
BLE,1704634678502325571,D3:F4:55:AB:96:20,-62
BLE,1704634678892851313,D3:F4:55:AB:96:20,-62
BLE,1704634679080252528,D3:F4:55:AB:96:20,-63
BLE,1704634679651319031,D3:F4:55:AB:96:20,-64
BLE,1704634680233612210,D3:F4:55:AB:96:20,-62
BLE,1704634680357842636,DF:DF:EE:00:00:04,-55
BLE,1704634680428536833,D3:F4:55:AB:96:20,-63
BLE,1704634680620973015,D3:F4:55:AB:96:20,-64
BLE,1704634680812211454,D3:F4:55:AB:96:20,-63
BLE,1704634680892378006,DF:DF:EE:00:00:04,-54
BLE,1704634681010185766,D3:F4:55:AB:96:20,-63
BLE,1704634681204058855,D3:F4:55:AB:96:20,-64
BLE,1704634681352811493,DF:DF:EE:00:00:04,-54
BLE,1704634681594105517,D3:F4:55:AB:96:20,-62
BLE,1704634681781258567,D3:F4:55:AB:96:20,-61
BLE,1704634681970071273,D3:F4:55:AB:96:20,-48
BLE,1704634682161935125,D3:F4:55:AB:96:20,-61
BLE,1704634682356923831,D3:F4:55:AB:96:20,-64
BLE,1704634682547299401,D3:F4:55:AB:96:20,-61
BLE,1704634682622688151,DF:DF:EE:00:00:04,-54
BLE,1704634682739834374,D3:F4:55:AB:96:20,-64
BLE,1704634682931063022,D3:F4:55:AB:96:20,-62
BLE,1704634682932380055,D3:F4:55:AB:96:20,-62
BLE,1704634683121692091,D3:F4:55:AB:96:20,-47
BLE,1704634683317367501,D3:F4:55:AB:96:20,-48
BLE,1704634683622429393,DF:DF:EE:00:00:04,-39
BLE,1704634683701338745,D3:F4:55:AB:96:20,-64
BLE,1704634684276081682,D3:F4:55:AB:96:20,-63
BLE,1704634684471435386,D3:F4:55:AB:96:20,-48
BLE,1704634684658609019,D3:F4:55:AB:96:20,-61
BLE,1704634684853657475,D3:F4:55:AB:96:20,-64
BLE,1704634684900805954,DF:DF:EE:00:00:04,-55
BLE,1704634685044865165,D3:F4:55:AB:96:20,-63
BLE,1704634685236225187,D3:F4:55:AB:96:20,-63
BLE,1704634685426766006,D3:F4:55:AB:96:20,-63
BLE,1704634685619582935,D3:F4:55:AB:96:20,-63
BLE,1704634685806380404,D3:F4:55:AB:96:20,-63
BLE,1704634686001658150,D3:F4:55:AB:96:20,-64
BLE,1704634686174833293,DF:DF:EE:00:00:04,-54
BLE,1704634686197085479,D3:F4:55:AB:96:20,-62
BLE,1704634686391824145,D3:F4:55:AB:96:20,-63
BLE,1704634686589337293,D3:F4:55:AB:96:20,-64
BLE,1704634687164999224,D3:F4:55:AB:96:20,-63
BLE,1704634687449092922,DF:DF:EE:00:00:04,-53
BLE,1704634687552978150,D3:F4:55:AB:96:20,-63
BLE,1704634687748364687,D3:F4:55:AB:96:20,-63
BLE,1704634688327082972,D3:F4:55:AB:96:20,-63
BLE,1704634688449303286,DF:DF:EE:00:00:04,-53
BLE,1704634688525563405,D3:F4:55:AB:96:20,-64
BLE,1704634688717353091,D3:F4:55:AB:96:20,-64
BLE,1704634688912476380,D3:F4:55:AB:96:20,-63
BLE,1704634688982486166,DF:DF:EE:00:00:04,-53
BLE,1704634689102473828,D3:F4:55:AB:96:20,-64
BLE,1704634689445334720,DF:DF:EE:00:00:04,-54
BLE,1704634689482918887,D3:F4:55:AB:96:20,-48
BLE,1704634689671922800,D3:F4:55:AB:96:20,-64
BLE,1704634689865450724,D3:F4:55:AB:96:20,-62
BLE,1704634689990063439,DF:DF:EE:00:00:04,-53
BLE,1704634690445473585,DF:DF:EE:00:00:04,-53
BLE,1704634690450413718,D3:F4:55:AB:96:20,-62
BLE,1704634690643992142,D3:F4:55:AB:96:20,-63
BLE,1704634690838820600,D3:F4:55:AB:96:20,-63
BLE,1704634691030403871,D3:F4:55:AB:96:20,-63
BLE,1704634691420235617,D3:F4:55:AB:96:20,-64
BLE,1704634691612381926,D3:F4:55:AB:96:20,-63
BLE,1704634691725621675,DF:DF:EE:00:00:04,-54
BLE,1704634691805318438,D3:F4:55:AB:96:20,-64
BLE,1704634692000594475,D3:F4:55:AB:96:20,-63
BLE,1704634692267078916,DF:DF:EE:00:00:04,-54
BLE,1704634692393335412,D3:F4:55:AB:96:20,-63
BLE,1704634692586367423,D3:F4:55:AB:96:20,-64
BLE,1704634692723955593,DF:DF:EE:00:00:04,-53
BLE,1704634692970603665,D3:F4:55:AB:96:20,-63
BLE,1704634693162598516,D3:F4:55:AB:96:20,-63
BLE,1704634693352855671,D3:F4:55:AB:96:20,-64
BLE,1704634693456525358,DF:A6:DC:DC:2E:81,-84
BLE,1704634693456556233,DF:DF:EE:00:00:01,-84
BLE,1704634693736504209,D3:F4:55:AB:96:20,-64
BLE,1704634694311827642,D3:F4:55:AB:96:20,-63
BLE,1704634694503103039,D3:F4:55:AB:96:20,-64
BLE,1704634694535256576,DF:DF:EE:00:00:04,-53
BLE,1704634694695068807,D3:F4:55:AB:96:20,-62
BLE,1704634694892332832,D3:F4:55:AB:96:20,-64
BLE,1704634694998414670,DF:DF:EE:00:00:04,-55
BLE,1704634695077991684,D3:F4:55:AB:96:20,-63
BLE,1704634695468769633,D3:F4:55:AB:96:20,-64
BLE,1704634695545448374,DF:DF:EE:00:00:04,-54
BLE,1704634695660027572,D3:F4:55:AB:96:20,-63
BLE,1704634695853045916,D3:F4:55:AB:96:20,-64
BLE,1704634696045879304,D3:F4:55:AB:96:20,-64
BLE,1704634696238411860,D3:F4:55:AB:96:20,-63
BLE,1704634696429294343,D3:F4:55:AB:96:20,-63
BLE,1704634696807532334,D3:F4:55:AB:96:20,-63
BLE,1704634697000016682,D3:F4:55:AB:96:20,-64
BLE,1704634697273433451,DF:DF:EE:00:00:04,-54
BLE,1704634697389503890,D3:F4:55:AB:96:20,-62
BLE,1704634697765735602,D3:F4:55:AB:96:20,-63
BLE,1704634697818076630,DF:DF:EE:00:00:04,-55
BLE,1704634697958720363,D3:F4:55:AB:96:20,-63
BLE,1704634698274187728,DF:DF:EE:00:00:04,-38
BLE,1704634698345621380,D3:F4:55:AB:96:20,-64
BLE,1704634698730521076,D3:F4:55:AB:96:20,-64
BLE,1704634699115516730,D3:F4:55:AB:96:20,-64
BLE,1704634699310739185,D3:F4:55:AB:96:20,-64
BLE,1704634699696303168,D3:F4:55:AB:96:20,-48
BLE,1704634699890471172,D3:F4:55:AB:96:20,-63
BLE,1704634700089746558,D3:F4:55:AB:96:20,-63
BLE,1704634700285861840,D3:F4:55:AB:96:20,-64
BLE,1704634700665717404,D3:F4:55:AB:96:20,-64
BLE,1704634700831680761,DF:DF:EE:00:00:04,-54
BLE,1704634700855047606,D3:F4:55:AB:96:20,-63
BLE,1704634701048587905,D3:F4:55:AB:96:20,-63
BLE,1704634701084757998,DF:A6:DC:DC:2E:81,-83
BLE,1704634701084792623,DF:DF:EE:00:00:01,-83
BLE,1704634701243924443,D3:F4:55:AB:96:20,-63
BLE,1704634701437059619,D3:F4:55:AB:96:20,-63
BLE,1704634701627510189,D3:F4:55:AB:96:20,-63
BLE,1704634701820835157,D3:F4:55:AB:96:20,-64
BLE,1704634702007607918,D3:F4:55:AB:96:20,-63
BLE,1704634702104569733,DF:DF:EE:00:00:04,-53
BLE,1704634702197107035,D3:F4:55:AB:96:20,-64
BLE,1704634702390672043,D3:F4:55:AB:96:20,-63
BLE,1704634702587931901,D3:F4:55:AB:96:20,-63
BLE,1704634702775515115,D3:F4:55:AB:96:20,-63
BLE,1704634702970492696,D3:F4:55:AB:96:20,-63
BLE,1704634703163354625,D3:F4:55:AB:96:20,-63
BLE,1704634703358563163,D3:F4:55:AB:96:20,-63
BLE,1704634703379278942,DF:DF:EE:00:00:04,-54
BLE,1704634703628865953,DF:A6:DC:DC:2E:81,-83
BLE,1704634703628898911,DF:DF:EE:00:00:01,-83
BLE,1704634703741768787,D3:F4:55:AB:96:20,-63
BLE,1704634704133149816,D3:F4:55:AB:96:20,-64
BLE,1704634704326905405,D3:F4:55:AB:96:20,-61
BLE,1704634704657735627,DF:DF:EE:00:00:04,-55
BLE,1704634704721804869,D3:F4:55:AB:96:20,-63
BLE,1704634705113019315,D3:F4:55:AB:96:20,-63
BLE,1704634705306986445,D3:F4:55:AB:96:20,-63
BLE,1704634705497770804,D3:F4:55:AB:96:20,-63
BLE,1704634705693337923,D3:F4:55:AB:96:20,-62
BLE,1704634705885490981,D3:F4:55:AB:96:20,-64
BLE,1704634706078176620,D3:F4:55:AB:96:20,-62
BLE,1704634706277298757,D3:F4:55:AB:96:20,-62
BLE,1704634706466426252,D3:F4:55:AB:96:20,-63
BLE,1704634706850901326,D3:F4:55:AB:96:20,-64
BLE,1704634707042665596,D3:F4:55:AB:96:20,-64
BLE,1704634707229540148,D3:F4:55:AB:96:20,-63
BLE,1704634707451825090,DF:A6:DC:DC:2E:81,-83
BLE,1704634707451854173,DF:DF:EE:00:00:01,-83
BLE,1704634707619501019,D3:F4:55:AB:96:20,-64
BLE,1704634707810734209,D3:F4:55:AB:96:20,-63
BLE,1704634708003238681,D3:F4:55:AB:96:20,-64
BLE,1704634708195801029,D3:F4:55:AB:96:20,-64
BLE,1704634708388276918,D3:F4:55:AB:96:20,-63
BLE,1704634708472015280,DF:DF:EE:00:00:04,-54
BLE,1704634708576955667,D3:F4:55:AB:96:20,-63
BLE,1704634708771183586,D3:F4:55:AB:96:20,-63
BLE,1704634708963011022,D3:F4:55:AB:96:20,-63
BLE,1704634709009952586,DF:DF:EE:00:00:04,-55
BLE,1704634709154568168,D3:F4:55:AB:96:20,-64
BLE,1704634709344674698,D3:F4:55:AB:96:20,-61
BLE,1704634709473138221,DF:DF:EE:00:00:04,-54
BLE,1704634709733644826,D3:F4:55:AB:96:20,-64
BLE,1704634709923441442,D3:F4:55:AB:96:20,-63
BLE,1704634709997843240,DF:A6:DC:DC:2E:81,-82
BLE,1704634709997870698,DF:DF:EE:00:00:01,-82
BLE,1704634710003910741,DF:DF:EE:00:00:04,-54
BLE,1704634710115247628,D3:F4:55:AB:96:20,-64
BLE,1704634710309194424,D3:F4:55:AB:96:20,-64
BLE,1704634710466867378,DF:DF:EE:00:00:04,-53
BLE,1704634710696502146,D3:F4:55:AB:96:20,-63
BLE,1704634710697839179,D3:F4:55:AB:96:20,-64
BLE,1704634711074144766,D3:F4:55:AB:96:20,-61
BLE,1704634711272406992,D3:F4:55:AB:96:20,-64
BLE,1704634711468030736,D3:F4:55:AB:96:20,-64
BLE,1704634711658120892,D3:F4:55:AB:96:20,-63
BLE,1704634711751950102,DF:DF:EE:00:00:04,-54
BLE,1704634711850114326,D3:F4:55:AB:96:20,-64
BLE,1704634712040355439,D3:F4:55:AB:96:20,-63
BLE,1704634712433641830,D3:F4:55:AB:96:20,-64
BLE,1704634713015868675,D3:F4:55:AB:96:20,-64
BLE,1704634713023167293,DF:DF:EE:00:00:04,-46
BLE,1704634713403671852,D3:F4:55:AB:96:20,-64
BLE,1704634713593364927,D3:F4:55:AB:96:20,-63
BLE,1704634713788164051,D3:F4:55:AB:96:20,-64
BLE,1704634713820390171,DF:A6:DC:DC:2E:81,-84
BLE,1704634713820415587,DF:DF:EE:00:00:01,-84
BLE,1704634713984001627,D3:F4:55:AB:96:20,-63
BLE,1704634714027931419,DF:DF:EE:00:00:04,-54
BLE,1704634714175275025,D3:F4:55:AB:96:20,-63
BLE,1704634714366587339,D3:F4:55:AB:96:20,-64
BLE,1704634714556052207,D3:F4:55:AB:96:20,-63
BLE,1704634714560832759,DF:DF:EE:00:00:04,-47
BLE,1704634714745021953,D3:F4:55:AB:96:20,-63
BLE,1704634714935690438,D3:F4:55:AB:96:20,-64
BLE,1704634715030691516,DF:DF:EE:00:00:04,-54
BLE,1704634715318347983,D3:F4:55:AB:96:20,-64
BLE,1704634715701851813,D3:F4:55:AB:96:20,-63
BLE,1704634715895533195,D3:F4:55:AB:96:20,-64
BLE,1704634716090343653,D3:F4:55:AB:96:20,-63
BLE,1704634716281508759,D3:F4:55:AB:96:20,-63
BLE,1704634716302156539,DF:DF:EE:00:00:04,-55
BLE,1704634716475002517,D3:F4:55:AB:96:20,-63
BLE,1704634716667873279,D3:F4:55:AB:96:20,-63
BLE,1704634716860760041,D3:F4:55:AB:96:20,-63
BLE,1704634717054982211,D3:F4:55:AB:96:20,-64
BLE,1704634717250699996,D3:F4:55:AB:96:20,-63
BLE,1704634717445733744,D3:F4:55:AB:96:20,-63
BLE,1704634717581643300,DF:DF:EE:00:00:04,-54
BLE,1704634717833458880,D3:F4:55:AB:96:20,-63
BLE,1704634718022843082,D3:F4:55:AB:96:20,-63
BLE,1704634718125377318,DF:DF:EE:00:00:04,-54
BLE,1704634718208466558,D3:F4:55:AB:96:20,-63
BLE,1704634718582908449,DF:DF:EE:00:00:04,-54
BLE,1704634718600484374,D3:F4:55:AB:96:20,-64
BLE,1704634718982891046,D3:F4:55:AB:96:20,-63
BLE,1704634719173827612,D3:F4:55:AB:96:20,-63
BLE,1704634719369623563,D3:F4:55:AB:96:20,-63
BLE,1704634719564282355,D3:F4:55:AB:96:20,-64
BLE,1704634719858383320,DF:DF:EE:00:00:04,-54
BLE,1704634719946855817,D3:F4:55:AB:96:20,-63
BLE,1704634720188553463,DF:A6:DC:DC:2E:81,-83
BLE,1704634720188586505,DF:DF:EE:00:00:01,-83
BLE,1704634720325256848,D3:F4:55:AB:96:20,-63
BLE,1704634720521090215,D3:F4:55:AB:96:20,-63
BLE,1704634720715524259,D3:F4:55:AB:96:20,-64
BLE,1704634721096300649,D3:F4:55:AB:96:20,-62
BLE,1704634721135444223,DF:DF:EE:00:00:04,-53
BLE,1704634721286647720,D3:F4:55:AB:96:20,-63
BLE,1704634721479463024,D3:F4:55:AB:96:20,-62
BLE,1704634721854614743,D3:F4:55:AB:96:20,-62
BLE,1704634722249268333,D3:F4:55:AB:96:20,-64
BLE,1704634722410426681,DF:DF:EE:00:00:04,-55
BLE,1704634722440979311,D3:F4:55:AB:96:20,-48
BLE,1704634722637987004,D3:F4:55:AB:96:20,-61
BLE,1704634722827286623,D3:F4:55:AB:96:20,-62
BLE,1704634723022663744,D3:F4:55:AB:96:20,-48
BLE,1704634723216133502,D3:F4:55:AB:96:20,-64
BLE,1704634723404853416,D3:F4:55:AB:96:20,-62
BLE,1704634723692026970,DF:DF:EE:00:00:04,-55
BLE,1704634723797156564,D3:F4:55:AB:96:20,-63
BLE,1704634723988205171,D3:F4:55:AB:96:20,-64
BLE,1704634724178133911,D3:F4:55:AB:96:20,-63
BLE,1704634724370979882,D3:F4:55:AB:96:20,-63
BLE,1704634724566730833,D3:F4:55:AB:96:20,-63
BLE,1704634724948421342,D3:F4:55:AB:96:20,-64
BLE,1704634725139582991,D3:F4:55:AB:96:20,-63
BLE,1704634725507218468,DF:DF:EE:00:00:04,-54
BLE,1704634725523322028,D3:F4:55:AB:96:20,-62
BLE,1704634725716813620,D3:F4:55:AB:96:20,-63
BLE,1704634725910303044,D3:F4:55:AB:96:20,-62
BLE,1704634725969175987,DF:DF:EE:00:00:04,-53
BLE,1704634726292246927,D3:F4:55:AB:96:20,-63
BLE,1704634726874165733,D3:F4:55:AB:96:20,-61
BLE,1704634727262257491,D3:F4:55:AB:96:20,-62
BLE,1704634727455926456,D3:F4:55:AB:96:20,-63
BLE,1704634727651153953,D3:F4:55:AB:96:20,-64
BLE,1704634727836993720,D3:F4:55:AB:96:20,-47
BLE,1704634728026478754,D3:F4:55:AB:96:20,-62
BLE,1704634728528585923,DF:DF:EE:00:00:04,-55
BLE,1704634728597256634,D3:F4:55:AB:96:20,-64
BLE,1704634729065461111,DF:DF:EE:00:00:04,-55
BLE,1704634729179088691,D3:F4:55:AB:96:20,-64
BLE,1704634729373637317,D3:F4:55:AB:96:20,-62
BLE,1704634729519295434,DF:DF:EE:00:00:04,-55
BLE,1704634730138618866,D3:F4:55:AB:96:20,-64
BLE,1704634730381861419,DF:A6:DC:DC:2E:81,-84
BLE,1704634730381891544,DF:DF:EE:00:00:01,-84
BLE,1704634730524694388,D3:F4:55:AB:96:20,-63
BLE,1704634730716763697,D3:F4:55:AB:96:20,-63
BLE,1704634730801408803,DF:DF:EE:00:00:04,-55
BLE,1704634730913452976,D3:F4:55:AB:96:20,-63
BLE,1704634731099322409,D3:F4:55:AB:96:20,-63
BLE,1704634731289333065,D3:F4:55:AB:96:20,-64
BLE,1704634731480898045,D3:F4:55:AB:96:20,-63
BLE,1704634731672332024,D3:F4:55:AB:96:20,-64
BLE,1704634731863622964,D3:F4:55:AB:96:20,-64
BLE,1704634732058096673,D3:F4:55:AB:96:20,-63
BLE,1704634732440602136,D3:F4:55:AB:96:20,-63
BLE,1704634732628080517,D3:F4:55:AB:96:20,-63
BLE,1704634732818649169,D3:F4:55:AB:96:20,-64
BLE,1704634733007991955,D3:F4:55:AB:96:20,-63
BLE,1704634733193751722,D3:F4:55:AB:96:20,-63
BLE,1704634733344619221,DF:DF:EE:00:00:04,-54
BLE,1704634733588637894,D3:F4:55:AB:96:20,-63
BLE,1704634733779938958,D3:F4:55:AB:96:20,-63
BLE,1704634733976156073,D3:F4:55:AB:96:20,-64
BLE,1704634734161194429,D3:F4:55:AB:96:20,-61
BLE,1704634734358307996,D3:F4:55:AB:96:20,-63
BLE,1704634734553860574,D3:F4:55:AB:96:20,-64
BLE,1704634734746392838,D3:F4:55:AB:96:20,-61
BLE,1704634734936473285,D3:F4:55:AB:96:20,-63
BLE,1704634735511209389,D3:F4:55:AB:96:20,-63
BLE,1704634735707486920,D3:F4:55:AB:96:20,-63
BLE,1704634736091351832,D3:F4:55:AB:96:20,-64
BLE,1704634736282152732,D3:F4:55:AB:96:20,-64
BLE,1704634736430655372,DF:DF:EE:00:00:04,-54
BLE,1704634736671267526,D3:F4:55:AB:96:20,-63
BLE,1704634736747397312,DF:A6:DC:DC:2E:81,-83
BLE,1704634736747423771,DF:DF:EE:00:00:01,-83
BLE,1704634736859917524,D3:F4:55:AB:96:20,-63
BLE,1704634736891813771,DF:DF:EE:00:00:04,-53
BLE,1704634737051196339,D3:F4:55:AB:96:20,-62
BLE,1704634737243212565,D3:F4:55:AB:96:20,-48
BLE,1704634737439816219,D3:F4:55:AB:96:20,-64
BLE,1704634737631285657,D3:F4:55:AB:96:20,-62
BLE,1704634737822450555,D3:F4:55:AB:96:20,-64
BLE,1704634738014531531,D3:F4:55:AB:96:20,-63
BLE,1704634738161212433,DF:DF:EE:00:00:04,-40
BLE,1704634738593625439,D3:F4:55:AB:96:20,-63
BLE,1704634738791590417,D3:F4:55:AB:96:20,-64
BLE,1704634738978540927,D3:F4:55:AB:96:20,-61
BLE,1704634739157651572,DF:DF:EE:00:00:04,-53
BLE,1704634739291081645,DF:A6:DC:DC:2E:81,-83
BLE,1704634739291131728,DF:DF:EE:00:00:01,-83
BLE,1704634739368742463,D3:F4:55:AB:96:20,-64
BLE,1704634739559896736,D3:F4:55:AB:96:20,-63
BLE,1704634739754970775,D3:F4:55:AB:96:20,-70
BLE,1704634739944132729,D3:F4:55:AB:96:20,-63
BLE,1704634740141252796,D3:F4:55:AB:96:20,-62
BLE,1704634740161979158,DF:DF:EE:00:00:04,-55
BLE,1704634740693275134,DF:DF:EE:00:00:04,-53
BLE,1704634740715997858,D3:F4:55:AB:96:20,-64
BLE,1704634740904748772,D3:F4:55:AB:96:20,-63
BLE,1704634741098783193,D3:F4:55:AB:96:20,-64
BLE,1704634741293811649,D3:F4:55:AB:96:20,-63
BLE,1704634741488735439,D3:F4:55:AB:96:20,-63
BLE,1704634741681094913,D3:F4:55:AB:96:20,-64
BLE,1704634741831669914,DF:A6:DC:DC:2E:81,-83
BLE,1704634741831701914,DF:DF:EE:00:00:01,-83
BLE,1704634741876614324,D3:F4:55:AB:96:20,-64
BLE,1704634742066164859,D3:F4:55:AB:96:20,-63
BLE,1704634742156236303,DF:DF:EE:00:00:04,-40
BLE,1704634742260124822,D3:F4:55:AB:96:20,-62
BLE,1704634742457671678,D3:F4:55:AB:96:20,-47
BLE,1704634742645449890,D3:F4:55:AB:96:20,-61
BLE,1704634742694520815,DF:DF:EE:00:00:04,-55
BLE,1704634743032398990,D3:F4:55:AB:96:20,-62
BLE,1704634743156948580,DF:DF:EE:00:00:04,-55
BLE,1704634743227125531,D3:F4:55:AB:96:20,-62
BLE,1704634743423501103,D3:F4:55:AB:96:20,-47
BLE,1704634743617319317,D3:F4:55:AB:96:20,-62
BLE,1704634743812593314,D3:F4:55:AB:96:20,-48
BLE,1704634744009094635,D3:F4:55:AB:96:20,-47
BLE,1704634744197890382,D3:F4:55:AB:96:20,-61
BLE,1704634744586777511,D3:F4:55:AB:96:20,-63
BLE,1704634744782522795,D3:F4:55:AB:96:20,-63
BLE,1704634745179111747,D3:F4:55:AB:96:20,-62
BLE,1704634745563794445,D3:F4:55:AB:96:20,-63
BLE,1704634745656988844,DF:A6:DC:DC:2E:81,-83
BLE,1704634745657020094,DF:DF:EE:00:00:01,-83
BLE,1704634745709498034,DF:DF:EE:00:00:04,-39
BLE,1704634745758993906,D3:F4:55:AB:96:20,-62
BLE,1704634745953902494,D3:F4:55:AB:96:20,-48
BLE,1704634746146085888,D3:F4:55:AB:96:20,-62
BLE,1704634746253988670,DF:DF:EE:00:00:04,-55
BLE,1704634746335877752,D3:F4:55:AB:96:20,-48
BLE,1704634746526183447,D3:F4:55:AB:96:20,-64
BLE,1704634746714034321,DF:DF:EE:00:00:04,-54
BLE,1704634746913748968,D3:F4:55:AB:96:20,-63
BLE,1704634747105066616,D3:F4:55:AB:96:20,-62
BLE,1704634747299940871,D3:F4:55:AB:96:20,-61
BLE,1704634747495726454,D3:F4:55:AB:96:20,-63
BLE,1704634747686798104,D3:F4:55:AB:96:20,-63
BLE,1704634747988712729,DF:DF:EE:00:00:04,-54
BLE,1704634748073836711,D3:F4:55:AB:96:20,-64
BLE,1704634748266442144,D3:F4:55:AB:96:20,-63
BLE,1704634748462180519,D3:F4:55:AB:96:20,-64
BLE,1704634748522037964,DF:DF:EE:00:00:04,-53
BLE,1704634748657830062,D3:F4:55:AB:96:20,-64
BLE,1704634748979987334,DF:DF:EE:00:00:04,-55
BLE,1704634749038885783,D3:F4:55:AB:96:20,-64
BLE,1704634749421239539,D3:F4:55:AB:96:20,-64
BLE,1704634749611734524,D3:F4:55:AB:96:20,-63
BLE,1704634749797504367,D3:F4:55:AB:96:20,-61
BLE,1704634749987417814,D3:F4:55:AB:96:20,-64
BLE,1704634750256511398,DF:DF:EE:00:00:04,-55
BLE,1704634750370801232,D3:F4:55:AB:96:20,-64
BLE,1704634750567052979,D3:F4:55:AB:96:20,-63
BLE,1704634750760257951,D3:F4:55:AB:96:20,-63
BLE,1704634750946446709,D3:F4:55:AB:96:20,-63
BLE,1704634751143949242,D3:F4:55:AB:96:20,-63
BLE,1704634751335186224,D3:F4:55:AB:96:20,-48
BLE,1704634751540227510,DF:DF:EE:00:00:04,-54
BLE,1704634751717412397,D3:F4:55:AB:96:20,-64
BLE,1704634751912589775,D3:F4:55:AB:96:20,-63
BLE,1704634752070915508,DF:DF:EE:00:00:04,-54
BLE,1704634752102592722,D3:F4:55:AB:96:20,-64
BLE,1704634752294719699,D3:F4:55:AB:96:20,-64
BLE,1704634752492311940,D3:F4:55:AB:96:20,-63
BLE,1704634752531445198,DF:DF:EE:00:00:04,-54
BLE,1704634752684930706,D3:F4:55:AB:96:20,-64
BLE,1704634752874957778,D3:F4:55:AB:96:20,-63
BLE,1704634753060575746,D3:F4:55:AB:96:20,-63
BLE,1704634753255277586,D3:F4:55:AB:96:20,-64
BLE,1704634753444186454,D3:F4:55:AB:96:20,-63
BLE,1704634753640863200,D3:F4:55:AB:96:20,-63
BLE,1704634753801442380,DF:DF:EE:00:00:04,-53
BLE,1704634753833749298,D3:F4:55:AB:96:20,-64
BLE,1704634754026775938,D3:F4:55:AB:96:20,-63
BLE,1704634754216246262,D3:F4:55:AB:96:20,-64
BLE,1704634754606767559,D3:F4:55:AB:96:20,-63
BLE,1704634754794714683,D3:F4:55:AB:96:20,-63
BLE,1704634754990968097,D3:F4:55:AB:96:20,-63
BLE,1704634755178574306,D3:F4:55:AB:96:20,-63
BLE,1704634755350349721,DF:DF:EE:00:00:04,-54
BLE,1704634755372557774,D3:F4:55:AB:96:20,-64
BLE,1704634755563456257,D3:F4:55:AB:96:20,-60
BLE,1704634755755123154,D3:F4:55:AB:96:20,-63
BLE,1704634755809228211,DF:DF:EE:00:00:04,-54
BLE,1704634755942831445,D3:F4:55:AB:96:20,-63
BLE,1704634756133930886,D3:F4:55:AB:96:20,-62
BLE,1704634756323468960,D3:F4:55:AB:96:20,-61
BLE,1704634756518842504,D3:F4:55:AB:96:20,-64
BLE,1704634756712725055,D3:F4:55:AB:96:20,-63
BLE,1704634757083414621,DF:DF:EE:00:00:04,-54
BLE,1704634757098590668,D3:F4:55:AB:96:20,-64
BLE,1704634757288740072,D3:F4:55:AB:96:20,-63
BLE,1704634757488250345,D3:F4:55:AB:96:20,-62
BLE,1704634757681302318,D3:F4:55:AB:96:20,-63
BLE,1704634758062614662,D3:F4:55:AB:96:20,-64
BLE,1704634758082178146,DF:DF:EE:00:00:04,-53
BLE,1704634758372521746,DF:A6:DC:DC:2E:81,-83
BLE,1704634758372552663,DF:DF:EE:00:00:01,-83
BLE,1704634758452225798,D3:F4:55:AB:96:20,-62
BLE,1704634758623757297,DF:DF:EE:00:00:04,-53
BLE,1704634758639777965,D3:F4:55:AB:96:20,-63
BLE,1704634758830133743,D3:F4:55:AB:96:20,-62
BLE,1704634759206449488,D3:F4:55:AB:96:20,-64
BLE,1704634759596383122,D3:F4:55:AB:96:20,-64
BLE,1704634759626508635,DF:DF:EE:00:00:04,-54
BLE,1704634759788578640,D3:F4:55:AB:96:20,-63
BLE,1704634759981400698,D3:F4:55:AB:96:20,-63
BLE,1704634760083493760,DF:DF:EE:00:00:04,-53
BLE,1704634760364749573,D3:F4:55:AB:96:20,-63
BLE,1704634760555193309,D3:F4:55:AB:96:20,-63
BLE,1704634760627596314,DF:DF:EE:00:00:04,-53
BLE,1704634761087867839,DF:DF:EE:00:00:04,-55
BLE,1704634761138838496,D3:F4:55:AB:96:20,-63
BLE,1704634761529099253,D3:F4:55:AB:96:20,-63
BLE,1704634761627868457,DF:DF:EE:00:00:04,-56
BLE,1704634762081674806,DF:DF:EE:00:00:04,-53
BLE,1704634762296022961,D3:F4:55:AB:96:20,-64
BLE,1704634762676663434,D3:F4:55:AB:96:20,-64
BLE,1704634762865508720,D3:F4:55:AB:96:20,-64
BLE,1704634763057472990,D3:F4:55:AB:96:20,-64
BLE,1704634763253263407,D3:F4:55:AB:96:20,-63
BLE,1704634763361134231,DF:DF:EE:00:00:04,-54
BLE,1704634763443001855,D3:F4:55:AB:96:20,-64
BLE,1704634763830407501,D3:F4:55:AB:96:20,-63
BLE,1704634764021138152,D3:F4:55:AB:96:20,-64
BLE,1704634764602003061,D3:F4:55:AB:96:20,-63
BLE,1704634764641356277,DF:DF:EE:00:00:04,-55
BLE,1704634764791254178,D3:F4:55:AB:96:20,-64
BLE,1704634764986631222,D3:F4:55:AB:96:20,-63
BLE,1704634765176814751,D3:F4:55:AB:96:20,-64
BLE,1704634765569218956,D3:F4:55:AB:96:20,-64
BLE,1704634765763737129,D3:F4:55:AB:96:20,-63
BLE,1704634765909381635,DF:DF:EE:00:00:04,-54
BLE,1704634765952895163,D3:F4:55:AB:96:20,-63
BLE,1704634766146075385,D3:F4:55:AB:96:20,-63
BLE,1704634766721020699,D3:F4:55:AB:96:20,-63
BLE,1704634766911504893,D3:F4:55:AB:96:20,-63
BLE,1704634767103028248,D3:F4:55:AB:96:20,-63
BLE,1704634767183721586,DF:DF:EE:00:00:04,-55
BLE,1704634767496512072,D3:F4:55:AB:96:20,-63
BLE,1704634767691267369,D3:F4:55:AB:96:20,-63
BLE,1704634767887055828,D3:F4:55:AB:96:20,-63
BLE,1704634768085237149,D3:F4:55:AB:96:20,-64
BLE,1704634768270645078,D3:F4:55:AB:96:20,-63
BLE,1704634768453933683,DF:DF:EE:00:00:04,-53
BLE,1704634768460182735,D3:F4:55:AB:96:20,-63
BLE,1704634768653068417,D3:F4:55:AB:96:20,-63
BLE,1704634769421233952,D3:F4:55:AB:96:20,-63
BLE,1704634769614902088,D3:F4:55:AB:96:20,-64
BLE,1704634769808752265,D3:F4:55:AB:96:20,-64
BLE,1704634769824128603,DF:A6:DC:DC:2E:81,-83
BLE,1704634769824154853,DF:DF:EE:00:00:01,-83
BLE,1704634770189054615,D3:F4:55:AB:96:20,-64
BLE,1704634770267553464,DF:DF:EE:00:00:04,-55
BLE,1704634770734340830,DF:DF:EE:00:00:04,-54
BLE,1704634770766756915,D3:F4:55:AB:96:20,-63
BLE,1704634770957539482,D3:F4:55:AB:96:20,-64
BLE,1704634771266782861,DF:DF:EE:00:00:04,-54
BLE,1704634771334395100,D3:F4:55:AB:96:20,-63
BLE,1704634771529118147,D3:F4:55:AB:96:20,-63
BLE,1704634771730537452,DF:DF:EE:00:00:04,-40
BLE,1704634771909651245,D3:F4:55:AB:96:20,-63
BLE,1704634772290465634,D3:F4:55:AB:96:20,-64
BLE,1704634772478453299,D3:F4:55:AB:96:20,-64
BLE,1704634772671978978,D3:F4:55:AB:96:20,-63
BLE,1704634772868145268,D3:F4:55:AB:96:20,-64
BLE,1704634773005376275,DF:DF:EE:00:00:04,-53
BLE,1704634773059397624,D3:F4:55:AB:96:20,-63
BLE,1704634773249176697,D3:F4:55:AB:96:20,-64
BLE,1704634774007662907,DF:DF:EE:00:00:04,-54
BLE,1704634774023112911,D3:F4:55:AB:96:20,-64
BLE,1704634774214187561,D3:F4:55:AB:96:20,-63
BLE,1704634774406800119,D3:F4:55:AB:96:20,-63
BLE,1704634774594646701,D3:F4:55:AB:96:20,-62
BLE,1704634774789406915,D3:F4:55:AB:96:20,-63
BLE,1704634774911975664,DF:A6:DC:DC:2E:81,-83
BLE,1704634774912006122,DF:DF:EE:00:00:01,-83
BLE,1704634775166413657,D3:F4:55:AB:96:20,-64
BLE,1704634775288911531,DF:DF:EE:00:00:04,-53
BLE,1704634775361124912,D3:F4:55:AB:96:20,-62
BLE,1704634775755021151,D3:F4:55:AB:96:20,-63
BLE,1704634775944783015,D3:F4:55:AB:96:20,-63
BLE,1704634776137554573,D3:F4:55:AB:96:20,-64
BLE,1704634776329467843,D3:F4:55:AB:96:20,-63
BLE,1704634776719468018,D3:F4:55:AB:96:20,-62
BLE,1704634777100501114,D3:F4:55:AB:96:20,-64
BLE,1704634777683957718,D3:F4:55:AB:96:20,-64
BLE,1704634777835556610,DF:DF:EE:00:00:04,-54
BLE,1704634777873829290,D3:F4:55:AB:96:20,-63
BLE,1704634778068450129,D3:F4:55:AB:96:20,-64
BLE,1704634778372723159,DF:DF:EE:00:00:04,-53
BLE,1704634778454307242,D3:F4:55:AB:96:20,-63
BLE,1704634778732748487,DF:A6:DC:DC:2E:81,-83
BLE,1704634778732777987,DF:DF:EE:00:00:01,-83
BLE,1704634778829140953,DF:DF:EE:00:00:04,-54
BLE,1704634778838066824,D3:F4:55:AB:96:20,-64
BLE,1704634779027759356,D3:F4:55:AB:96:20,-63
BLE,1704634779220983911,D3:F4:55:AB:96:20,-64
BLE,1704634779417288658,D3:F4:55:AB:96:20,-63
BLE,1704634779606916190,D3:F4:55:AB:96:20,-63
BLE,1704634779792329618,D3:F4:55:AB:96:20,-63
BLE,1704634779990023317,D3:F4:55:AB:96:20,-63
BLE,1704634780180746843,D3:F4:55:AB:96:20,-62
BLE,1704634780375368474,D3:F4:55:AB:96:20,-63
BLE,1704634780564431759,D3:F4:55:AB:96:20,-63
BLE,1704634780948087091,D3:F4:55:AB:96:20,-64
BLE,1704634781277241744,DF:A6:DC:DC:2E:81,-83
BLE,1704634781277276285,DF:DF:EE:00:00:01,-83
BLE,1704634781337167271,D3:F4:55:AB:96:20,-63
BLE,1704634781379650304,DF:DF:EE:00:00:04,-55
BLE,1704634781721733641,D3:F4:55:AB:96:20,-63
BLE,1704634781913857368,D3:F4:55:AB:96:20,-64
BLE,1704634782301998844,D3:F4:55:AB:96:20,-63
BLE,1704634782494465903,D3:F4:55:AB:96:20,-63
BLE,1704634782649036989,DF:DF:EE:00:00:04,-37
BLE,1704634782685306470,D3:F4:55:AB:96:20,-63
BLE,1704634782871852143,D3:F4:55:AB:96:20,-63
BLE,1704634783060767637,D3:F4:55:AB:96:20,-64
BLE,1704634783449479985,D3:F4:55:AB:96:20,-63
BLE,1704634783816828109,DF:A6:DC:DC:2E:81,-83
BLE,1704634783816867151,DF:DF:EE:00:00:01,-83
BLE,1704634783833586107,D3:F4:55:AB:96:20,-63
BLE,1704634783929890407,DF:DF:EE:00:00:04,-54
BLE,1704634784022421309,D3:F4:55:AB:96:20,-63
BLE,1704634784214689536,D3:F4:55:AB:96:20,-63
BLE,1704634784599108990,D3:F4:55:AB:96:20,-63
BLE,1704634784793368873,D3:F4:55:AB:96:20,-64
BLE,1704634784983954816,D3:F4:55:AB:96:20,-63
BLE,1704634785200267711,DF:DF:EE:00:00:04,-54
BLE,1704634785565816720,D3:F4:55:AB:96:20,-63
BLE,1704634785744287142,DF:DF:EE:00:00:04,-55
BLE,1704634785754632672,D3:F4:55:AB:96:20,-63
BLE,1704634785947174189,D3:F4:55:AB:96:20,-63
BLE,1704634786139190750,D3:F4:55:AB:96:20,-63
BLE,1704634786203145924,DF:DF:EE:00:00:04,-54
BLE,1704634786329958776,D3:F4:55:AB:96:20,-64
BLE,1704634786362764275,DF:A6:DC:DC:2E:81,-82
BLE,1704634786362789233,DF:DF:EE:00:00:01,-82
BLE,1704634786522362877,D3:F4:55:AB:96:20,-47
BLE,1704634786719663369,D3:F4:55:AB:96:20,-63
BLE,1704634786908403406,D3:F4:55:AB:96:20,-64
BLE,1704634787098014854,D3:F4:55:AB:96:20,-63
BLE,1704634787291955572,D3:F4:55:AB:96:20,-64
BLE,1704634787485643250,DF:DF:EE:00:00:04,-54
BLE,1704634787679043929,D3:F4:55:AB:96:20,-63
BLE,1704634788059724485,D3:F4:55:AB:96:20,-63
BLE,1704634788248977144,D3:F4:55:AB:96:20,-63
BLE,1704634788445760639,D3:F4:55:AB:96:20,-64
BLE,1704634788754126897,DF:DF:EE:00:00:04,-55
BLE,1704634788835847438,D3:F4:55:AB:96:20,-63
BLE,1704634789224961993,D3:F4:55:AB:96:20,-64
BLE,1704634789295537341,DF:DF:EE:00:00:04,-53
BLE,1704634789415651978,D3:F4:55:AB:96:20,-63
BLE,1704634789602377357,D3:F4:55:AB:96:20,-63
BLE,1704634789759519138,DF:DF:EE:00:00:04,-53
BLE,1704634789797496278,D3:F4:55:AB:96:20,-63
BLE,1704634790181035736,D3:F4:55:AB:96:20,-63
BLE,1704634790367904823,D3:F4:55:AB:96:20,-63
BLE,1704634790750812285,DF:DF:EE:00:00:04,-54
BLE,1704634790762324018,D3:F4:55:AB:96:20,-63
BLE,1704634790949098189,D3:F4:55:AB:96:20,-63
BLE,1704634791140866710,D3:F4:55:AB:96:20,-62
BLE,1704634791295412046,DF:DF:EE:00:00:04,-40
BLE,1704634791523214507,D3:F4:55:AB:96:20,-64
BLE,1704634791716093439,D3:F4:55:AB:96:20,-64
BLE,1704634791759147802,DF:DF:EE:00:00:04,-53
BLE,1704634791907493712,D3:F4:55:AB:96:20,-64
BLE,1704634791909031079,D3:F4:55:AB:96:20,-63
BLE,1704634792483576062,D3:F4:55:AB:96:20,-63
BLE,1704634792675853996,D3:F4:55:AB:96:20,-64
BLE,1704634792760736605,DF:DF:EE:00:00:04,-54
BLE,1704634792869673257,D3:F4:55:AB:96:20,-63
BLE,1704634793064125722,D3:F4:55:AB:96:20,-61
BLE,1704634793256100033,D3:F4:55:AB:96:20,-63
BLE,1704634793297857612,DF:DF:EE:00:00:04,-54
BLE,1704634793639759241,D3:F4:55:AB:96:20,-63
BLE,1704634793752261458,DF:DF:EE:00:00:04,-55
BLE,1704634793831011973,D3:F4:55:AB:96:20,-64
BLE,1704634793992589773,DF:A6:DC:DC:2E:81,-82
BLE,1704634793992618981,DF:DF:EE:00:00:01,-82
BLE,1704634794021698874,D3:F4:55:AB:96:20,-63
BLE,1704634794212207693,D3:F4:55:AB:96:20,-63
BLE,1704634794295866016,DF:DF:EE:00:00:04,-55
BLE,1704634794407347696,D3:F4:55:AB:96:20,-63
BLE,1704634794598442846,D3:F4:55:AB:96:20,-63
BLE,1704634794790929696,D3:F4:55:AB:96:20,-64
BLE,1704634794794677760,DF:DF:EE:00:00:04,-54
BLE,1704634794979284776,D3:F4:55:AB:96:20,-63
BLE,1704634795169363555,D3:F4:55:AB:96:20,-63
BLE,1704634795261874249,DF:DF:EE:00:00:04,-54
BLE,1704634795550980815,D3:F4:55:AB:96:20,-63
BLE,1704634795744541535,D3:F4:55:AB:96:20,-63
BLE,1704634795941610195,D3:F4:55:AB:96:20,-64
BLE,1704634796132250138,D3:F4:55:AB:96:20,-63
BLE,1704634796519132454,D3:F4:55:AB:96:20,-64
BLE,1704634796530399564,DF:DF:EE:00:00:04,-54
BLE,1704634796710785642,D3:F4:55:AB:96:20,-63
BLE,1704634796910496373,D3:F4:55:AB:96:20,-64
BLE,1704634797066684700,DF:DF:EE:00:00:04,-54
BLE,1704634797100468236,D3:F4:55:AB:96:20,-64
BLE,1704634797485888518,D3:F4:55:AB:96:20,-48
BLE,1704634797529331629,DF:DF:EE:00:00:04,-55
BLE,1704634797869921682,D3:F4:55:AB:96:20,-62
BLE,1704634798064150315,D3:F4:55:AB:96:20,-62
BLE,1704634798300928314,DF:DF:EE:00:00:04,-55
BLE,1704634798456692185,D3:F4:55:AB:96:20,-64
BLE,1704634798833495886,D3:F4:55:AB:96:20,-48
BLE,1704634799029809551,D3:F4:55:AB:96:20,-62
BLE,1704634799077297141,DF:A6:DC:DC:2E:81,-83
BLE,1704634799077323808,DF:DF:EE:00:00:01,-83
BLE,1704634799222473025,D3:F4:55:AB:96:20,-64
BLE,1704634799409581028,D3:F4:55:AB:96:20,-63
BLE,1704634799574823976,DF:DF:EE:00:00:04,-53
BLE,1704634799607142186,D3:F4:55:AB:96:20,-64
BLE,1704634799797870004,D3:F4:55:AB:96:20,-63
BLE,1704634800114724302,DF:DF:EE:00:00:04,-53
BLE,1704634800181992584,D3:F4:55:AB:96:20,-64
BLE,1704634800371755948,D3:F4:55:AB:96:20,-62
BLE,1704634800560997648,D3:F4:55:AB:96:20,-63
BLE,1704634800580098551,DF:DF:EE:00:00:04,-54
BLE,1704634800754741701,D3:F4:55:AB:96:20,-63
BLE,1704634800944273983,D3:F4:55:AB:96:20,-63
BLE,1704634801338481345,D3:F4:55:AB:96:20,-63
BLE,1704634801525591306,D3:F4:55:AB:96:20,-63
BLE,1704634801577743998,DF:DF:EE:00:00:04,-53
BLE,1704634801722349968,D3:F4:55:AB:96:20,-64
BLE,1704634801910517549,D3:F4:55:AB:96:20,-63
BLE,1704634802106482965,D3:F4:55:AB:96:20,-63
BLE,1704634802115178379,DF:DF:EE:00:00:04,-53
BLE,1704634802116783954,DF:DF:EE:00:00:04,-53
BLE,1704634802298161653,D3:F4:55:AB:96:20,-63
BLE,1704634802488089433,D3:F4:55:AB:96:20,-63
BLE,1704634802571910713,DF:DF:EE:00:00:04,-53
BLE,1704634802673999234,D3:F4:55:AB:96:20,-61
BLE,1704634802869294528,D3:F4:55:AB:96:20,-64
BLE,1704634803057558400,D3:F4:55:AB:96:20,-61
BLE,1704634803253613315,D3:F4:55:AB:96:20,-63
BLE,1704634803446827954,D3:F4:55:AB:96:20,-62
BLE,1704634803637689937,D3:F4:55:AB:96:20,-47
BLE,1704634803828791795,D3:F4:55:AB:96:20,-64
BLE,1704634803841812228,DF:DF:EE:00:00:04,-53
BLE,1704634804023465884,D3:F4:55:AB:96:20,-61
BLE,1704634804217309561,D3:F4:55:AB:96:20,-59
BLE,1704634804413547934,D3:F4:55:AB:96:20,-62
BLE,1704634804609377976,D3:F4:55:AB:96:20,-63
BLE,1704634804798712342,D3:F4:55:AB:96:20,-64
BLE,1704634805119583162,DF:DF:EE:00:00:04,-55
BLE,1704634805180962557,D3:F4:55:AB:96:20,-64
BLE,1704634805562455984,D3:F4:55:AB:96:20,-64
BLE,1704634805657427999,DF:DF:EE:00:00:04,-54
BLE,1704634805943669121,D3:F4:55:AB:96:20,-64
BLE,1704634806123479077,DF:DF:EE:00:00:04,-55
BLE,1704634806325644587,D3:F4:55:AB:96:20,-64
BLE,1704634806516106572,D3:F4:55:AB:96:20,-63
BLE,1704634806655246529,DF:DF:EE:00:00:04,-53
BLE,1704634806708131259,D3:F4:55:AB:96:20,-63
BLE,1704634807122461976,DF:DF:EE:00:00:04,-55
BLE,1704634807476545793,D3:F4:55:AB:96:20,-64
BLE,1704634807669993764,D3:F4:55:AB:96:20,-63
BLE,1704634807858667092,D3:F4:55:AB:96:20,-64
BLE,1704634808051118817,D3:F4:55:AB:96:20,-63
BLE,1704634808247647939,D3:F4:55:AB:96:20,-63
BLE,1704634808390677792,DF:DF:EE:00:00:04,-53
BLE,1704634808440644287,D3:F4:55:AB:96:20,-64
BLE,1704634808629604988,D3:F4:55:AB:96:20,-64
BLE,1704634808826270359,D3:F4:55:AB:96:20,-63
BLE,1704634808927493759,DF:DF:EE:00:00:04,-39
BLE,1704634809015070687,D3:F4:55:AB:96:20,-64
BLE,1704634809201543818,D3:F4:55:AB:96:20,-64
BLE,1704634809388681696,DF:DF:EE:00:00:04,-54
BLE,1704634809395664243,D3:F4:55:AB:96:20,-63
BLE,1704634809587561638,D3:F4:55:AB:96:20,-63
BLE,1704634809782829933,D3:F4:55:AB:96:20,-64
BLE,1704634809926970530,DF:DF:EE:00:00:04,-53
BLE,1704634809981153879,D3:F4:55:AB:96:20,-63
BLE,1704634810169507000,D3:F4:55:AB:96:20,-63
BLE,1704634810360170693,D3:F4:55:AB:96:20,-63
BLE,1704634810391303742,DF:DF:EE:00:00:04,-53
BLE,1704634810547487695,D3:F4:55:AB:96:20,-62
BLE,1704634810742331742,D3:F4:55:AB:96:20,-64
BLE,1704634810930588447,D3:F4:55:AB:96:20,-63
BLE,1704634811129408932,D3:F4:55:AB:96:20,-62
BLE,1704634811513226847,D3:F4:55:AB:96:20,-63
BLE,1704634811661576256,DF:DF:EE:00:00:04,-54
BLE,1704634811706268819,D3:F4:55:AB:96:20,-63
BLE,1704634811808600505,DF:A6:DC:DC:2E:81,-82
BLE,1704634811808627463,DF:DF:EE:00:00:01,-82
BLE,1704634812085206426,D3:F4:55:AB:96:20,-64
BLE,1704634812197712685,DF:DF:EE:00:00:04,-55
BLE,1704634812276030952,D3:F4:55:AB:96:20,-63
BLE,1704634812461840836,D3:F4:55:AB:96:20,-64
BLE,1704634812660631488,D3:F4:55:AB:96:20,-62
BLE,1704634812850034104,D3:F4:55:AB:96:20,-64
BLE,1704634813045748271,D3:F4:55:AB:96:20,-63
BLE,1704634813245079295,D3:F4:55:AB:96:20,-63
BLE,1704634813436121403,D3:F4:55:AB:96:20,-64
BLE,1704634813624483691,D3:F4:55:AB:96:20,-63
BLE,1704634813820656439,D3:F4:55:AB:96:20,-64
BLE,1704634814014156368,D3:F4:55:AB:96:20,-63
BLE,1704634814211250236,D3:F4:55:AB:96:20,-63
BLE,1704634814353114845,DF:A6:DC:DC:2E:81,-83
BLE,1704634814353143720,DF:DF:EE:00:00:01,-83
BLE,1704634814396233750,D3:F4:55:AB:96:20,-63
BLE,1704634814779552834,D3:F4:55:AB:96:20,-63
BLE,1704634814936209618,DF:DF:EE:00:00:04,-53
BLE,1704634815164940283,D3:F4:55:AB:96:20,-62
BLE,1704634815355608518,D3:F4:55:AB:96:20,-63
BLE,1704634815472437754,DF:DF:EE:00:00:04,-41
BLE,1704634815551314060,D3:F4:55:AB:96:20,-64
BLE,1704634815745846108,D3:F4:55:AB:96:20,-63
BLE,1704634815931864658,DF:DF:EE:00:00:04,-53
BLE,1704634815938134210,D3:F4:55:AB:96:20,-62
BLE,1704634816129568357,D3:F4:55:AB:96:20,-63
BLE,1704634816323753866,D3:F4:55:AB:96:20,-63
BLE,1704634816512821775,D3:F4:55:AB:96:20,-63
BLE,1704634816702480223,D3:F4:55:AB:96:20,-64
BLE,1704634816893503623,D3:F4:55:AB:96:20,-61
BLE,1704634817082980739,D3:F4:55:AB:96:20,-63
BLE,1704634817277551954,D3:F4:55:AB:96:20,-64
BLE,1704634817467811274,D3:F4:55:AB:96:20,-63
BLE,1704634817848649371,D3:F4:55:AB:96:20,-64
BLE,1704634818044276038,D3:F4:55:AB:96:20,-63
BLE,1704634818238302756,D3:F4:55:AB:96:20,-64
BLE,1704634818477774825,DF:DF:EE:00:00:04,-55
BLE,1704634818620048306,D3:F4:55:AB:96:20,-47
BLE,1704634819003343891,D3:F4:55:AB:96:20,-63
BLE,1704634819020315179,DF:DF:EE:00:00:04,-54
BLE,1704634819385127525,D3:F4:55:AB:96:20,-64
BLE,1704634819437708048,DF:A6:DC:DC:2E:81,-83
BLE,1704634819437738881,DF:DF:EE:00:00:01,-83
BLE,1704634819571580073,D3:F4:55:AB:96:20,-63
BLE,1704634819763280594,D3:F4:55:AB:96:20,-64
BLE,1704634819764611879,D3:F4:55:AB:96:20,-64
BLE,1704634819957852767,D3:F4:55:AB:96:20,-64
BLE,1704634820725205140,D3:F4:55:AB:96:20,-63
BLE,1704634820751784046,DF:DF:EE:00:00:04,-54
BLE,1704634821110314715,D3:F4:55:AB:96:20,-64
BLE,1704634821295113355,DF:DF:EE:00:00:04,-54
BLE,1704634821302380401,D3:F4:55:AB:96:20,-63
BLE,1704634821493453342,D3:F4:55:AB:96:20,-63
BLE,1704634821684615283,D3:F4:55:AB:96:20,-63
BLE,1704634821753853887,DF:DF:EE:00:00:04,-53
BLE,1704634821981757640,DF:A6:DC:DC:2E:81,-82
BLE,1704634821981787932,DF:DF:EE:00:00:01,-82
BLE,1704634822071701098,D3:F4:55:AB:96:20,-63
BLE,1704634822266162438,D3:F4:55:AB:96:20,-63
BLE,1704634822647693990,D3:F4:55:AB:96:20,-64
BLE,1704634822843494740,D3:F4:55:AB:96:20,-64
BLE,1704634823233088917,D3:F4:55:AB:96:20,-63
BLE,1704634823420018463,D3:F4:55:AB:96:20,-63
BLE,1704634823990868173,D3:F4:55:AB:96:20,-63
BLE,1704634824296646569,DF:DF:EE:00:00:04,-53
BLE,1704634824369932487,D3:F4:55:AB:96:20,-63
BLE,1704634824524787613,DF:A6:DC:DC:2E:81,-83
BLE,1704634824524816363,DF:DF:EE:00:00:01,-83
BLE,1704634824757887173,D3:F4:55:AB:96:20,-64
BLE,1704634824948438241,D3:F4:55:AB:96:20,-63
BLE,1704634825140370344,D3:F4:55:AB:96:20,-62
BLE,1704634825331341828,D3:F4:55:AB:96:20,-63
BLE,1704634825728157801,D3:F4:55:AB:96:20,-64
BLE,1704634825919558282,D3:F4:55:AB:96:20,-62
BLE,1704634826113606750,D3:F4:55:AB:96:20,-63
BLE,1704634826301520207,D3:F4:55:AB:96:20,-48
BLE,1704634826492232400,D3:F4:55:AB:96:20,-63
BLE,1704634826685860911,D3:F4:55:AB:96:20,-63
BLE,1704634826880392376,D3:F4:55:AB:96:20,-64
BLE,1704634827066534675,D3:F4:55:AB:96:20,-61
BLE,1704634827109359332,DF:DF:EE:00:00:04,-54
BLE,1704634827257815199,D3:F4:55:AB:96:20,-63
BLE,1704634827453842114,D3:F4:55:AB:96:20,-64
BLE,1704634827575682450,DF:DF:EE:00:00:04,-55
BLE,1704634827649694072,D3:F4:55:AB:96:20,-61
BLE,1704634827843545749,D3:F4:55:AB:96:20,-64
BLE,1704634828229119322,D3:F4:55:AB:96:20,-62
BLE,1704634828422726583,D3:F4:55:AB:96:20,-64
BLE,1704634828578507705,DF:DF:EE:00:00:04,-54
BLE,1704634828799984324,D3:F4:55:AB:96:20,-63
BLE,1704634828995594533,D3:F4:55:AB:96:20,-64
BLE,1704634829186570808,D3:F4:55:AB:96:20,-64
BLE,1704634829381948602,D3:F4:55:AB:96:20,-63
BLE,1704634829580112298,D3:F4:55:AB:96:20,-64
BLE,1704634829775956840,D3:F4:55:AB:96:20,-64
BLE,1704634829847796390,DF:DF:EE:00:00:04,-54
BLE,1704634830161496788,D3:F4:55:AB:96:20,-63
BLE,1704634830357613453,D3:F4:55:AB:96:20,-62
BLE,1704634830553233621,D3:F4:55:AB:96:20,-63
BLE,1704634830943562378,D3:F4:55:AB:96:20,-63
BLE,1704634831123583500,DF:DF:EE:00:00:04,-52
BLE,1704634831134713902,D3:F4:55:AB:96:20,-48
BLE,1704634831327250752,D3:F4:55:AB:96:20,-48
BLE,1704634831523072502,D3:F4:55:AB:96:20,-62
BLE,1704634831664703154,DF:DF:EE:00:00:04,-53
BLE,1704634832127833330,DF:DF:EE:00:00:04,-53
BLE,1704634832287962846,D3:F4:55:AB:96:20,-63
BLE,1704634832482784643,D3:F4:55:AB:96:20,-62
BLE,1704634832662361851,DF:DF:EE:00:00:04,-56
BLE,1704634832673542377,D3:F4:55:AB:96:20,-64
BLE,1704634833052941648,D3:F4:55:AB:96:20,-63
BLE,1704634833120475553,DF:DF:EE:00:00:04,-53
BLE,1704634833440309545,D3:F4:55:AB:96:20,-63
BLE,1704634833663208115,DF:DF:EE:00:00:04,-54
BLE,1704634834017882679,D3:F4:55:AB:96:20,-63
BLE,1704634834206763173,D3:F4:55:AB:96:20,-64
BLE,1704634834396009248,D3:F4:55:AB:96:20,-64
BLE,1704634834581597009,D3:F4:55:AB:96:20,-63
BLE,1704634834774426524,D3:F4:55:AB:96:20,-64
BLE,1704634835157830983,D3:F4:55:AB:96:20,-63
BLE,1704634835342918454,D3:F4:55:AB:96:20,-63
BLE,1704634835405546760,DF:DF:EE:00:00:04,-55
BLE,1704634835535769595,D3:F4:55:AB:96:20,-64
BLE,1704634835537298462,D3:F4:55:AB:96:20,-63
BLE,1704634835732657923,D3:F4:55:AB:96:20,-64
BLE,1704634835925412188,D3:F4:55:AB:96:20,-64
BLE,1704634835977222340,DF:A6:DC:DC:2E:81,-82
BLE,1704634835977249632,DF:DF:EE:00:00:01,-82
BLE,1704634836117384625,D3:F4:55:AB:96:20,-64
BLE,1704634836306765408,D3:F4:55:AB:96:20,-63
BLE,1704634836500080420,D3:F4:55:AB:96:20,-62
BLE,1704634836672904955,DF:DF:EE:00:00:04,-53
BLE,1704634836695362340,D3:F4:55:AB:96:20,-63
BLE,1704634837465352991,D3:F4:55:AB:96:20,-63
BLE,1704634837658116965,D3:F4:55:AB:96:20,-63
BLE,1704634837668259414,DF:DF:EE:00:00:04,-54
BLE,1704634837843291853,D3:F4:55:AB:96:20,-63
BLE,1704634838035473913,D3:F4:55:AB:96:20,-63
BLE,1704634838207800492,DF:DF:EE:00:00:04,-55
BLE,1704634838412955194,D3:F4:55:AB:96:20,-64
BLE,1704634838605605461,D3:F4:55:AB:96:20,-63
BLE,1704634838674265110,DF:DF:EE:00:00:04,-53
BLE,1704634838803724199,D3:F4:55:AB:96:20,-63
BLE,1704634838992739900,D3:F4:55:AB:96:20,-63
BLE,1704634839184924711,D3:F4:55:AB:96:20,-64
BLE,1704634839213652064,DF:DF:EE:00:00:04,-54
BLE,1704634839373936912,D3:F4:55:AB:96:20,-63
BLE,1704634839567073926,D3:F4:55:AB:96:20,-63
BLE,1704634839671420060,DF:DF:EE:00:00:04,-53
BLE,1704634839951683545,D3:F4:55:AB:96:20,-63
BLE,1704634840147258671,D3:F4:55:AB:96:20,-63
BLE,1704634840531167961,D3:F4:55:AB:96:20,-64
BLE,1704634840532500871,D3:F4:55:AB:96:20,-63
BLE,1704634840727410459,D3:F4:55:AB:96:20,-63
BLE,1704634840952935474,DF:DF:EE:00:00:04,-53
BLE,1704634841112761075,D3:F4:55:AB:96:20,-62
BLE,1704634841500315637,D3:F4:55:AB:96:20,-63
BLE,1704634841692945737,D3:F4:55:AB:96:20,-61
BLE,1704634841883338098,D3:F4:55:AB:96:20,-48
BLE,1704634842079326222,D3:F4:55:AB:96:20,-62
BLE,1704634842269208836,D3:F4:55:AB:96:20,-53
BLE,1704634842486170186,DF:DF:EE:00:00:04,-54
BLE,1704634842852832064,D3:F4:55:AB:96:20,-64
BLE,1704634842947880537,DF:DF:EE:00:00:04,-38
BLE,1704634843039997692,D3:F4:55:AB:96:20,-61
BLE,1704634843235022071,D3:F4:55:AB:96:20,-64
BLE,1704634843421875408,D3:F4:55:AB:96:20,-63
BLE,1704634843489605771,DF:DF:EE:00:00:04,-54
BLE,1704634843619090193,D3:F4:55:AB:96:20,-47
BLE,1704634843943720285,DF:DF:EE:00:00:04,-53
BLE,1704634843945213486,DF:DF:EE:00:00:04,-54
BLE,1704634843994865899,D3:F4:55:AB:96:20,-64
BLE,1704634844185595342,D3:F4:55:AB:96:20,-63
BLE,1704634844378031026,D3:F4:55:AB:96:20,-64
BLE,1704634844756828883,D3:F4:55:AB:96:20,-63
BLE,1704634845142497997,D3:F4:55:AB:96:20,-64
BLE,1704634845220875472,DF:DF:EE:00:00:04,-53
BLE,1704634845523024179,D3:F4:55:AB:96:20,-64
BLE,1704634845759940886,DF:DF:EE:00:00:04,-53
BLE,1704634845907052968,D3:F4:55:AB:96:20,-64
BLE,1704634846100055149,D3:F4:55:AB:96:20,-63
BLE,1704634846226726336,DF:DF:EE:00:00:04,-54
BLE,1704634846290034012,D3:F4:55:AB:96:20,-64
BLE,1704634846669145451,D3:F4:55:AB:96:20,-63
BLE,1704634847448117640,D3:F4:55:AB:96:20,-63
BLE,1704634847643524518,D3:F4:55:AB:96:20,-62
BLE,1704634847834525084,D3:F4:55:AB:96:20,-64
BLE,1704634848223172141,D3:F4:55:AB:96:20,-63
BLE,1704634848779245426,DF:DF:EE:00:00:04,-53
BLE,1704634848794419474,D3:F4:55:AB:96:20,-64
BLE,1704634848980571023,D3:F4:55:AB:96:20,-63
BLE,1704634849171538757,D3:F4:55:AB:96:20,-63
BLE,1704634849172520502,D3:F4:55:AB:96:20,-63
BLE,1704634849361693911,D3:F4:55:AB:96:20,-63
BLE,1704634849552458686,D3:F4:55:AB:96:20,-64
BLE,1704634849748330311,D3:F4:55:AB:96:20,-63
BLE,1704634850053008880,DF:DF:EE:00:00:04,-54
BLE,1704634850133973717,D3:F4:55:AB:96:20,-64
BLE,1704634850526578046,D3:F4:55:AB:96:20,-64
BLE,1704634850593133664,DF:DF:EE:00:00:04,-55
BLE,1704634850721775549,D3:F4:55:AB:96:20,-63
BLE,1704634851052117779,DF:DF:EE:00:00:04,-54
BLE,1704634851105979587,D3:F4:55:AB:96:20,-64
BLE,1704634851588108417,DF:DF:EE:00:00:04,-54
BLE,1704634852056407275,DF:DF:EE:00:00:04,-55
BLE,1704634852268884107,D3:F4:55:AB:96:20,-63
BLE,1704634852512604696,DF:A6:DC:DC:2E:81,-82
BLE,1704634852512634362,DF:DF:EE:00:00:01,-82
BLE,1704634852657493081,D3:F4:55:AB:96:20,-64
BLE,1704634853036425771,D3:F4:55:AB:96:20,-64
BLE,1704634853225084058,D3:F4:55:AB:96:20,-63
BLE,1704634853330874434,DF:DF:EE:00:00:04,-55
BLE,1704634853417677116,D3:F4:55:AB:96:20,-64
BLE,1704634853610694463,D3:F4:55:AB:96:20,-64
BLE,1704634853800713535,D3:F4:55:AB:96:20,-63
BLE,1704634853989524904,D3:F4:55:AB:96:20,-63
BLE,1704634854178312148,D3:F4:55:AB:96:20,-63
BLE,1704634854567012497,D3:F4:55:AB:96:20,-62
BLE,1704634854763177870,D3:F4:55:AB:96:20,-63
BLE,1704634854958064375,D3:F4:55:AB:96:20,-63
BLE,1704634855057307493,DF:A6:DC:DC:2E:81,-82
BLE,1704634855057337243,DF:DF:EE:00:00:01,-82
BLE,1704634855138558995,DF:DF:EE:00:00:04,-54
BLE,1704634855144387298,D3:F4:55:AB:96:20,-63
BLE,1704634856097476057,D3:F4:55:AB:96:20,-63
BLE,1704634856132999250,DF:DF:EE:00:00:04,-54
BLE,1704634856288339124,D3:F4:55:AB:96:20,-62
BLE,1704634856483618585,D3:F4:55:AB:96:20,-64
BLE,1704634856595308764,DF:DF:EE:00:00:04,-54
BLE,1704634856677762927,D3:F4:55:AB:96:20,-63
BLE,1704634856869839988,D3:F4:55:AB:96:20,-64
BLE,1704634857057032115,D3:F4:55:AB:96:20,-63
BLE,1704634857251557580,D3:F4:55:AB:96:20,-63
BLE,1704634857438272877,D3:F4:55:AB:96:20,-63
BLE,1704634857599551261,DF:A6:DC:DC:2E:81,-82
BLE,1704634857599581345,DF:DF:EE:00:00:01,-82
BLE,1704634857634382375,D3:F4:55:AB:96:20,-62
BLE,1704634857824404780,D3:F4:55:AB:96:20,-63
BLE,1704634857871400873,DF:DF:EE:00:00:04,-53
BLE,1704634858210867723,D3:F4:55:AB:96:20,-62
BLE,1704634858402985367,D3:F4:55:AB:96:20,-63
BLE,1704634858598634701,D3:F4:55:AB:96:20,-48
BLE,1704634858978161763,D3:F4:55:AB:96:20,-63
BLE,1704634859361807471,D3:F4:55:AB:96:20,-48
BLE,1704634859555292900,D3:F4:55:AB:96:20,-62
BLE,1704634859753010973,D3:F4:55:AB:96:20,-62
BLE,1704634860322285358,D3:F4:55:AB:96:20,-63
BLE,1704634860418240785,DF:DF:EE:00:00:04,-53
BLE,1704634860517615194,D3:F4:55:AB:96:20,-63
BLE,1704634860704523031,D3:F4:55:AB:96:20,-64
BLE,1704634860958174444,DF:DF:EE:00:00:04,-54
BLE,1704634861092522091,D3:F4:55:AB:96:20,-64
BLE,1704634861424151315,DF:A6:DC:DC:2E:81,-83
BLE,1704634861424207439,DF:DF:EE:00:00:01,-83
BLE,1704634861472851274,D3:F4:55:AB:96:20,-64
BLE,1704634862054732053,D3:F4:55:AB:96:20,-63
BLE,1704634862246668490,D3:F4:55:AB:96:20,-64
BLE,1704634862443202361,D3:F4:55:AB:96:20,-62
BLE,1704634862691292719,DF:DF:EE:00:00:04,-54
BLE,1704634862832831913,D3:F4:55:AB:96:20,-64
BLE,1704634863020583371,D3:F4:55:AB:96:20,-63
BLE,1704634863225881739,DF:DF:EE:00:00:04,-54
BLE,1704634863409112845,D3:F4:55:AB:96:20,-48
BLE,1704634863693291894,DF:DF:EE:00:00:04,-53
BLE,1704634863790908979,D3:F4:55:AB:96:20,-62
BLE,1704634864181741275,D3:F4:55:AB:96:20,-64
BLE,1704634864230618942,DF:DF:EE:00:00:04,-56
BLE,1704634864370326979,D3:F4:55:AB:96:20,-63
BLE,1704634864562877287,D3:F4:55:AB:96:20,-47
BLE,1704634864690925133,DF:DF:EE:00:00:04,-54
BLE,1704634864942348474,D3:F4:55:AB:96:20,-64
BLE,1704634865133287166,D3:F4:55:AB:96:20,-61
BLE,1704634865227851600,DF:DF:EE:00:00:04,-54
BLE,1704634865248994200,DF:A6:DC:DC:2E:81,-82
BLE,1704634865249018992,DF:DF:EE:00:00:01,-82
BLE,1704634865329577914,D3:F4:55:AB:96:20,-64
BLE,1704634865515679005,D3:F4:55:AB:96:20,-64
BLE,1704634865691747689,DF:DF:EE:00:00:04,-54
BLE,1704634865713133913,D3:F4:55:AB:96:20,-63
BLE,1704634865900483582,D3:F4:55:AB:96:20,-63
BLE,1704634866094556091,D3:F4:55:AB:96:20,-63
BLE,1704634866280484433,D3:F4:55:AB:96:20,-62
BLE,1704634866856650824,D3:F4:55:AB:96:20,-63
BLE,1704634866857988109,D3:F4:55:AB:96:20,-63
BLE,1704634866960920167,DF:DF:EE:00:00:04,-53
BLE,1704634867050871666,D3:F4:55:AB:96:20,-63
BLE,1704634867443630660,D3:F4:55:AB:96:20,-63
BLE,1704634867638540623,D3:F4:55:AB:96:20,-64
BLE,1704634867788423233,DF:A6:DC:DC:2E:81,-83
BLE,1704634867788454983,DF:DF:EE:00:00:01,-83
BLE,1704634867827861573,D3:F4:55:AB:96:20,-63
BLE,1704634868013403001,D3:F4:55:AB:96:20,-63
BLE,1704634868205329687,D3:F4:55:AB:96:20,-64
BLE,1704634868241307587,DF:DF:EE:00:00:04,-53
BLE,1704634868591923546,D3:F4:55:AB:96:20,-62
BLE,1704634868787215008,D3:F4:55:AB:96:20,-63
BLE,1704634868981805056,D3:F4:55:AB:96:20,-63
BLE,1704634869181723743,D3:F4:55:AB:96:20,-62
BLE,1704634869243027680,DF:DF:EE:00:00:04,-54
BLE,1704634869372895017,D3:F4:55:AB:96:20,-62
BLE,1704634869563804209,D3:F4:55:AB:96:20,-63
BLE,1704634869749950675,D3:F4:55:AB:96:20,-63
BLE,1704634869941629404,D3:F4:55:AB:96:20,-63
BLE,1704634870132636596,D3:F4:55:AB:96:20,-63
BLE,1704634870326060066,D3:F4:55:AB:96:20,-63
BLE,1704634870516634176,D3:F4:55:AB:96:20,-63
BLE,1704634870709264068,D3:F4:55:AB:96:20,-64
BLE,1704634870902953870,D3:F4:55:AB:96:20,-64
BLE,1704634871285063211,D3:F4:55:AB:96:20,-64
BLE,1704634871668594502,D3:F4:55:AB:96:20,-63
BLE,1704634871783308500,DF:DF:EE:00:00:04,-54
BLE,1704634872048397480,D3:F4:55:AB:96:20,-63
BLE,1704634872240941996,D3:F4:55:AB:96:20,-63
BLE,1704634872428564038,D3:F4:55:AB:96:20,-63
BLE,1704634872816067643,D3:F4:55:AB:96:20,-64
BLE,1704634873009516030,D3:F4:55:AB:96:20,-63
BLE,1704634873056353833,DF:DF:EE:00:00:04,-54
BLE,1704634873205782278,D3:F4:55:AB:96:20,-63
BLE,1704634873396038806,D3:F4:55:AB:96:20,-63
BLE,1704634873590423564,D3:F4:55:AB:96:20,-63
BLE,1704634873598450606,DF:DF:EE:00:00:04,-38
BLE,1704634873775956366,D3:F4:55:AB:96:20,-63
BLE,1704634873973624190,D3:F4:55:AB:96:20,-63
BLE,1704634874160804401,D3:F4:55:AB:96:20,-64
BLE,1704634874543629946,D3:F4:55:AB:96:20,-63
BLE,1704634874930851886,D3:F4:55:AB:96:20,-64
BLE,1704634875119763088,D3:F4:55:AB:96:20,-64
BLE,1704634875314994174,D3:F4:55:AB:96:20,-62
BLE,1704634875340871500,DF:DF:EE:00:00:04,-62
BLE,1704634875416306698,DF:A6:DC:DC:2E:81,-83
BLE,1704634875416337240,DF:DF:EE:00:00:01,-83
BLE,1704634875505625367,D3:F4:55:AB:96:20,-63
BLE,1704634875704547018,D3:F4:55:AB:96:20,-64
BLE,1704634875873671363,DF:DF:EE:00:00:04,-54
BLE,1704634875898345070,D3:F4:55:AB:96:20,-63
BLE,1704634876290877149,D3:F4:55:AB:96:20,-62
BLE,1704634876333058225,DF:DF:EE:00:00:04,-54
BLE,1704634876479341145,D3:F4:55:AB:96:20,-63
BLE,1704634876865678381,D3:F4:55:AB:96:20,-64
BLE,1704634877058016232,D3:F4:55:AB:96:20,-63
BLE,1704634877247223516,D3:F4:55:AB:96:20,-62
BLE,1704634877329995593,DF:DF:EE:00:00:04,-53
BLE,1704634877442124604,D3:F4:55:AB:96:20,-63
BLE,1704634877638433226,D3:F4:55:AB:96:20,-63
BLE,1704634877826392225,D3:F4:55:AB:96:20,-63
BLE,1704634877877131841,DF:DF:EE:00:00:04,-54
BLE,1704634878021846185,D3:F4:55:AB:96:20,-63
BLE,1704634878207361446,D3:F4:55:AB:96:20,-63
BLE,1704634878402408742,D3:F4:55:AB:96:20,-64
BLE,1704634878784269542,D3:F4:55:AB:96:20,-63
BLE,1704634878869009526,DF:DF:EE:00:00:04,-53
BLE,1704634878972391040,D3:F4:55:AB:96:20,-63
BLE,1704634879163272440,D3:F4:55:AB:96:20,-63
BLE,1704634879333598112,DF:DF:EE:00:00:04,-54
BLE,1704634879353648468,D3:F4:55:AB:96:20,-63
BLE,1704634879736844178,D3:F4:55:AB:96:20,-61
BLE,1704634880121209673,D3:F4:55:AB:96:20,-64
BLE,1704634880315525139,D3:F4:55:AB:96:20,-63
BLE,1704634880336090784,DF:DF:EE:00:00:04,-54
BLE,1704634880502560351,DF:A6:DC:DC:2E:81,-84
BLE,1704634880502590851,DF:DF:EE:00:00:01,-84
BLE,1704634880506390748,D3:F4:55:AB:96:20,-63
BLE,1704634880696926900,D3:F4:55:AB:96:20,-63
BLE,1704634880876945106,DF:DF:EE:00:00:04,-54
BLE,1704634880883745446,D3:F4:55:AB:96:20,-63
BLE,1704634880940701197,DF:DF:EE:00:00:04,-54
BLE,1704634881461470788,D3:F4:55:AB:96:20,-63
BLE,1704634881656854457,D3:F4:55:AB:96:20,-64
BLE,1704634882041284285,D3:F4:55:AB:96:20,-62
BLE,1704634882109900935,DF:DF:EE:00:00:04,-53
BLE,1704634882234359466,D3:F4:55:AB:96:20,-63
BLE,1704634882426419902,D3:F4:55:AB:96:20,-64
BLE,1704634882651245296,DF:DF:EE:00:00:04,-54
BLE,1704634882803098562,D3:F4:55:AB:96:20,-64
BLE,1704634882994658250,D3:F4:55:AB:96:20,-63
BLE,1704634883045593657,DF:A6:DC:DC:2E:81,-83
BLE,1704634883045619823,DF:DF:EE:00:00:01,-83
BLE,1704634883112463982,DF:DF:EE:00:00:04,-53
BLE,1704634883181168131,D3:F4:55:AB:96:20,-63
BLE,1704634883370179374,D3:F4:55:AB:96:20,-64
BLE,1704634883565110962,D3:F4:55:AB:96:20,-62
BLE,1704634883761173461,D3:F4:55:AB:96:20,-63
BLE,1704634883953257814,D3:F4:55:AB:96:20,-64
BLE,1704634884105366662,DF:DF:EE:00:00:04,-54
BLE,1704634884148748232,D3:F4:55:AB:96:20,-63
BLE,1704634884541854058,D3:F4:55:AB:96:20,-63
BLE,1704634884543222801,D3:F4:55:AB:96:20,-63
BLE,1704634884652491451,DF:DF:EE:00:00:04,-55
BLE,1704634884924159272,D3:F4:55:AB:96:20,-64
BLE,1704634885302343591,D3:F4:55:AB:96:20,-64
BLE,1704634885496165560,D3:F4:55:AB:96:20,-64
BLE,1704634885688356495,D3:F4:55:AB:96:20,-63
BLE,1704634885881098803,D3:F4:55:AB:96:20,-57
BLE,1704634886076245098,D3:F4:55:AB:96:20,-62
BLE,1704634886378719428,DF:DF:EE:00:00:04,-53
BLE,1704634886460195179,D3:F4:55:AB:96:20,-64
BLE,1704634886656085887,D3:F4:55:AB:96:20,-63
BLE,1704634887037003692,D3:F4:55:AB:96:20,-63
BLE,1704634887653802709,DF:DF:EE:00:00:04,-55
BLE,1704634887806635137,D3:F4:55:AB:96:20,-63
BLE,1704634887997069914,D3:F4:55:AB:96:20,-63
BLE,1704634888191651671,D3:F4:55:AB:96:20,-64
BLE,1704634888378285843,D3:F4:55:AB:96:20,-63
BLE,1704634888573867469,D3:F4:55:AB:96:20,-64
BLE,1704634888760830223,D3:F4:55:AB:96:20,-63
BLE,1704634888918882790,DF:DF:EE:00:00:04,-53
BLE,1704634889145282176,D3:F4:55:AB:96:20,-63
BLE,1704634889336159618,D3:F4:55:AB:96:20,-64
BLE,1704634889467082824,DF:DF:EE:00:00:04,-55
BLE,1704634889527060768,D3:F4:55:AB:96:20,-63
BLE,1704634889922436291,D3:F4:55:AB:96:20,-63
BLE,1704634890109932625,D3:F4:55:AB:96:20,-63
BLE,1704634890307559366,D3:F4:55:AB:96:20,-64
BLE,1704634890503852114,D3:F4:55:AB:96:20,-63
BLE,1704634890672726626,DF:A6:DC:DC:2E:81,-83
BLE,1704634890672757793,DF:DF:EE:00:00:01,-83
BLE,1704634890886577243,D3:F4:55:AB:96:20,-64
BLE,1704634891076174566,D3:F4:55:AB:96:20,-63
BLE,1704634891195807622,DF:DF:EE:00:00:04,-53
BLE,1704634891266161888,D3:F4:55:AB:96:20,-64
BLE,1704634891462105012,D3:F4:55:AB:96:20,-63
BLE,1704634891655296442,D3:F4:55:AB:96:20,-63
BLE,1704634891848391831,D3:F4:55:AB:96:20,-64
BLE,1704634892037985738,D3:F4:55:AB:96:20,-63
BLE,1704634892228851513,D3:F4:55:AB:96:20,-61
BLE,1704634892422461191,D3:F4:55:AB:96:20,-63
BLE,1704634892472141021,DF:DF:EE:00:00:04,-53
BLE,1704634892617587445,D3:F4:55:AB:96:20,-63
BLE,1704634892998952039,D3:F4:55:AB:96:20,-64
BLE,1704634893192495468,D3:F4:55:AB:96:20,-63
BLE,1704634893213354944,DF:A6:DC:DC:2E:81,-83
BLE,1704634893213380819,DF:DF:EE:00:00:01,-83
BLE,1704634893382391790,D3:F4:55:AB:96:20,-64
BLE,1704634893470181925,DF:DF:EE:00:00:04,-54
BLE,1704634893577448419,D3:F4:55:AB:96:20,-63
BLE,1704634893773699250,D3:F4:55:AB:96:20,-63
BLE,1704634893967050679,D3:F4:55:AB:96:20,-64
BLE,1704634894350822636,D3:F4:55:AB:96:20,-64
BLE,1704634894735826170,D3:F4:55:AB:96:20,-63
BLE,1704634895116363644,D3:F4:55:AB:96:20,-64
BLE,1704634895308521287,D3:F4:55:AB:96:20,-63
BLE,1704634895688684888,D3:F4:55:AB:96:20,-63
BLE,1704634895878711376,D3:F4:55:AB:96:20,-63
BLE,1704634896022088185,DF:DF:EE:00:00:04,-55
BLE,1704634896261224756,D3:F4:55:AB:96:20,-64
BLE,1704634896453412649,D3:F4:55:AB:96:20,-63
BLE,1704634896649579731,D3:F4:55:AB:96:20,-62
BLE,1704634896838010935,D3:F4:55:AB:96:20,-62
BLE,1704634897027586176,D3:F4:55:AB:96:20,-64
BLE,1704634897219861527,D3:F4:55:AB:96:20,-63
BLE,1704634897297563089,DF:DF:EE:00:00:04,-55
BLE,1704634897413732579,D3:F4:55:AB:96:20,-63
BLE,1704634897602854780,D3:F4:55:AB:96:20,-47
BLE,1704634897794634384,D3:F4:55:AB:96:20,-63
BLE,1704634897844694087,DF:DF:EE:00:00:04,-55
BLE,1704634897988390145,D3:F4:55:AB:96:20,-64
BLE,1704634898298456020,DF:A6:DC:DC:2E:81,-83
BLE,1704634898298488478,DF:DF:EE:00:00:01,-83
BLE,1704634898381358846,D3:F4:55:AB:96:20,-64
BLE,1704634898569274470,D3:F4:55:AB:96:20,-63
BLE,1704634898763916934,D3:F4:55:AB:96:20,-63
BLE,1704634898955394873,D3:F4:55:AB:96:20,-63
BLE,1704634899148144347,D3:F4:55:AB:96:20,-63
BLE,1704634899335120726,D3:F4:55:AB:96:20,-63
BLE,1704634899528413281,D3:F4:55:AB:96:20,-64
BLE,1704634899575230667,DF:DF:EE:00:00:04,-56
BLE,1704634899717221900,D3:F4:55:AB:96:20,-63
BLE,1704634899915806219,D3:F4:55:AB:96:20,-63
BLE,1704634900102937263,D3:F4:55:AB:96:20,-63
BLE,1704634900294012663,D3:F4:55:AB:96:20,-63
BLE,1704634900482899657,D3:F4:55:AB:96:20,-63
BLE,1704634900675992504,D3:F4:55:AB:96:20,-63
BLE,1704634900872662791,D3:F4:55:AB:96:20,-64
BLE,1704634901066145720,D3:F4:55:AB:96:20,-63
BLE,1704634901255112088,D3:F4:55:AB:96:20,-64
BLE,1704634901644122977,D3:F4:55:AB:96:20,-64
BLE,1704634901836720452,D3:F4:55:AB:96:20,-63
BLE,1704634901844728203,DF:DF:EE:00:00:04,-55
BLE,1704634901846061279,DF:DF:EE:00:00:04,-54
BLE,1704634902223508602,D3:F4:55:AB:96:20,-64
BLE,1704634902412697636,D3:F4:55:AB:96:20,-63
BLE,1704634902606509313,D3:F4:55:AB:96:20,-64
BLE,1704634903182714995,D3:F4:55:AB:96:20,-63
BLE,1704634903388367153,DF:A6:DC:DC:2E:81,-82
BLE,1704634903388401403,DF:DF:EE:00:00:01,-82
BLE,1704634903567828695,D3:F4:55:AB:96:20,-63
BLE,1704634903843727245,DF:DF:EE:00:00:04,-54
BLE,1704634903958559158,D3:F4:55:AB:96:20,-64
BLE,1704634904156509148,D3:F4:55:AB:96:20,-64
BLE,1704634904347978795,D3:F4:55:AB:96:20,-64
BLE,1704634904385118147,DF:DF:EE:00:00:04,-53
BLE,1704634904546463031,D3:F4:55:AB:96:20,-63
BLE,1704634904741064663,D3:F4:55:AB:96:20,-64
BLE,1704634905121044889,D3:F4:55:AB:96:20,-63
BLE,1704634905508241078,D3:F4:55:AB:96:20,-64
BLE,1704634905841510252,DF:DF:EE:00:00:04,-54
BLE,1704634905889254675,D3:F4:55:AB:96:20,-64
BLE,1704634905931547375,DF:A6:DC:DC:2E:81,-82
BLE,1704634905931573375,DF:DF:EE:00:00:01,-82
BLE,1704634906084128846,D3:F4:55:AB:96:20,-63
BLE,1704634906657047087,D3:F4:55:AB:96:20,-64
BLE,1704634907045445437,D3:F4:55:AB:96:20,-64
BLE,1704634907119315768,DF:DF:EE:00:00:04,-53
BLE,1704634907232907230,D3:F4:55:AB:96:20,-63
BLE,1704634907428003275,D3:F4:55:AB:96:20,-63
BLE,1704634907623533860,D3:F4:55:AB:96:20,-64
BLE,1704634907661385875,DF:DF:EE:00:00:04,-54
BLE,1704634908012383458,D3:F4:55:AB:96:20,-63
BLE,1704634908118307417,DF:DF:EE:00:00:04,-53
BLE,1704634908201713783,D3:F4:55:AB:96:20,-63
BLE,1704634908588896014,D3:F4:55:AB:96:20,-64
BLE,1704634908976822575,D3:F4:55:AB:96:20,-62
BLE,1704634909170995875,D3:F4:55:AB:96:20,-48
BLE,1704634909361722401,D3:F4:55:AB:96:20,-63
BLE,1704634909396665556,DF:DF:EE:00:00:04,-53
BLE,1704634909553557421,D3:F4:55:AB:96:20,-63
BLE,1704634909748773925,D3:F4:55:AB:96:20,-64
BLE,1704634909756991924,DF:A6:DC:DC:2E:81,-82
BLE,1704634909757018966,DF:DF:EE:00:00:01,-82
BLE,1704634909939329243,D3:F4:55:AB:96:20,-63
BLE,1704634910714961574,D3:F4:55:AB:96:20,-64
BLE,1704634911094389970,D3:F4:55:AB:96:20,-62
BLE,1704634911285494911,D3:F4:55:AB:96:20,-63
BLE,1704634911676025833,DF:DF:EE:00:00:04,-55
BLE,1704634911679043526,D3:F4:55:AB:96:20,-63
BLE,1704634911866367028,D3:F4:55:AB:96:20,-63
BLE,1704634912206800456,DF:DF:EE:00:00:04,-54
BLE,1704634912251201354,D3:F4:55:AB:96:20,-63
BLE,1704634912446104151,D3:F4:55:AB:96:20,-64
BLE,1704634912632652948,D3:F4:55:AB:96:20,-47
BLE,1704634912670139715,DF:DF:EE:00:00:04,-55
BLE,1704634912831586932,D3:F4:55:AB:96:20,-63
BLE,1704634913017783232,D3:F4:55:AB:96:20,-63
BLE,1704634913214006980,D3:F4:55:AB:96:20,-62
BLE,1704634913404010259,D3:F4:55:AB:96:20,-64
BLE,1704634913787166095,D3:F4:55:AB:96:20,-63
BLE,1704634913941155683,DF:DF:EE:00:00:04,-53
BLE,1704634913976621669,D3:F4:55:AB:96:20,-63
BLE,1704634914162918593,D3:F4:55:AB:96:20,-62
BLE,1704634914353043413,D3:F4:55:AB:96:20,-63
BLE,1704634914485460487,DF:DF:EE:00:00:04,-53
BLE,1704634914547668836,D3:F4:55:AB:96:20,-63
BLE,1704634914938865172,D3:F4:55:AB:96:20,-64
BLE,1704634914941965531,DF:DF:EE:00:00:04,-54
BLE,1704634915130929649,D3:F4:55:AB:96:20,-63
BLE,1704634915320315182,D3:F4:55:AB:96:20,-64
BLE,1704634915510061297,D3:F4:55:AB:96:20,-63
BLE,1704634915704979510,D3:F4:55:AB:96:20,-64
BLE,1704634915706386961,D3:F4:55:AB:96:20,-64
BLE,1704634915894307251,D3:F4:55:AB:96:20,-63
BLE,1704634916085488650,D3:F4:55:AB:96:20,-63
BLE,1704634916121937131,DF:A6:DC:DC:2E:81,-82
BLE,1704634916121964130,DF:DF:EE:00:00:01,-82
BLE,1704634916214918322,DF:DF:EE:00:00:04,-54
BLE,1704634916277926667,D3:F4:55:AB:96:20,-63
BLE,1704634916477449149,D3:F4:55:AB:96:20,-63
BLE,1704634916675234847,D3:F4:55:AB:96:20,-47
BLE,1704634916765233471,DF:DF:EE:00:00:04,-55
BLE,1704634916866318579,D3:F4:55:AB:96:20,-64
BLE,1704634917061249042,D3:F4:55:AB:96:20,-63
BLE,1704634917222480677,DF:DF:EE:00:00:04,-53
BLE,1704634917252874981,D3:F4:55:AB:96:20,-64
BLE,1704634917444996541,D3:F4:55:AB:96:20,-63
BLE,1704634917630991466,D3:F4:55:AB:96:20,-63
BLE,1704634917824070272,D3:F4:55:AB:96:20,-64
BLE,1704634918016685455,D3:F4:55:AB:96:20,-64
BLE,1704634918206000072,D3:F4:55:AB:96:20,-63
BLE,1704634918400293121,D3:F4:55:AB:96:20,-64
BLE,1704634918494757806,DF:DF:EE:00:00:04,-55
BLE,1704634918666341430,DF:A6:DC:DC:2E:81,-82
BLE,1704634918666368554,DF:DF:EE:00:00:01,-82
BLE,1704634919174444335,D3:F4:55:AB:96:20,-64
BLE,1704634919365020278,D3:F4:55:AB:96:20,-63
BLE,1704634919747517409,D3:F4:55:AB:96:20,-47
BLE,1704634919765710816,DF:DF:EE:00:00:04,-53
BLE,1704634919939634594,D3:F4:55:AB:96:20,-64
BLE,1704634920127317386,D3:F4:55:AB:96:20,-62
BLE,1704634920306956844,DF:DF:EE:00:00:04,-39
BLE,1704634920320122026,D3:F4:55:AB:96:20,-64
BLE,1704634920508850063,D3:F4:55:AB:96:20,-62
BLE,1704634920704202607,D3:F4:55:AB:96:20,-47
BLE,1704634920766727121,DF:DF:EE:00:00:04,-57
BLE,1704634920897916993,D3:F4:55:AB:96:20,-62
BLE,1704634921090068178,D3:F4:55:AB:96:20,-64
BLE,1704634921280117624,D3:F4:55:AB:96:20,-63
BLE,1704634921474769672,D3:F4:55:AB:96:20,-63
BLE,1704634921674387694,D3:F4:55:AB:96:20,-63
BLE,1704634921870116236,D3:F4:55:AB:96:20,-63
BLE,1704634921871433396,D3:F4:55:AB:96:20,-63
BLE,1704634922249354258,D3:F4:55:AB:96:20,-64
BLE,1704634922629429234,D3:F4:55:AB:96:20,-64
BLE,1704634923017240504,D3:F4:55:AB:96:20,-63
BLE,1704634923018756704,D3:F4:55:AB:96:20,-63
BLE,1704634923309773677,DF:DF:EE:00:00:04,-55
BLE,1704634923311399585,DF:DF:EE:00:00:04,-54
BLE,1704634923403055284,D3:F4:55:AB:96:20,-63
BLE,1704634923598268578,D3:F4:55:AB:96:20,-63
BLE,1704634923749426598,DF:A6:DC:DC:2E:81,-82
BLE,1704634923749456056,DF:DF:EE:00:00:01,-82
BLE,1704634923980144878,D3:F4:55:AB:96:20,-63
BLE,1704634924171918857,D3:F4:55:AB:96:20,-63
BLE,1704634924364221625,D3:F4:55:AB:96:20,-62
BLE,1704634924754323592,D3:F4:55:AB:96:20,-64
BLE,1704634924941843009,D3:F4:55:AB:96:20,-62
BLE,1704634925127418853,DF:DF:EE:00:00:04,-53
BLE,1704634925139583708,D3:F4:55:AB:96:20,-47
BLE,1704634925329517238,D3:F4:55:AB:96:20,-64
BLE,1704634925521849548,D3:F4:55:AB:96:20,-47
BLE,1704634925589387411,DF:DF:EE:00:00:04,-55
BLE,1704634925711788078,D3:F4:55:AB:96:20,-62
BLE,1704634926103539244,D3:F4:55:AB:96:20,-64
BLE,1704634926124852760,DF:DF:EE:00:00:04,-51
BLE,1704634926293910063,D3:F4:55:AB:96:20,-61
BLE,1704634926487728449,D3:F4:55:AB:96:20,-62
BLE,1704634926589219722,DF:DF:EE:00:00:04,-54
BLE,1704634926679495511,D3:F4:55:AB:96:20,-64
BLE,1704634926869180584,D3:F4:55:AB:96:20,-64
BLE,1704634927122582749,DF:DF:EE:00:00:04,-53
BLE,1704634927251886922,D3:F4:55:AB:96:20,-63
BLE,1704634927437615598,D3:F4:55:AB:96:20,-63
BLE,1704634927589383115,DF:DF:EE:00:00:04,-55
BLE,1704634927633313974,D3:F4:55:AB:96:20,-63
BLE,1704634927821837803,D3:F4:55:AB:96:20,-63
BLE,1704634928016860640,D3:F4:55:AB:96:20,-64
BLE,1704634928397395655,D3:F4:55:AB:96:20,-63
BLE,1704634928587820516,D3:F4:55:AB:96:20,-63
BLE,1704634928781423569,D3:F4:55:AB:96:20,-63
BLE,1704634928854419447,DF:DF:EE:00:00:04,-53
BLE,1704634929172138741,D3:F4:55:AB:96:20,-63
BLE,1704634929559461638,D3:F4:55:AB:96:20,-64
BLE,1704634929943431219,D3:F4:55:AB:96:20,-63
BLE,1704634930124760710,DF:DF:EE:00:00:04,-54
BLE,1704634930133860372,D3:F4:55:AB:96:20,-63
BLE,1704634930327194218,D3:F4:55:AB:96:20,-64
BLE,1704634930667161773,DF:DF:EE:00:00:04,-54
BLE,1704634930709241767,D3:F4:55:AB:96:20,-62
BLE,1704634930905471640,D3:F4:55:AB:96:20,-63
BLE,1704634931484017852,D3:F4:55:AB:96:20,-63
BLE,1704634932053351570,D3:F4:55:AB:96:20,-63
BLE,1704634932406173643,DF:DF:EE:00:00:04,-55
BLE,1704634932634892975,D3:F4:55:AB:96:20,-63
BLE,1704634932829646189,D3:F4:55:AB:96:20,-63
BLE,1704634932942098573,DF:DF:EE:00:00:04,-55
BLE,1704634933024969609,D3:F4:55:AB:96:20,-64
BLE,1704634933402163932,DF:DF:EE:00:00:04,-54
BLE,1704634933790880072,D3:F4:55:AB:96:20,-64
BLE,1704634934176287313,D3:F4:55:AB:96:20,-63
BLE,1704634934564928495,D3:F4:55:AB:96:20,-64
BLE,1704634934760376914,D3:F4:55:AB:96:20,-63
BLE,1704634934955030086,D3:F4:55:AB:96:20,-63
BLE,1704634935144795367,D3:F4:55:AB:96:20,-64
BLE,1704634935524110847,D3:F4:55:AB:96:20,-63
BLE,1704634935675884197,DF:DF:EE:00:00:04,-38
BLE,1704634935716581406,D3:F4:55:AB:96:20,-63
BLE,1704634935916026887,D3:F4:55:AB:96:20,-63
BLE,1704634936103986636,D3:F4:55:AB:96:20,-63
BLE,1704634936491056159,D3:F4:55:AB:96:20,-62
BLE,1704634936680623608,D3:F4:55:AB:96:20,-48
BLE,1704634937064614106,D3:F4:55:AB:96:20,-63
BLE,1704634937251950399,D3:F4:55:AB:96:20,-63
BLE,1704634937446564530,D3:F4:55:AB:96:20,-62
BLE,1704634937637128890,D3:F4:55:AB:96:20,-63
BLE,1704634937764726572,DF:A6:DC:DC:2E:81,-83
BLE,1704634937764756989,DF:DF:EE:00:00:01,-83
BLE,1704634937827050754,D3:F4:55:AB:96:20,-64
BLE,1704634938012855347,D3:F4:55:AB:96:20,-63
BLE,1704634938206669024,D3:F4:55:AB:96:20,-63
BLE,1704634938234070675,DF:DF:EE:00:00:04,-55
BLE,1704634938394678772,D3:F4:55:AB:96:20,-63
BLE,1704634938590106149,D3:F4:55:AB:96:20,-63
BLE,1704634938777113402,DF:DF:EE:00:00:04,-53
BLE,1704634938785648984,D3:F4:55:AB:96:20,-64
BLE,1704634938975878804,D3:F4:55:AB:96:20,-64
BLE,1704634939169273192,D3:F4:55:AB:96:20,-64
BLE,1704634939235802102,DF:DF:EE:00:00:04,-53
BLE,1704634939362465997,D3:F4:55:AB:96:20,-63
BLE,1704634939559585282,D3:F4:55:AB:96:20,-64
BLE,1704634939751916550,D3:F4:55:AB:96:20,-62
BLE,1704634939945101688,D3:F4:55:AB:96:20,-64
BLE,1704634940140357816,D3:F4:55:AB:96:20,-64
BLE,1704634940308408708,DF:A6:DC:DC:2E:81,-83
BLE,1704634940308441333,DF:DF:EE:00:00:01,-83
BLE,1704634940333597163,D3:F4:55:AB:96:20,-63
BLE,1704634940529558287,D3:F4:55:AB:96:20,-63
BLE,1704634940722035221,D3:F4:55:AB:96:20,-63
BLE,1704634941042065128,DF:DF:EE:00:00:04,-55
BLE,1704634941099303253,D3:F4:55:AB:96:20,-63
BLE,1704634941488092476,D3:F4:55:AB:96:20,-64
BLE,1704634941500758744,DF:DF:EE:00:00:04,-53
BLE,1704634941679088542,D3:F4:55:AB:96:20,-64
BLE,1704634941869768485,D3:F4:55:AB:96:20,-63
BLE,1704634942039795117,DF:DF:EE:00:00:04,-54
BLE,1704634942257041716,D3:F4:55:AB:96:20,-63
BLE,1704634942444328801,D3:F4:55:AB:96:20,-62
BLE,1704634942506598858,DF:DF:EE:00:00:04,-39
BLE,1704634942642372457,D3:F4:55:AB:96:20,-63
BLE,1704634942830790953,D3:F4:55:AB:96:20,-64
BLE,1704634943025147335,D3:F4:55:AB:96:20,-63
BLE,1704634943219806175,D3:F4:55:AB:96:20,-64
BLE,1704634943409332248,D3:F4:55:AB:96:20,-63
BLE,1704634943600984436,D3:F4:55:AB:96:20,-63
BLE,1704634943777054371,DF:DF:EE:00:00:04,-54
BLE,1704634943795986607,D3:F4:55:AB:96:20,-63
BLE,1704634943985758972,D3:F4:55:AB:96:20,-64
BLE,1704634944134871502,DF:A6:DC:DC:2E:81,-82
BLE,1704634944134909335,DF:DF:EE:00:00:01,-82
BLE,1704634944178571362,D3:F4:55:AB:96:20,-63
BLE,1704634944372098499,D3:F4:55:AB:96:20,-64
BLE,1704634944562280194,D3:F4:55:AB:96:20,-63
BLE,1704634945131388038,D3:F4:55:AB:96:20,-64
BLE,1704634945321084653,D3:F4:55:AB:96:20,-63
BLE,1704634945508783653,D3:F4:55:AB:96:20,-62
BLE,1704634945584216809,DF:DF:EE:00:00:04,-55
BLE,1704634945702144874,D3:F4:55:AB:96:20,-63
BLE,1704634945889536125,D3:F4:55:AB:96:20,-61
BLE,1704634946047164487,DF:DF:EE:00:00:04,-53
BLE,1704634946281703539,D3:F4:55:AB:96:20,-63
BLE,1704634946674767241,DF:A6:DC:DC:2E:81,-82
BLE,1704634946674796365,DF:DF:EE:00:00:01,-82
BLE,1704634946863780192,D3:F4:55:AB:96:20,-63
BLE,1704634947053692347,D3:F4:55:AB:96:20,-62
BLE,1704634947241298723,D3:F4:55:AB:96:20,-62
BLE,1704634947325548459,DF:DF:EE:00:00:04,-54
BLE,1704634947634795296,D3:F4:55:AB:96:20,-62
BLE,1704634947829351511,D3:F4:55:AB:96:20,-63
BLE,1704634947868359520,DF:DF:EE:00:00:04,-55
BLE,1704634948019739414,D3:F4:55:AB:96:20,-64
BLE,1704634948212430555,D3:F4:55:AB:96:20,-64
BLE,1704634948327749466,DF:DF:EE:00:00:04,-54
BLE,1704634948406817604,D3:F4:55:AB:96:20,-63
BLE,1704634948791300516,D3:F4:55:AB:96:20,-63
BLE,1704634948982321332,D3:F4:55:AB:96:20,-63
BLE,1704634949177356961,D3:F4:55:AB:96:20,-63
BLE,1704634949219321289,DF:A6:DC:DC:2E:81,-83
BLE,1704634949219347372,DF:DF:EE:00:00:01,-83
BLE,1704634949558828680,D3:F4:55:AB:96:20,-61
BLE,1704634949751157823,D3:F4:55:AB:96:20,-64
BLE,1704634949945607872,D3:F4:55:AB:96:20,-64
BLE,1704634950135202445,D3:F4:55:AB:96:20,-63
BLE,1704634950137548225,DF:DF:EE:00:00:04,-55
BLE,1704634950321484577,D3:F4:55:AB:96:20,-63
BLE,1704634950593471897,DF:DF:EE:00:00:04,-53
BLE,1704634950715321483,D3:F4:55:AB:96:20,-64
BLE,1704634951099776561,D3:F4:55:AB:96:20,-63
BLE,1704634951133087183,DF:DF:EE:00:00:04,-53
BLE,1704634951294797649,D3:F4:55:AB:96:20,-62
BLE,1704634951484090890,D3:F4:55:AB:96:20,-64
BLE,1704634951674817708,D3:F4:55:AB:96:20,-63
BLE,1704634951763417589,DF:A6:DC:DC:2E:81,-73
BLE,1704634951763463131,DF:DF:EE:00:00:01,-73
BLE,1704634951870635333,D3:F4:55:AB:96:20,-64
BLE,1704634952057424838,D3:F4:55:AB:96:20,-63
BLE,1704634952252638841,D3:F4:55:AB:96:20,-63
BLE,1704634952449762001,D3:F4:55:AB:96:20,-64
BLE,1704634952637625375,D3:F4:55:AB:96:20,-64
BLE,1704634952834969451,D3:F4:55:AB:96:20,-63
BLE,1704634953023642487,D3:F4:55:AB:96:20,-63
BLE,1704634953135620999,DF:DF:EE:00:00:04,-54
BLE,1704634953219344946,D3:F4:55:AB:96:20,-63
BLE,1704634953408018649,D3:F4:55:AB:96:20,-63
BLE,1704634953600052710,DF:DF:EE:00:00:04,-54
BLE,1704634953602411532,D3:F4:55:AB:96:20,-64
BLE,1704634953797683410,D3:F4:55:AB:96:20,-63
BLE,1704634953991056005,D3:F4:55:AB:96:20,-63
BLE,1704634954140308202,DF:DF:EE:00:00:04,-54
BLE,1704634954187400086,D3:F4:55:AB:96:20,-63
BLE,1704634954379038316,D3:F4:55:AB:96:20,-64
BLE,1704634954572374620,D3:F4:55:AB:96:20,-63
BLE,1704634954597848324,DF:DF:EE:00:00:04,-54
BLE,1704634954772213933,D3:F4:55:AB:96:20,-62
BLE,1704634954963623123,D3:F4:55:AB:96:20,-64
BLE,1704634955135994659,DF:DF:EE:00:00:04,-53
BLE,1704634955160010370,D3:F4:55:AB:96:20,-63
BLE,1704634955202824734,DF:DF:EE:00:00:04,-53
BLE,1704634955356254034,D3:F4:55:AB:96:20,-62
BLE,1704634955550127836,D3:F4:55:AB:96:20,-64
BLE,1704634955743299475,D3:F4:55:AB:96:20,-63
BLE,1704634955938364353,D3:F4:55:AB:96:20,-63
BLE,1704634956129432294,D3:F4:55:AB:96:20,-63
BLE,1704634956323839885,D3:F4:55:AB:96:20,-64
BLE,1704634956367825827,DF:DF:EE:00:00:04,-54
BLE,1704634956709494291,D3:F4:55:AB:96:20,-48
BLE,1704634956849440659,DF:A6:DC:DC:2E:81,-84
BLE,1704634956849470243,DF:DF:EE:00:00:01,-84
BLE,1704634956898478867,D3:F4:55:AB:96:20,-64
BLE,1704634957284744312,D3:F4:55:AB:96:20,-64
BLE,1704634957477561785,D3:F4:55:AB:96:20,-64
BLE,1704634957635781686,DF:DF:EE:00:00:04,-53
BLE,1704634957673707450,D3:F4:55:AB:96:20,-62
BLE,1704634957861982572,D3:F4:55:AB:96:20,-53
BLE,1704634958059557272,D3:F4:55:AB:96:20,-63
BLE,1704634958250001091,D3:F4:55:AB:96:20,-64
BLE,1704634958445055012,D3:F4:55:AB:96:20,-63
BLE,1704634958642506420,D3:F4:55:AB:96:20,-63
BLE,1704634958836864261,D3:F4:55:AB:96:20,-63
BLE,1704634958917716015,DF:DF:EE:00:00:04,-53
BLE,1704634959026954790,D3:F4:55:AB:96:20,-63
BLE,1704634959217754108,D3:F4:55:AB:96:20,-61
BLE,1704634959407451514,D3:F4:55:AB:96:20,-63
BLE,1704634959455072479,DF:DF:EE:00:00:04,-53
BLE,1704634959790718265,D3:F4:55:AB:96:20,-63
BLE,1704634959917152953,DF:DF:EE:00:00:04,-54
BLE,1704634959984146902,D3:F4:55:AB:96:20,-64
BLE,1704634960179180365,D3:F4:55:AB:96:20,-48
BLE,1704634960459420809,DF:DF:EE:00:00:04,-55
BLE,1704634960566252388,D3:F4:55:AB:96:20,-64
BLE,1704634960756017086,D3:F4:55:AB:96:20,-64
BLE,1704634960918556714,DF:DF:EE:00:00:04,-53
BLE,1704634960942754841,D3:F4:55:AB:96:20,-62
BLE,1704634961136160020,D3:F4:55:AB:96:20,-64
BLE,1704634961330153112,D3:F4:55:AB:96:20,-62
BLE,1704634961713648112,D3:F4:55:AB:96:20,-64
BLE,1704634962196493272,DF:DF:EE:00:00:04,-54
BLE,1704634962287007435,D3:F4:55:AB:96:20,-64
BLE,1704634962474060980,D3:F4:55:AB:96:20,-63
BLE,1704634962668224863,D3:F4:55:AB:96:20,-63
BLE,1704634962856375944,D3:F4:55:AB:96:20,-63
BLE,1704634963250927971,D3:F4:55:AB:96:20,-63
BLE,1704634963440151005,D3:F4:55:AB:96:20,-64
BLE,1704634963470069518,DF:DF:EE:00:00:04,-53
BLE,1704634963827104404,D3:F4:55:AB:96:20,-64
BLE,1704634964009987845,DF:DF:EE:00:00:04,-55
BLE,1704634964022492281,D3:F4:55:AB:96:20,-63
BLE,1704634964220870643,D3:F4:55:AB:96:20,-62
BLE,1704634964413033912,D3:F4:55:AB:96:20,-64
BLE,1704634964793071304,D3:F4:55:AB:96:20,-62
BLE,1704634964794601797,D3:F4:55:AB:96:20,-64
BLE,1704634965012078728,DF:DF:EE:00:00:04,-53
BLE,1704634965182083443,D3:F4:55:AB:96:20,-63
BLE,1704634965470129722,DF:DF:EE:00:00:04,-54
BLE,1704634965562515584,D3:F4:55:AB:96:20,-64
BLE,1704634965752099324,D3:F4:55:AB:96:20,-62
BLE,1704634965937693084,D3:F4:55:AB:96:20,-63
BLE,1704634966013323740,DF:DF:EE:00:00:04,-55
BLE,1704634966135519116,D3:F4:55:AB:96:20,-64
BLE,1704634966322778451,D3:F4:55:AB:96:20,-63
BLE,1704634966515090178,D3:F4:55:AB:96:20,-63
BLE,1704634966705375998,D3:F4:55:AB:96:20,-63
BLE,1704634966899617131,D3:F4:55:AB:96:20,-63
BLE,1704634967092094273,D3:F4:55:AB:96:20,-64
BLE,1704634967285277036,D3:F4:55:AB:96:20,-64
BLE,1704634967480265416,D3:F4:55:AB:96:20,-63
BLE,1704634967676343456,D3:F4:55:AB:96:20,-63
BLE,1704634967754589598,DF:DF:EE:00:00:04,-41
BLE,1704634967870057259,D3:F4:55:AB:96:20,-63
BLE,1704634968067673458,D3:F4:55:AB:96:20,-63
BLE,1704634968255157584,D3:F4:55:AB:96:20,-63
BLE,1704634968450797877,D3:F4:55:AB:96:20,-63
BLE,1704634968637427549,D3:F4:55:AB:96:20,-63
BLE,1704634968827694369,D3:F4:55:AB:96:20,-62
BLE,1704634969022901122,DF:DF:EE:00:00:04,-54
BLE,1704634969214494977,D3:F4:55:AB:96:20,-63
BLE,1704634969400901858,D3:F4:55:AB:96:20,-62
BLE,1704634969559661506,DF:A6:DC:DC:2E:81,-82
BLE,1704634969559699881,DF:DF:EE:00:00:01,-82
BLE,1704634969597741770,D3:F4:55:AB:96:20,-63
BLE,1704634969784001027,D3:F4:55:AB:96:20,-63
BLE,1704634969978084244,D3:F4:55:AB:96:20,-63
BLE,1704634970172920458,D3:F4:55:AB:96:20,-63
BLE,1704634970293106219,DF:DF:EE:00:00:04,-55
BLE,1704634970364216148,D3:F4:55:AB:96:20,-64
BLE,1704634970750555383,D3:F4:55:AB:96:20,-63
BLE,1704634970939634001,D3:F4:55:AB:96:20,-64
BLE,1704634971134077758,D3:F4:55:AB:96:20,-63
BLE,1704634971325457781,D3:F4:55:AB:96:20,-63
BLE,1704634971514841772,D3:F4:55:AB:96:20,-63
BLE,1704634971571867231,DF:DF:EE:00:00:04,-54
BLE,1704634971714073963,D3:F4:55:AB:96:20,-63
BLE,1704634971902751124,D3:F4:55:AB:96:20,-61
BLE,1704634972097502422,D3:F4:55:AB:96:20,-64
BLE,1704634972108090076,DF:DF:EE:00:00:04,-53
BLE,1704634972283966594,D3:F4:55:AB:96:20,-63
BLE,1704634972476002322,D3:F4:55:AB:96:20,-63
BLE,1704634972569727385,DF:DF:EE:00:00:04,-55
BLE,1704634972665322772,D3:F4:55:AB:96:20,-63
BLE,1704634972854780930,D3:F4:55:AB:96:20,-63
BLE,1704634973047305405,D3:F4:55:AB:96:20,-63
BLE,1704634973244670147,D3:F4:55:AB:96:20,-64
BLE,1704634973439027696,D3:F4:55:AB:96:20,-64
BLE,1704634973632875415,D3:F4:55:AB:96:20,-63
BLE,1704634973829493536,D3:F4:55:AB:96:20,-63
BLE,1704634973834150512,DF:DF:EE:00:00:04,-54
BLE,1704634974213382575,D3:F4:55:AB:96:20,-64
BLE,1704634974374112421,DF:DF:EE:00:00:04,-53
BLE,1704634974400937868,D3:F4:55:AB:96:20,-64
BLE,1704634974402321736,D3:F4:55:AB:96:20,-62
BLE,1704634974591566228,D3:F4:55:AB:96:20,-63
BLE,1704634974777666652,D3:F4:55:AB:96:20,-63
BLE,1704634974970242544,D3:F4:55:AB:96:20,-62
BLE,1704634975348221280,D3:F4:55:AB:96:20,-64
BLE,1704634975540770006,D3:F4:55:AB:96:20,-63
BLE,1704634975727011221,D3:F4:55:AB:96:20,-63
BLE,1704634975837306408,DF:DF:EE:00:00:04,-52
BLE,1704634975918163745,D3:F4:55:AB:96:20,-64
BLE,1704634976300464293,D3:F4:55:AB:96:20,-63
BLE,1704634976495557880,D3:F4:55:AB:96:20,-64
BLE,1704634976887364171,D3:F4:55:AB:96:20,-63
BLE,1704634977081738053,D3:F4:55:AB:96:20,-62
BLE,1704634977113970389,DF:DF:EE:00:00:04,-45
BLE,1704634977272784578,D3:F4:55:AB:96:20,-63
BLE,1704634977464894972,D3:F4:55:AB:96:20,-63
BLE,1704634977661004762,D3:F4:55:AB:96:20,-63
BLE,1704634978047778537,D3:F4:55:AB:96:20,-64
BLE,1704634978380389255,DF:DF:EE:00:00:04,-53
BLE,1704634978435475474,D3:F4:55:AB:96:20,-62
BLE,1704634978467438977,DF:A6:DC:DC:2E:81,-83
BLE,1704634978467463852,DF:DF:EE:00:00:01,-83
BLE,1704634978628657029,D3:F4:55:AB:96:20,-63
BLE,1704634978821234088,D3:F4:55:AB:96:20,-63
BLE,1704634978917581096,DF:DF:EE:00:00:04,-53
BLE,1704634979012752360,D3:F4:55:AB:96:20,-63
BLE,1704634979206107747,D3:F4:55:AB:96:20,-64
BLE,1704634979381087270,DF:DF:EE:00:00:04,-54
BLE,1704634979393614706,D3:F4:55:AB:96:20,-63
BLE,1704634979587770007,D3:F4:55:AB:96:20,-64
BLE,1704634979972438834,D3:F4:55:AB:96:20,-62
BLE,1704634980158435593,D3:F4:55:AB:96:20,-48
BLE,1704634980349878448,D3:F4:55:AB:96:20,-64
BLE,1704634980537415824,D3:F4:55:AB:96:20,-61
BLE,1704634980651614283,DF:DF:EE:00:00:04,-38
BLE,1704634980736655432,D3:F4:55:AB:96:20,-48
BLE,1704634981124098328,D3:F4:55:AB:96:20,-61
BLE,1704634981315367726,D3:F4:55:AB:96:20,-62
BLE,1704634981507918868,D3:F4:55:AB:96:20,-63
BLE,1704634981705488859,D3:F4:55:AB:96:20,-63
BLE,1704634981902536478,D3:F4:55:AB:96:20,-64
BLE,1704634981922743250,DF:DF:EE:00:00:04,-55
BLE,1704634982275588490,D3:F4:55:AB:96:20,-63
BLE,1704634982465140314,DF:DF:EE:00:00:04,-54
BLE,1704634982670462807,D3:F4:55:AB:96:20,-63
BLE,1704634982858671429,D3:F4:55:AB:96:20,-48
BLE,1704634983055423924,D3:F4:55:AB:96:20,-63
BLE,1704634983251190466,D3:F4:55:AB:96:20,-64
BLE,1704634983445754181,D3:F4:55:AB:96:20,-63
BLE,1704634983556622198,DF:A6:DC:DC:2E:81,-72
BLE,1704634983556649407,DF:DF:EE:00:00:01,-72
BLE,1704634983637512244,D3:F4:55:AB:96:20,-63
BLE,1704634983831648461,D3:F4:55:AB:96:20,-63
BLE,1704634984022952025,D3:F4:55:AB:96:20,-64
BLE,1704634984203328729,DF:DF:EE:00:00:04,-54
BLE,1704634984218567735,D3:F4:55:AB:96:20,-64
BLE,1704634984219958686,D3:F4:55:AB:96:20,-63
BLE,1704634984600634117,D3:F4:55:AB:96:20,-64
BLE,1704634984978253147,D3:F4:55:AB:96:20,-62
BLE,1704634985168780924,D3:F4:55:AB:96:20,-64
BLE,1704634985355115431,D3:F4:55:AB:96:20,-61
BLE,1704634985477857679,DF:DF:EE:00:00:04,-55
BLE,1704634985548176862,D3:F4:55:AB:96:20,-63
BLE,1704634985739587218,D3:F4:55:AB:96:20,-62
BLE,1704634985930464535,D3:F4:55:AB:96:20,-63
BLE,1704634986015368643,DF:DF:EE:00:00:04,-55
BLE,1704634986314107826,D3:F4:55:AB:96:20,-64
BLE,1704634986481454471,DF:DF:EE:00:00:04,-54
BLE,1704634986503652108,D3:F4:55:AB:96:20,-61
BLE,1704634986697128745,D3:F4:55:AB:96:20,-64
BLE,1704634986882871172,D3:F4:55:AB:96:20,-63
BLE,1704634987077906426,D3:F4:55:AB:96:20,-63
BLE,1704634987273424969,D3:F4:55:AB:96:20,-64
BLE,1704634987462573795,D3:F4:55:AB:96:20,-63
BLE,1704634987475612103,DF:DF:EE:00:00:04,-54
BLE,1704634987651249540,D3:F4:55:AB:96:20,-63
BLE,1704634987845967545,D3:F4:55:AB:96:20,-64
BLE,1704634988019925115,DF:DF:EE:00:00:04,-51
BLE,1704634988031856388,D3:F4:55:AB:96:20,-47
BLE,1704634988221745376,D3:F4:55:AB:96:20,-63
BLE,1704634988413820479,D3:F4:55:AB:96:20,-63
BLE,1704634988473978755,DF:DF:EE:00:00:04,-55
BLE,1704634988603685926,D3:F4:55:AB:96:20,-63
BLE,1704634988798090683,D3:F4:55:AB:96:20,-47
BLE,1704634988993792559,D3:F4:55:AB:96:20,-64
BLE,1704634989014395454,DF:DF:EE:00:00:04,-54
BLE,1704634989189318977,D3:F4:55:AB:96:20,-63
BLE,1704634989481878942,DF:DF:EE:00:00:04,-54
BLE,1704634989571771899,D3:F4:55:AB:96:20,-64
BLE,1704634989765372577,D3:F4:55:AB:96:20,-63
BLE,1704634989960593205,D3:F4:55:AB:96:20,-64
BLE,1704634990014695554,DF:DF:EE:00:00:04,-54
BLE,1704634990146879463,D3:F4:55:AB:96:20,-63
BLE,1704634990344029706,D3:F4:55:AB:96:20,-63
BLE,1704634990480671716,DF:DF:EE:00:00:04,-54
BLE,1704634990533088157,D3:F4:55:AB:96:20,-63
BLE,1704634990726357795,D3:F4:55:AB:96:20,-62
BLE,1704634990915945202,D3:F4:55:AB:96:20,-63
BLE,1704634991108106804,D3:F4:55:AB:96:20,-63
BLE,1704634991302495728,D3:F4:55:AB:96:20,-63
BLE,1704634991684651068,D3:F4:55:AB:96:20,-64
BLE,1704634991754296171,DF:DF:EE:00:00:04,-54
BLE,1704634991874732223,D3:F4:55:AB:96:20,-63
BLE,1704634992065350249,D3:F4:55:AB:96:20,-48
BLE,1704634992294405621,DF:DF:EE:00:00:04,-56
BLE,1704634992448548834,D3:F4:55:AB:96:20,-64
BLE,1704634992752992738,DF:DF:EE:00:00:04,-54
BLE,1704634992833298661,D3:F4:55:AB:96:20,-64
BLE,1704634993026867423,D3:F4:55:AB:96:20,-63
BLE,1704634993216145706,D3:F4:55:AB:96:20,-64
BLE,1704634993596817054,D3:F4:55:AB:96:20,-63
BLE,1704634993983131248,D3:F4:55:AB:96:20,-64
BLE,1704634994027044149,DF:DF:EE:00:00:04,-53
BLE,1704634994176847217,D3:F4:55:AB:96:20,-63
BLE,1704634994367978616,D3:F4:55:AB:96:20,-63
BLE,1704634994752213779,D3:F4:55:AB:96:20,-63
BLE,1704634995298901738,DF:DF:EE:00:00:04,-53
BLE,1704634995326469097,D3:F4:55:AB:96:20,-63
BLE,1704634995518331825,D3:F4:55:AB:96:20,-64
BLE,1704634995711791046,D3:F4:55:AB:96:20,-64
BLE,1704634995847643935,DF:DF:EE:00:00:04,-54
BLE,1704634996101026975,D3:F4:55:AB:96:20,-64
BLE,1704634996298620424,DF:DF:EE:00:00:04,-53
BLE,1704634996480559162,D3:F4:55:AB:96:20,-64
BLE,1704634996848199826,DF:DF:EE:00:00:04,-55
BLE,1704634997052577408,D3:F4:55:AB:96:20,-63
BLE,1704634997244754885,D3:F4:55:AB:96:20,-64
BLE,1704634997438582478,D3:F4:55:AB:96:20,-63
BLE,1704634997818653204,D3:F4:55:AB:96:20,-63
BLE,1704634998016962525,D3:F4:55:AB:96:20,-63
BLE,1704634998211503740,D3:F4:55:AB:96:20,-63
BLE,1704634998401396228,D3:F4:55:AB:96:20,-63
BLE,1704634998576127544,DF:DF:EE:00:00:04,-55
BLE,1704634998587037572,D3:F4:55:AB:96:20,-63
BLE,1704634998832091237,DF:A6:DC:DC:2E:81,-83
BLE,1704634998832118070,DF:DF:EE:00:00:01,-83
BLE,1704634998970734488,D3:F4:55:AB:96:20,-63
BLE,1704634999363658648,D3:F4:55:AB:96:20,-64
BLE,1704634999739865602,D3:F4:55:AB:96:20,-64
BLE,1704635000129657945,D3:F4:55:AB:96:20,-47
BLE,1704635000322658459,D3:F4:55:AB:96:20,-63
BLE,1704635000518068420,D3:F4:55:AB:96:20,-63
BLE,1704635000707409078,D3:F4:55:AB:96:20,-63
BLE,1704635001092471028,D3:F4:55:AB:96:20,-64
BLE,1704635001121870461,DF:DF:EE:00:00:04,-55
BLE,1704635001284243716,D3:F4:55:AB:96:20,-63
BLE,1704635001478278475,D3:F4:55:AB:96:20,-63
BLE,1704635002046429032,D3:F4:55:AB:96:20,-63
BLE,1704635002117647793,DF:DF:EE:00:00:04,-38
BLE,1704635002239030632,D3:F4:55:AB:96:20,-63
BLE,1704635002626126780,D3:F4:55:AB:96:20,-63
BLE,1704635002659299986,DF:A6:DC:DC:2E:81,-81
BLE,1704635002659325111,DF:DF:EE:00:00:01,-81
BLE,1704635003013479719,D3:F4:55:AB:96:20,-63
BLE,1704635003210291964,D3:F4:55:AB:96:20,-64
BLE,1704635003385935234,DF:DF:EE:00:00:04,-53
BLE,1704635003402018526,D3:F4:55:AB:96:20,-63
BLE,1704635003594266586,D3:F4:55:AB:96:20,-63
BLE,1704635003781628213,D3:F4:55:AB:96:20,-63
BLE,1704635003971546326,D3:F4:55:AB:96:20,-63
BLE,1704635004164271009,D3:F4:55:AB:96:20,-47
BLE,1704635004354532079,D3:F4:55:AB:96:20,-64
BLE,1704635004549529333,D3:F4:55:AB:96:20,-63
BLE,1704635004663062212,DF:DF:EE:00:00:04,-53
BLE,1704635004740224401,D3:F4:55:AB:96:20,-63
BLE,1704635004935583529,D3:F4:55:AB:96:20,-64
BLE,1704635005130797324,D3:F4:55:AB:96:20,-62
BLE,1704635005199595764,DF:DF:EE:00:00:04,-53
BLE,1704635005322119597,D3:F4:55:AB:96:20,-64
BLE,1704635005515668025,D3:F4:55:AB:96:20,-64
BLE,1704635005660843825,DF:DF:EE:00:00:04,-55
BLE,1704635005710025824,D3:F4:55:AB:96:20,-63
BLE,1704635005896458622,D3:F4:55:AB:96:20,-63
BLE,1704635006196928463,DF:DF:EE:00:00:04,-54
BLE,1704635006473088303,D3:F4:55:AB:96:20,-64
BLE,1704635006667830100,D3:F4:55:AB:96:20,-63
BLE,1704635006858512501,D3:F4:55:AB:96:20,-63
BLE,1704635007045729712,D3:F4:55:AB:96:20,-62
BLE,1704635007235401660,D3:F4:55:AB:96:20,-63
BLE,1704635007429582585,D3:F4:55:AB:96:20,-63
BLE,1704635007624344965,D3:F4:55:AB:96:20,-64
BLE,1704635007661651650,DF:DF:EE:00:00:04,-53
BLE,1704635007818717431,D3:F4:55:AB:96:20,-63
BLE,1704635008014581139,D3:F4:55:AB:96:20,-63
BLE,1704635008205976870,D3:F4:55:AB:96:20,-64
BLE,1704635008394606241,D3:F4:55:AB:96:20,-63
BLE,1704635008784744832,D3:F4:55:AB:96:20,-64
BLE,1704635008933472989,DF:DF:EE:00:00:04,-54
BLE,1704635009360837265,D3:F4:55:AB:96:20,-64
BLE,1704635009474518351,DF:DF:EE:00:00:04,-53
BLE,1704635009549879050,D3:F4:55:AB:96:20,-63
BLE,1704635009741253572,D3:F4:55:AB:96:20,-64
BLE,1704635009927987702,D3:F4:55:AB:96:20,-63
BLE,1704635009935820704,DF:DF:EE:00:00:04,-54
BLE,1704635010121727213,D3:F4:55:AB:96:20,-63
BLE,1704635010310097834,D3:F4:55:AB:96:20,-63
BLE,1704635010473442917,DF:DF:EE:00:00:04,-55
BLE,1704635010697867354,D3:F4:55:AB:96:20,-64
BLE,1704635010893163815,D3:F4:55:AB:96:20,-63
BLE,1704635010936330011,DF:DF:EE:00:00:04,-53
BLE,1704635011288476838,D3:F4:55:AB:96:20,-63
BLE,1704635011480778815,D3:F4:55:AB:96:20,-63
BLE,1704635011678396639,D3:F4:55:AB:96:20,-62
BLE,1704635011870640574,D3:F4:55:AB:96:20,-64
BLE,1704635012062348553,D3:F4:55:AB:96:20,-64
BLE,1704635012252867080,D3:F4:55:AB:96:20,-62
BLE,1704635012639521856,D3:F4:55:AB:96:20,-63
BLE,1704635012758521373,DF:DF:EE:00:00:04,-39
BLE,1704635012828855139,D3:F4:55:AB:96:20,-61
BLE,1704635012849694949,DF:A6:DC:DC:2E:81,-72
BLE,1704635012849720574,DF:DF:EE:00:00:01,-72
BLE,1704635013017919674,D3:F4:55:AB:96:20,-62
BLE,1704635013217579696,DF:DF:EE:00:00:04,-54
BLE,1704635013406140941,D3:F4:55:AB:96:20,-63
BLE,1704635013596127096,D3:F4:55:AB:96:20,-63
BLE,1704635013754096623,DF:DF:EE:00:00:04,-39
BLE,1704635013755530532,DF:DF:EE:00:00:04,-56
BLE,1704635013790447062,D3:F4:55:AB:96:20,-63
BLE,1704635013977932021,D3:F4:55:AB:96:20,-63
BLE,1704635014168539548,D3:F4:55:AB:96:20,-64
BLE,1704635014217044134,DF:DF:EE:00:00:04,-51
BLE,1704635014361128606,D3:F4:55:AB:96:20,-63
BLE,1704635014551750216,D3:F4:55:AB:96:20,-63
BLE,1704635014745474185,D3:F4:55:AB:96:20,-64
BLE,1704635014938418700,D3:F4:55:AB:96:20,-47
BLE,1704635015132071961,D3:F4:55:AB:96:20,-48
BLE,1704635015324360771,D3:F4:55:AB:96:20,-63
BLE,1704635015483851540,DF:DF:EE:00:00:04,-53
BLE,1704635015515535712,D3:F4:55:AB:96:20,-63
BLE,1704635015707263483,D3:F4:55:AB:96:20,-63
BLE,1704635015905718802,D3:F4:55:AB:96:20,-63
BLE,1704635016100494266,D3:F4:55:AB:96:20,-63
BLE,1704635016482870897,D3:F4:55:AB:96:20,-64
BLE,1704635016754179637,DF:DF:EE:00:00:04,-54
BLE,1704635016869837004,D3:F4:55:AB:96:20,-64
BLE,1704635017055917387,D3:F4:55:AB:96:20,-62
BLE,1704635017244904256,D3:F4:55:AB:96:20,-62
BLE,1704635017636754421,D3:F4:55:AB:96:20,-63
BLE,1704635017831358344,D3:F4:55:AB:96:20,-62
BLE,1704635018032704275,DF:DF:EE:00:00:04,-54
BLE,1704635018207874422,D3:F4:55:AB:96:20,-63
BLE,1704635018399717067,D3:F4:55:AB:96:20,-63
BLE,1704635018569327076,DF:DF:EE:00:00:04,-37
BLE,1704635018570825152,DF:DF:EE:00:00:04,-56
BLE,1704635018585736409,D3:F4:55:AB:96:20,-48
BLE,1704635018781053036,D3:F4:55:AB:96:20,-63
BLE,1704635019030484554,DF:DF:EE:00:00:04,-55
BLE,1704635019165529490,D3:F4:55:AB:96:20,-64
BLE,1704635019361467739,D3:F4:55:AB:96:20,-62
BLE,1704635019554615003,D3:F4:55:AB:96:20,-61
BLE,1704635019752509492,D3:F4:55:AB:96:20,-63
BLE,1704635019949049239,D3:F4:55:AB:96:20,-63
BLE,1704635020026902966,DF:DF:EE:00:00:04,-54
BLE,1704635020480626441,DF:A6:DC:DC:2E:81,-83
BLE,1704635020480666316,DF:DF:EE:00:00:01,-83
BLE,1704635020536022158,D3:F4:55:AB:96:20,-63
BLE,1704635020731454535,D3:F4:55:AB:96:20,-64
BLE,1704635020922122812,D3:F4:55:AB:96:20,-63
BLE,1704635021114310289,D3:F4:55:AB:96:20,-64
BLE,1704635021305675811,DF:DF:EE:00:00:04,-54
BLE,1704635021502969096,D3:F4:55:AB:96:20,-63
BLE,1704635021695604862,D3:F4:55:AB:96:20,-63
BLE,1704635021846743965,DF:DF:EE:00:00:04,-55
BLE,1704635022089744224,D3:F4:55:AB:96:20,-63
BLE,1704635022278628843,D3:F4:55:AB:96:20,-52
BLE,1704635022300887646,DF:DF:EE:00:00:04,-53
BLE,1704635022471511566,D3:F4:55:AB:96:20,-63
BLE,1704635022659920854,D3:F4:55:AB:96:20,-63
BLE,1704635023055988540,D3:F4:55:AB:96:20,-63
BLE,1704635023243162251,D3:F4:55:AB:96:20,-62
BLE,1704635023441113074,D3:F4:55:AB:96:20,-64
BLE,1704635023576509049,DF:DF:EE:00:00:04,-54
BLE,1704635023627836912,D3:F4:55:AB:96:20,-63
BLE,1704635023826142108,D3:F4:55:AB:96:20,-63
BLE,1704635024011030413,D3:F4:55:AB:96:20,-63
BLE,1704635024200578695,D3:F4:55:AB:96:20,-48
BLE,1704635024394470747,D3:F4:55:AB:96:20,-63
BLE,1704635024586104685,D3:F4:55:AB:96:20,-63
BLE,1704635024774967429,D3:F4:55:AB:96:20,-63
BLE,1704635024973758581,D3:F4:55:AB:96:20,-64
BLE,1704635025164719481,D3:F4:55:AB:96:20,-63
BLE,1704635025358321825,D3:F4:55:AB:96:20,-62
BLE,1704635025549369975,D3:F4:55:AB:96:20,-63
BLE,1704635025743732732,D3:F4:55:AB:96:20,-63
BLE,1704635025840400530,DF:DF:EE:00:00:04,-54
BLE,1704635025940121646,D3:F4:55:AB:96:20,-63
BLE,1704635026127130774,D3:F4:55:AB:96:20,-63
BLE,1704635026319935832,D3:F4:55:AB:96:20,-63
BLE,1704635026508482660,D3:F4:55:AB:96:20,-63
BLE,1704635026706051777,D3:F4:55:AB:96:20,-64
BLE,1704635026896282180,D3:F4:55:AB:96:20,-63
BLE,1704635027089068862,D3:F4:55:AB:96:20,-63
BLE,1704635027274700581,D3:F4:55:AB:96:20,-48
BLE,1704635027653203648,DF:DF:EE:00:00:04,-52
BLE,1704635027664931005,D3:F4:55:AB:96:20,-63
BLE,1704635028048521546,D3:F4:55:AB:96:20,-63
BLE,1704635028240721732,D3:F4:55:AB:96:20,-63
BLE,1704635028433784162,D3:F4:55:AB:96:20,-63
BLE,1704635028625169060,D3:F4:55:AB:96:20,-63
BLE,1704635028817369620,D3:F4:55:AB:96:20,-64
BLE,1704635029003710419,D3:F4:55:AB:96:20,-63
BLE,1704635029195184816,D3:F4:55:AB:96:20,-63
BLE,1704635029383554312,DF:DF:EE:00:00:04,-55
BLE,1704635029569502321,D3:F4:55:AB:96:20,-63
BLE,1704635029948999050,D3:F4:55:AB:96:20,-63
BLE,1704635030145106340,D3:F4:55:AB:96:20,-63
BLE,1704635030650073845,DF:DF:EE:00:00:04,-53
BLE,1704635030673487184,DF:A6:DC:DC:2E:81,-83
BLE,1704635030673513434,DF:DF:EE:00:00:01,-83
BLE,1704635030728612902,D3:F4:55:AB:96:20,-63
BLE,1704635031105244979,D3:F4:55:AB:96:20,-64
BLE,1704635031489904265,D3:F4:55:AB:96:20,-63
BLE,1704635031683503735,D3:F4:55:AB:96:20,-63
BLE,1704635031920793481,DF:DF:EE:00:00:04,-55
BLE,1704635032072387332,D3:F4:55:AB:96:20,-63
BLE,1704635032267388503,D3:F4:55:AB:96:20,-48
BLE,1704635032652688536,D3:F4:55:AB:96:20,-63
BLE,1704635032843869434,D3:F4:55:AB:96:20,-64
BLE,1704635032921178373,DF:DF:EE:00:00:04,-53
BLE,1704635033030839771,D3:F4:55:AB:96:20,-61
BLE,1704635033219547683,D3:F4:55:AB:96:20,-62
BLE,1704635033413185694,D3:F4:55:AB:96:20,-48
BLE,1704635033612595884,D3:F4:55:AB:96:20,-63
BLE,1704635033800927589,D3:F4:55:AB:96:20,-63
BLE,1704635033991307325,D3:F4:55:AB:96:20,-63
BLE,1704635034186423954,D3:F4:55:AB:96:20,-63
BLE,1704635034199455929,DF:DF:EE:00:00:04,-54
BLE,1704635034574533555,D3:F4:55:AB:96:20,-62
BLE,1704635034737123433,DF:DF:EE:00:00:04,-54
BLE,1704635034764769042,D3:F4:55:AB:96:20,-63
BLE,1704635034959626339,D3:F4:55:AB:96:20,-47
BLE,1704635035149931284,D3:F4:55:AB:96:20,-63
BLE,1704635035194740471,DF:DF:EE:00:00:04,-38
BLE,1704635035341774096,D3:F4:55:AB:96:20,-63
BLE,1704635035532344456,D3:F4:55:AB:96:20,-63
BLE,1704635035726391007,D3:F4:55:AB:96:20,-63
BLE,1704635035732795516,DF:DF:EE:00:00:04,-54
BLE,1704635035918909524,D3:F4:55:AB:96:20,-63
BLE,1704635036303437935,D3:F4:55:AB:96:20,-64
BLE,1704635036691445120,D3:F4:55:AB:96:20,-59
BLE,1704635036879562576,D3:F4:55:AB:96:20,-61
BLE,1704635037040573004,DF:A6:DC:DC:2E:81,-82
BLE,1704635037040602587,DF:DF:EE:00:00:01,-82
BLE,1704635037077120151,D3:F4:55:AB:96:20,-64
BLE,1704635037265091441,D3:F4:55:AB:96:20,-62
BLE,1704635037474562996,DF:DF:EE:00:00:04,-54
BLE,1704635037653974914,D3:F4:55:AB:96:20,-62
BLE,1704635038042067640,D3:F4:55:AB:96:20,-64
BLE,1704635038232053378,D3:F4:55:AB:96:20,-62
BLE,1704635038424755936,D3:F4:55:AB:96:20,-47
BLE,1704635038611710690,D3:F4:55:AB:96:20,-61
BLE,1704635038806359654,D3:F4:55:AB:96:20,-64
BLE,1704635038995270314,D3:F4:55:AB:96:20,-63
BLE,1704635039191600437,D3:F4:55:AB:96:20,-48
BLE,1704635039386309693,D3:F4:55:AB:96:20,-64
BLE,1704635039581478529,D3:F4:55:AB:96:20,-61
BLE,1704635039737698148,DF:DF:EE:00:00:04,-53
BLE,1704635039777685986,D3:F4:55:AB:96:20,-48
BLE,1704635039970268377,D3:F4:55:AB:96:20,-62
BLE,1704635040166490417,D3:F4:55:AB:96:20,-61
BLE,1704635040277920681,DF:DF:EE:00:00:04,-54
BLE,1704635040551545117,D3:F4:55:AB:96:20,-61
BLE,1704635040742519851,D3:F4:55:AB:96:20,-64
BLE,1704635040746453081,DF:DF:EE:00:00:04,-56
BLE,1704635041127827258,D3:F4:55:AB:96:20,-64
BLE,1704635041513716454,D3:F4:55:AB:96:20,-47
BLE,1704635041703593276,D3:F4:55:AB:96:20,-64
BLE,1704635041892336021,D3:F4:55:AB:96:20,-64
BLE,1704635042017349507,DF:DF:EE:00:00:04,-53
BLE,1704635042078951943,D3:F4:55:AB:96:20,-61
BLE,1704635042273486491,D3:F4:55:AB:96:20,-62
BLE,1704635042462574734,D3:F4:55:AB:96:20,-62
BLE,1704635042556156798,DF:DF:EE:00:00:04,-53
BLE,1704635042656576827,D3:F4:55:AB:96:20,-63
BLE,1704635042846426649,D3:F4:55:AB:96:20,-61
BLE,1704635043018997226,DF:DF:EE:00:00:04,-55
BLE,1704635043040905656,D3:F4:55:AB:96:20,-64
BLE,1704635043227226079,D3:F4:55:AB:96:20,-61
BLE,1704635043617891084,D3:F4:55:AB:96:20,-62
BLE,1704635043808854193,D3:F4:55:AB:96:20,-61
BLE,1704635044008442173,D3:F4:55:AB:96:20,-64
BLE,1704635044019450201,DF:DF:EE:00:00:04,-54
BLE,1704635044195744175,D3:F4:55:AB:96:20,-62
BLE,1704635044390482681,D3:F4:55:AB:96:20,-63
BLE,1704635044554069304,DF:DF:EE:00:00:04,-39
BLE,1704635044584047193,D3:F4:55:AB:96:20,-63
BLE,1704635044668408345,DF:A6:DC:DC:2E:81,-82
BLE,1704635044668439428,DF:DF:EE:00:00:01,-82
BLE,1704635044777481121,D3:F4:55:AB:96:20,-61
BLE,1704635044972919665,D3:F4:55:AB:96:20,-64
BLE,1704635045021285668,DF:DF:EE:00:00:04,-55
BLE,1704635045164290313,D3:F4:55:AB:96:20,-62
BLE,1704635045358480821,D3:F4:55:AB:96:20,-62
BLE,1704635045546063947,D3:F4:55:AB:96:20,-61
BLE,1704635045932654431,D3:F4:55:AB:96:20,-63
BLE,1704635046298556438,DF:DF:EE:00:00:04,-56
BLE,1704635046316778595,D3:F4:55:AB:96:20,-62
BLE,1704635046704056534,D3:F4:55:AB:96:20,-64
BLE,1704635046891039037,D3:F4:55:AB:96:20,-63
BLE,1704635047087280952,D3:F4:55:AB:96:20,-63
BLE,1704635047470415370,D3:F4:55:AB:96:20,-62
BLE,1704635047563617936,DF:DF:EE:00:00:04,-54
BLE,1704635047659196365,D3:F4:55:AB:96:20,-63
BLE,1704635048049031249,D3:F4:55:AB:96:20,-63
BLE,1704635048244010878,D3:F4:55:AB:96:20,-63
BLE,1704635048437209767,D3:F4:55:AB:96:20,-64
BLE,1704635048627335379,D3:F4:55:AB:96:20,-63
BLE,1704635048819837188,D3:F4:55:AB:96:20,-64
BLE,1704635048833961824,DF:DF:EE:00:00:04,-54
BLE,1704635049010985420,D3:F4:55:AB:96:20,-64
BLE,1704635049372256325,DF:DF:EE:00:00:04,-53
BLE,1704635049373642277,DF:DF:EE:00:00:04,-53
BLE,1704635049404405828,D3:F4:55:AB:96:20,-64
BLE,1704635049592657617,D3:F4:55:AB:96:20,-63
BLE,1704635049787987244,D3:F4:55:AB:96:20,-63
BLE,1704635049835781000,DF:DF:EE:00:00:04,-54
BLE,1704635049983012915,D3:F4:55:AB:96:20,-64
BLE,1704635050177813587,D3:F4:55:AB:96:20,-63
BLE,1704635050375976575,D3:F4:55:AB:96:20,-62
BLE,1704635050573608482,D3:F4:55:AB:96:20,-63
BLE,1704635050766464164,D3:F4:55:AB:96:20,-61
BLE,1704635051109054998,DF:DF:EE:00:00:04,-55
BLE,1704635051538460555,D3:F4:55:AB:96:20,-64
BLE,1704635051649116032,DF:DF:EE:00:00:04,-54
BLE,1704635051732901479,D3:F4:55:AB:96:20,-63
BLE,1704635051924146003,D3:F4:55:AB:96:20,-63
BLE,1704635052109098600,DF:DF:EE:00:00:04,-54
BLE,1704635052115606817,D3:F4:55:AB:96:20,-61
BLE,1704635052506714695,D3:F4:55:AB:96:20,-64
BLE,1704635052701837615,D3:F4:55:AB:96:20,-62
BLE,1704635053082528296,D3:F4:55:AB:96:20,-63
BLE,1704635053383932507,DF:DF:EE:00:00:04,-53
BLE,1704635053466792500,D3:F4:55:AB:96:20,-62
BLE,1704635053576697231,DF:A6:DC:DC:2E:81,-81
BLE,1704635053576730356,DF:DF:EE:00:00:01,-81
BLE,1704635053659180101,D3:F4:55:AB:96:20,-63
BLE,1704635053854477062,D3:F4:55:AB:96:20,-64
BLE,1704635053919920103,DF:DF:EE:00:00:04,-53
BLE,1704635054049061610,D3:F4:55:AB:96:20,-63
BLE,1704635054242554914,D3:F4:55:AB:96:20,-64
BLE,1704635054379815380,DF:DF:EE:00:00:04,-55
BLE,1704635054433352398,D3:F4:55:AB:96:20,-64
BLE,1704635054626268413,D3:F4:55:AB:96:20,-62
BLE,1704635054815281114,D3:F4:55:AB:96:20,-63
BLE,1704635054921678071,DF:DF:EE:00:00:04,-55
BLE,1704635055006615554,D3:F4:55:AB:96:20,-63
BLE,1704635055198156201,D3:F4:55:AB:96:20,-63
BLE,1704635055385933325,DF:DF:EE:00:00:04,-54
BLE,1704635055589071788,D3:F4:55:AB:96:20,-48
BLE,1704635055784368957,D3:F4:55:AB:96:20,-63
BLE,1704635055976478601,D3:F4:55:AB:96:20,-63
BLE,1704635056162852358,D3:F4:55:AB:96:20,-63
BLE,1704635056541842298,D3:F4:55:AB:96:20,-64
BLE,1704635056661452229,DF:DF:EE:00:00:04,-53
BLE,1704635056728782260,D3:F4:55:AB:96:20,-63
BLE,1704635056920483489,D3:F4:55:AB:96:20,-63
BLE,1704635057115467202,D3:F4:55:AB:96:20,-64
BLE,1704635057309920876,D3:F4:55:AB:96:20,-62
BLE,1704635057505637335,D3:F4:55:AB:96:20,-64
BLE,1704635057658447096,DF:DF:EE:00:00:04,-53
BLE,1704635057692825462,D3:F4:55:AB:96:20,-64
BLE,1704635057888965377,D3:F4:55:AB:96:20,-63
BLE,1704635058081721226,D3:F4:55:AB:96:20,-64
BLE,1704635058274994989,D3:F4:55:AB:96:20,-63
BLE,1704635058468296169,D3:F4:55:AB:96:20,-64
BLE,1704635058659999732,D3:F4:55:AB:96:20,-63
BLE,1704635058682975906,DF:A6:DC:DC:2E:81,-83
BLE,1704635058683001864,DF:DF:EE:00:00:01,-83
BLE,1704635058856336646,D3:F4:55:AB:96:20,-63
BLE,1704635058934403789,DF:DF:EE:00:00:04,-53
BLE,1704635059043882980,D3:F4:55:AB:96:20,-61
BLE,1704635059234578131,D3:F4:55:AB:96:20,-48
BLE,1704635059429966550,D3:F4:55:AB:96:20,-63
BLE,1704635059431301126,D3:F4:55:AB:96:20,-62
BLE,1704635059620541118,D3:F4:55:AB:96:20,-63
BLE,1704635059810570898,D3:F4:55:AB:96:20,-63
BLE,1704635060001983254,D3:F4:55:AB:96:20,-63
BLE,1704635060191734577,D3:F4:55:AB:96:20,-63
BLE,1704635060581811918,D3:F4:55:AB:96:20,-63
BLE,1704635060750002476,DF:DF:EE:00:00:04,-55
BLE,1704635060959648947,D3:F4:55:AB:96:20,-63
BLE,1704635060961159023,D3:F4:55:AB:96:20,-64
BLE,1704635061216811134,DF:DF:EE:00:00:04,-55
BLE,1704635061543768214,D3:F4:55:AB:96:20,-64
BLE,1704635061737666433,D3:F4:55:AB:96:20,-63
BLE,1704635061925132059,D3:F4:55:AB:96:20,-63
BLE,1704635062116526165,D3:F4:55:AB:96:20,-64
BLE,1704635062305452200,D3:F4:55:AB:96:20,-63
BLE,1704635062503000191,D3:F4:55:AB:96:20,-64
BLE,1704635062508070582,DF:A6:DC:DC:2E:81,-82
BLE,1704635062508095665,DF:DF:EE:00:00:01,-82
BLE,1704635062887460020,D3:F4:55:AB:96:20,-63
BLE,1704635063081666570,D3:F4:55:AB:96:20,-63
BLE,1704635063277456028,D3:F4:55:AB:96:20,-63
BLE,1704635063278843896,D3:F4:55:AB:96:20,-63
BLE,1704635063664438969,D3:F4:55:AB:96:20,-64
BLE,1704635063754318343,DF:DF:EE:00:00:04,-54
BLE,1704635063856345530,D3:F4:55:AB:96:20,-62
BLE,1704635064045646939,D3:F4:55:AB:96:20,-64
BLE,1704635064234807181,D3:F4:55:AB:96:20,-64
BLE,1704635064296970822,DF:DF:EE:00:00:04,-53
BLE,1704635064426394828,D3:F4:55:AB:96:20,-62
BLE,1704635064754086029,DF:DF:EE:00:00:04,-55
BLE,1704635065001783973,D3:F4:55:AB:96:20,-63
BLE,1704635065193791784,D3:F4:55:AB:96:20,-64
BLE,1704635065292639988,DF:DF:EE:00:00:04,-55
BLE,1704635065386806132,D3:F4:55:AB:96:20,-63
BLE,1704635065579405398,D3:F4:55:AB:96:20,-62
BLE,1704635065755244667,DF:DF:EE:00:00:04,-54
BLE,1704635065770149633,D3:F4:55:AB:96:20,-63
BLE,1704635065965141054,D3:F4:55:AB:96:20,-63
BLE,1704635066160314349,D3:F4:55:AB:96:20,-63
BLE,1704635066291339680,DF:DF:EE:00:00:04,-54
BLE,1704635066351763121,D3:F4:55:AB:96:20,-64
BLE,1704635066546977791,D3:F4:55:AB:96:20,-62
BLE,1704635066737340027,D3:F4:55:AB:96:20,-63
BLE,1704635066756775553,DF:DF:EE:00:00:04,-55
BLE,1704635067317356399,D3:F4:55:AB:96:20,-63
BLE,1704635067509402460,D3:F4:55:AB:96:20,-64
BLE,1704635067894402244,D3:F4:55:AB:96:20,-63
BLE,1704635068024516038,DF:DF:EE:00:00:04,-53
BLE,1704635068083494320,D3:F4:55:AB:96:20,-64
BLE,1704635068655206650,D3:F4:55:AB:96:20,-48
BLE,1704635068656542727,D3:F4:55:AB:96:20,-62
BLE,1704635068877754556,DF:A6:DC:DC:2E:81,-83
BLE,1704635068877783931,DF:DF:EE:00:00:01,-83
BLE,1704635069040495433,D3:F4:55:AB:96:20,-63
BLE,1704635069430575774,D3:F4:55:AB:96:20,-63
BLE,1704635069621834548,D3:F4:55:AB:96:20,-63
BLE,1704635069811993660,D3:F4:55:AB:96:20,-63
BLE,1704635069998973289,D3:F4:55:AB:96:20,-62
BLE,1704635070194348291,D3:F4:55:AB:96:20,-64
BLE,1704635070382138874,D3:F4:55:AB:96:20,-63
BLE,1704635070576463756,D3:F4:55:AB:96:20,-63
BLE,1704635070578348497,DF:DF:EE:00:00:04,-54
BLE,1704635070953543623,D3:F4:55:AB:96:20,-64
BLE,1704635071148289378,D3:F4:55:AB:96:20,-63
BLE,1704635071339127987,D3:F4:55:AB:96:20,-64
BLE,1704635071419509160,DF:A6:DC:DC:2E:81,-84
BLE,1704635071419540993,DF:DF:EE:00:00:01,-84
BLE,1704635071532760623,D3:F4:55:AB:96:20,-63
BLE,1704635071728628123,D3:F4:55:AB:96:20,-63
BLE,1704635071857704589,DF:DF:EE:00:00:04,-54
BLE,1704635071914860547,D3:F4:55:AB:96:20,-63
BLE,1704635072309387532,D3:F4:55:AB:96:20,-63
BLE,1704635072396859711,DF:DF:EE:00:00:04,-53
BLE,1704635072497849903,D3:F4:55:AB:96:20,-63
BLE,1704635072696926470,D3:F4:55:AB:96:20,-63
BLE,1704635072852383926,DF:DF:EE:00:00:04,-55
BLE,1704635072892413305,D3:F4:55:AB:96:20,-62
BLE,1704635072893948964,D3:F4:55:AB:96:20,-64
BLE,1704635073393703120,DF:DF:EE:00:00:04,-54
BLE,1704635073845166482,D3:F4:55:AB:96:20,-63
BLE,1704635073855797261,DF:DF:EE:00:00:04,-55
BLE,1704635073961103265,DF:A6:DC:DC:2E:81,-73
BLE,1704635073961130515,DF:DF:EE:00:00:01,-73
BLE,1704635074042085309,D3:F4:55:AB:96:20,-64
BLE,1704635074234006454,D3:F4:55:AB:96:20,-63
BLE,1704635074391968148,DF:DF:EE:00:00:04,-53
BLE,1704635074429015750,D3:F4:55:AB:96:20,-63
BLE,1704635074616011712,D3:F4:55:AB:96:20,-62
BLE,1704635074855266949,DF:DF:EE:00:00:04,-55
BLE,1704635075010828071,D3:F4:55:AB:96:20,-63
BLE,1704635075394006073,DF:DF:EE:00:00:04,-54
BLE,1704635075395589731,D3:F4:55:AB:96:20,-63
BLE,1704635075585224055,D3:F4:55:AB:96:20,-63
BLE,1704635075778518734,D3:F4:55:AB:96:20,-64
BLE,1704635075970307755,D3:F4:55:AB:96:20,-64
BLE,1704635076164549680,D3:F4:55:AB:96:20,-63
BLE,1704635076363415081,D3:F4:55:AB:96:20,-63
BLE,1704635076390278444,DF:DF:EE:00:00:04,-53
BLE,1704635076555855431,D3:F4:55:AB:96:20,-63
BLE,1704635076747123746,D3:F4:55:AB:96:20,-63
BLE,1704635076857749682,DF:DF:EE:00:00:04,-55
BLE,1704635076938161313,D3:F4:55:AB:96:20,-63
BLE,1704635077130021291,D3:F4:55:AB:96:20,-63
BLE,1704635077319566115,D3:F4:55:AB:96:20,-64
BLE,1704635077510435974,D3:F4:55:AB:96:20,-63
BLE,1704635077702882949,D3:F4:55:AB:96:20,-63
BLE,1704635077785888525,DF:A6:DC:DC:2E:81,-82
BLE,1704635077785916442,DF:DF:EE:00:00:01,-82
BLE,1704635077893425976,D3:F4:55:AB:96:20,-64
BLE,1704635078121646603,DF:DF:EE:00:00:04,-53
BLE,1704635078283561067,D3:F4:55:AB:96:20,-63
BLE,1704635078662384550,DF:DF:EE:00:00:04,-54
BLE,1704635078667096567,D3:F4:55:AB:96:20,-63
BLE,1704635078860678537,D3:F4:55:AB:96:20,-63
BLE,1704635079054995670,D3:F4:55:AB:96:20,-64
BLE,1704635079127530091,DF:DF:EE:00:00:04,-54
BLE,1704635079247227605,D3:F4:55:AB:96:20,-62
BLE,1704635079446186297,D3:F4:55:AB:96:20,-63
BLE,1704635079642369421,D3:F4:55:AB:96:20,-64
BLE,1704635079839578414,D3:F4:55:AB:96:20,-63
BLE,1704635080031629266,D3:F4:55:AB:96:20,-64
BLE,1704635080223818701,D3:F4:55:AB:96:20,-63
BLE,1704635080328291585,DF:A6:DC:DC:2E:81,-83
BLE,1704635080328323376,DF:DF:EE:00:00:01,-83
BLE,1704635080405682773,DF:DF:EE:00:00:04,-54
BLE,1704635080614486623,D3:F4:55:AB:96:20,-64
BLE,1704635080809487336,D3:F4:55:AB:96:20,-48
BLE,1704635080936327855,DF:DF:EE:00:00:04,-53
BLE,1704635081005839750,D3:F4:55:AB:96:20,-57
BLE,1704635081591121386,D3:F4:55:AB:96:20,-48
BLE,1704635081981957265,D3:F4:55:AB:96:20,-63
BLE,1704635082171929670,D3:F4:55:AB:96:20,-57
BLE,1704635082561574972,D3:F4:55:AB:96:20,-48
BLE,1704635082669639837,DF:DF:EE:00:00:04,-53
BLE,1704635082872559467,DF:A6:DC:DC:2E:81,-82
BLE,1704635082872589842,DF:DF:EE:00:00:01,-82
BLE,1704635082947089670,D3:F4:55:AB:96:20,-63
BLE,1704635083214356639,DF:DF:EE:00:00:04,-55
BLE,1704635083327027938,D3:F4:55:AB:96:20,-64
BLE,1704635083517890589,D3:F4:55:AB:96:20,-62
BLE,1704635083669025317,DF:DF:EE:00:00:04,-54
BLE,1704635083706510001,D3:F4:55:AB:96:20,-63
BLE,1704635083897191777,D3:F4:55:AB:96:20,-63
BLE,1704635084093270692,D3:F4:55:AB:96:20,-64
BLE,1704635084289187650,D3:F4:55:AB:96:20,-63
BLE,1704635084486491143,D3:F4:55:AB:96:20,-63
BLE,1704635084681749854,D3:F4:55:AB:96:20,-63
BLE,1704635084947025874,DF:DF:EE:00:00:04,-55
BLE,1704635085059775965,D3:F4:55:AB:96:20,-62
BLE,1704635085250882614,D3:F4:55:AB:96:20,-64
BLE,1704635085479250407,DF:DF:EE:00:00:04,-53
BLE,1704635085642145783,D3:F4:55:AB:96:20,-63
BLE,1704635085947533474,DF:DF:EE:00:00:04,-54
BLE,1704635086035521316,D3:F4:55:AB:96:20,-63
BLE,1704635086229856490,D3:F4:55:AB:96:20,-64
BLE,1704635086420825390,D3:F4:55:AB:96:20,-64
BLE,1704635086608045601,D3:F4:55:AB:96:20,-63
BLE,1704635086799526206,D3:F4:55:AB:96:20,-63
BLE,1704635086995712996,D3:F4:55:AB:96:20,-64
BLE,1704635087216986366,DF:DF:EE:00:00:04,-52
BLE,1704635087381859941,D3:F4:55:AB:96:20,-62
BLE,1704635087576030700,D3:F4:55:AB:96:20,-62
BLE,1704635088346084226,D3:F4:55:AB:96:20,-48
BLE,1704635088497491703,DF:DF:EE:00:00:04,-54
BLE,1704635088540889189,D3:F4:55:AB:96:20,-63
BLE,1704635088739376926,D3:F4:55:AB:96:20,-62
BLE,1704635088934263097,D3:F4:55:AB:96:20,-63
BLE,1704635089128527605,D3:F4:55:AB:96:20,-48
BLE,1704635089239511205,DF:A6:DC:DC:2E:81,-83
BLE,1704635089239560705,DF:DF:EE:00:00:01,-83
BLE,1704635089322544031,D3:F4:55:AB:96:20,-47
BLE,1704635089497058765,DF:DF:EE:00:00:04,-55
BLE,1704635089518692863,D3:F4:55:AB:96:20,-64
BLE,1704635089713571284,D3:F4:55:AB:96:20,-63
BLE,1704635090298561631,D3:F4:55:AB:96:20,-63
BLE,1704635090685559738,D3:F4:55:AB:96:20,-63
BLE,1704635090775495029,DF:DF:EE:00:00:04,-54
BLE,1704635090874355024,D3:F4:55:AB:96:20,-64
BLE,1704635091059907993,D3:F4:55:AB:96:20,-63
BLE,1704635091251145558,D3:F4:55:AB:96:20,-64
BLE,1704635091446066396,D3:F4:55:AB:96:20,-63
BLE,1704635091642711184,D3:F4:55:AB:96:20,-63
BLE,1704635091780001107,DF:A6:DC:DC:2E:81,-82
BLE,1704635091780026066,DF:DF:EE:00:00:01,-82
BLE,1704635091834396163,D3:F4:55:AB:96:20,-62
BLE,1704635092049863771,DF:DF:EE:00:00:04,-52
BLE,1704635092222772805,D3:F4:55:AB:96:20,-63
BLE,1704635092413427456,D3:F4:55:AB:96:20,-63
BLE,1704635092586878987,DF:DF:EE:00:00:04,-55
BLE,1704635092607387341,D3:F4:55:AB:96:20,-63
BLE,1704635092802432636,D3:F4:55:AB:96:20,-63
BLE,1704635092996046648,D3:F4:55:AB:96:20,-63
BLE,1704635093052526609,DF:DF:EE:00:00:04,-53
BLE,1704635093193620514,D3:F4:55:AB:96:20,-63
BLE,1704635093386746194,D3:F4:55:AB:96:20,-64
BLE,1704635093577422054,D3:F4:55:AB:96:20,-64
BLE,1704635093588820038,DF:DF:EE:00:00:04,-54
BLE,1704635093768464412,D3:F4:55:AB:96:20,-63
BLE,1704635094052463670,DF:DF:EE:00:00:04,-53
BLE,1704635094154575149,D3:F4:55:AB:96:20,-62
BLE,1704635094537408777,D3:F4:55:AB:96:20,-63
BLE,1704635094732449406,D3:F4:55:AB:96:20,-64
BLE,1704635095056831000,DF:DF:EE:00:00:04,-56
BLE,1704635095307826843,D3:F4:55:AB:96:20,-63
BLE,1704635095496379963,D3:F4:55:AB:96:20,-63
BLE,1704635095584325889,DF:DF:EE:00:00:04,-37
BLE,1704635095690035308,D3:F4:55:AB:96:20,-64
BLE,1704635095878474721,D3:F4:55:AB:96:20,-64
BLE,1704635096071558360,D3:F4:55:AB:96:20,-63
BLE,1704635096259894565,D3:F4:55:AB:96:20,-63
BLE,1704635096450351217,D3:F4:55:AB:96:20,-64
BLE,1704635096451816210,D3:F4:55:AB:96:20,-63
BLE,1704635096868813247,DF:A6:DC:DC:2E:81,-83
BLE,1704635096868842372,DF:DF:EE:00:00:01,-83
BLE,1704635097026824273,D3:F4:55:AB:96:20,-63
BLE,1704635097049939155,DF:DF:EE:00:00:04,-53
BLE,1704635097216960386,D3:F4:55:AB:96:20,-63
BLE,1704635097413072051,D3:F4:55:AB:96:20,-64
BLE,1704635097602186877,D3:F4:55:AB:96:20,-64
BLE,1704635097791797159,D3:F4:55:AB:96:20,-63
BLE,1704635097984966089,D3:F4:55:AB:96:20,-64
BLE,1704635098172354174,D3:F4:55:AB:96:20,-63
BLE,1704635098369871040,D3:F4:55:AB:96:20,-63
BLE,1704635098555389968,D3:F4:55:AB:96:20,-63
BLE,1704635098744377836,D3:F4:55:AB:96:20,-63
BLE,1704635098937033811,D3:F4:55:AB:96:20,-62
BLE,1704635099129802785,D3:F4:55:AB:96:20,-64
BLE,1704635099505401617,D3:F4:55:AB:96:20,-64
BLE,1704635099596308694,DF:DF:EE:00:00:04,-56
BLE,1704635099695036398,D3:F4:55:AB:96:20,-63
BLE,1704635099881966110,D3:F4:55:AB:96:20,-61
BLE,1704635100140410374,DF:DF:EE:00:00:04,-54
BLE,1704635100262496292,D3:F4:55:AB:96:20,-58
BLE,1704635100459471120,D3:F4:55:AB:96:20,-47
BLE,1704635100654778331,D3:F4:55:AB:96:20,-62
BLE,1704635100690063901,DF:A6:DC:DC:2E:81,-83
BLE,1704635100690092734,DF:DF:EE:00:00:01,-83
BLE,1704635100848154718,D3:F4:55:AB:96:20,-62
BLE,1704635101038174040,D3:F4:55:AB:96:20,-62
BLE,1704635101420407088,D3:F4:55:AB:96:20,-63
BLE,1704635101615574300,D3:F4:55:AB:96:20,-61
BLE,1704635101804674459,D3:F4:55:AB:96:20,-64
BLE,1704635101869988126,DF:DF:EE:00:00:04,-53
BLE,1704635101997752306,D3:F4:55:AB:96:20,-47
BLE,1704635102195256756,D3:F4:55:AB:96:20,-63
BLE,1704635102381407431,D3:F4:55:AB:96:20,-48
BLE,1704635102770859567,D3:F4:55:AB:96:20,-63
BLE,1704635102964920076,D3:F4:55:AB:96:20,-63
BLE,1704635103157143719,D3:F4:55:AB:96:20,-63
BLE,1704635103233668829,DF:A6:DC:DC:2E:81,-82
BLE,1704635103233680120,DF:DF:EE:00:00:01,-82
BLE,1704635103345979172,D3:F4:55:AB:96:20,-63
BLE,1704635103540096639,D3:F4:55:AB:96:20,-64
BLE,1704635103926458999,D3:F4:55:AB:96:20,-63
BLE,1704635104113671918,D3:F4:55:AB:96:20,-63
BLE,1704635104147049581,DF:DF:EE:00:00:04,-54
BLE,1704635104494595432,D3:F4:55:AB:96:20,-63
BLE,1704635104687160198,DF:DF:EE:00:00:04,-54
BLE,1704635104691193511,D3:F4:55:AB:96:20,-63
BLE,1704635104885942725,D3:F4:55:AB:96:20,-62
BLE,1704635105080941896,D3:F4:55:AB:96:20,-62
BLE,1704635105144750362,DF:DF:EE:00:00:04,-38
BLE,1704635105275855609,D3:F4:55:AB:96:20,-64
BLE,1704635105462351531,D3:F4:55:AB:96:20,-47
BLE,1704635105659626857,D3:F4:55:AB:96:20,-63
BLE,1704635105780322866,DF:A6:DC:DC:2E:81,-73
BLE,1704635105780353491,DF:DF:EE:00:00:01,-73
BLE,1704635105846348821,D3:F4:55:AB:96:20,-61
BLE,1704635106232571765,D3:F4:55:AB:96:20,-62
BLE,1704635106422562670,DF:DF:EE:00:00:04,-55
BLE,1704635106428689680,D3:F4:55:AB:96:20,-61
BLE,1704635106813943255,D3:F4:55:AB:96:20,-62
BLE,1704635107008338595,D3:F4:55:AB:96:20,-63
BLE,1704635107197665004,D3:F4:55:AB:96:20,-63
BLE,1704635107588383633,D3:F4:55:AB:96:20,-64
BLE,1704635107589732002,D3:F4:55:AB:96:20,-63
BLE,1704635107689065078,DF:DF:EE:00:00:04,-38
BLE,1704635107779740115,D3:F4:55:AB:96:20,-63
BLE,1704635107975878405,D3:F4:55:AB:96:20,-63
BLE,1704635108169702582,D3:F4:55:AB:96:20,-64
BLE,1704635108360489941,D3:F4:55:AB:96:20,-64
BLE,1704635108550348346,D3:F4:55:AB:96:20,-64
BLE,1704635108744988186,D3:F4:55:AB:96:20,-63
BLE,1704635108937654868,D3:F4:55:AB:96:20,-64
BLE,1704635108960368461,DF:DF:EE:00:00:04,-54
BLE,1704635108962059077,DF:DF:EE:00:00:04,-55
BLE,1704635109127398733,D3:F4:55:AB:96:20,-62
BLE,1704635109323757939,D3:F4:55:AB:96:20,-63
BLE,1704635109599642905,DF:A6:DC:DC:2E:81,-84
BLE,1704635109599673363,DF:DF:EE:00:00:01,-84
BLE,1704635109698402359,D3:F4:55:AB:96:20,-63
BLE,1704635109888894011,D3:F4:55:AB:96:20,-63
BLE,1704635110081241654,D3:F4:55:AB:96:20,-64
BLE,1704635110233768208,DF:DF:EE:00:00:04,-54
BLE,1704635110464055116,D3:F4:55:AB:96:20,-64
BLE,1704635110653807813,D3:F4:55:AB:96:20,-63
BLE,1704635110846135540,D3:F4:55:AB:96:20,-64
BLE,1704635111037291064,D3:F4:55:AB:96:20,-63
BLE,1704635111224252817,D3:F4:55:AB:96:20,-63
BLE,1704635111513714631,DF:DF:EE:00:00:04,-53
BLE,1704635111610525053,D3:F4:55:AB:96:20,-64
BLE,1704635111992571685,D3:F4:55:AB:96:20,-63
BLE,1704635112184910662,D3:F4:55:AB:96:20,-64
BLE,1704635112375553188,D3:F4:55:AB:96:20,-48
BLE,1704635112760251557,D3:F4:55:AB:96:20,-63
BLE,1704635112781914905,DF:DF:EE:00:00:04,-54
BLE,1704635113142273481,D3:F4:55:AB:96:20,-62
BLE,1704635113327780992,DF:DF:EE:00:00:04,-55
BLE,1704635113335416495,D3:F4:55:AB:96:20,-63
BLE,1704635113530255542,D3:F4:55:AB:96:20,-63
BLE,1704635113717499877,D3:F4:55:AB:96:20,-63
BLE,1704635113785060407,DF:DF:EE:00:00:04,-52
BLE,1704635113910040352,D3:F4:55:AB:96:20,-62
BLE,1704635114668379813,D3:F4:55:AB:96:20,-63
BLE,1704635114787175748,DF:DF:EE:00:00:04,-54
BLE,1704635114859198839,D3:F4:55:AB:96:20,-63
BLE,1704635115045256972,D3:F4:55:AB:96:20,-63
BLE,1704635115242900380,D3:F4:55:AB:96:20,-63
BLE,1704635115324836420,DF:DF:EE:00:00:04,-55
BLE,1704635115432800243,D3:F4:55:AB:96:20,-63
BLE,1704635115624073017,D3:F4:55:AB:96:20,-63
BLE,1704635115819048771,D3:F4:55:AB:96:20,-63
BLE,1704635116014445523,D3:F4:55:AB:96:20,-63
BLE,1704635116208500616,D3:F4:55:AB:96:20,-64
BLE,1704635116397949482,D3:F4:55:AB:96:20,-63
BLE,1704635116590115750,D3:F4:55:AB:96:20,-63
BLE,1704635116781011192,D3:F4:55:AB:96:20,-63
BLE,1704635117059156813,DF:DF:EE:00:00:04,-55
BLE,1704635117170040081,D3:F4:55:AB:96:20,-63
BLE,1704635117362380932,D3:F4:55:AB:96:20,-64
BLE,1704635117554008078,D3:F4:55:AB:96:20,-63
BLE,1704635117595380950,DF:DF:EE:00:00:04,-56
BLE,1704635117747871838,D3:F4:55:AB:96:20,-63
BLE,1704635118140516833,D3:F4:55:AB:96:20,-64
BLE,1704635118333977595,D3:F4:55:AB:96:20,-63
BLE,1704635118529002391,D3:F4:55:AB:96:20,-63
BLE,1704635118599825321,DF:DF:EE:00:00:04,-52
BLE,1704635118722021531,D3:F4:55:AB:96:20,-62
BLE,1704635118911710854,D3:F4:55:AB:96:20,-64
BLE,1704635119063233871,DF:DF:EE:00:00:04,-53
BLE,1704635119103568832,D3:F4:55:AB:96:20,-63
BLE,1704635119297854923,D3:F4:55:AB:96:20,-63
BLE,1704635119489909818,D3:F4:55:AB:96:20,-63
BLE,1704635119681633339,D3:F4:55:AB:96:20,-63
BLE,1704635119876565760,D3:F4:55:AB:96:20,-63
BLE,1704635120066621498,D3:F4:55:AB:96:20,-62
BLE,1704635120334519838,DF:DF:EE:00:00:04,-53
BLE,1704635120447952926,D3:F4:55:AB:96:20,-63
BLE,1704635120644315923,D3:F4:55:AB:96:20,-63
BLE,1704635120837219938,D3:F4:55:AB:96:20,-64
BLE,1704635121026566221,D3:F4:55:AB:96:20,-63
BLE,1704635121058094768,DF:A6:DC:DC:2E:81,-82
BLE,1704635121058120476,DF:DF:EE:00:00:01,-82
BLE,1704635121222593845,D3:F4:55:AB:96:20,-63
BLE,1704635121415320361,D3:F4:55:AB:96:20,-63
BLE,1704635121609050996,D3:F4:55:AB:96:20,-63
BLE,1704635121612040023,DF:DF:EE:00:00:04,-55
BLE,1704635121800106729,D3:F4:55:AB:96:20,-61
BLE,1704635121997663387,D3:F4:55:AB:96:20,-62
BLE,1704635122383921248,D3:F4:55:AB:96:20,-63
BLE,1704635122766657085,D3:F4:55:AB:96:20,-64
BLE,1704635122879736675,DF:DF:EE:00:00:04,-53
BLE,1704635122962884583,D3:F4:55:AB:96:20,-63
BLE,1704635123157885504,D3:F4:55:AB:96:20,-63
BLE,1704635123350524187,D3:F4:55:AB:96:20,-64
BLE,1704635123599815914,DF:A6:DC:DC:2E:81,-83
BLE,1704635123599852706,DF:DF:EE:00:00:01,-83
BLE,1704635123741406608,D3:F4:55:AB:96:20,-62
BLE,1704635124123194575,D3:F4:55:AB:96:20,-63
BLE,1704635124162318125,DF:DF:EE:00:00:04,-54
BLE,1704635124512959001,D3:F4:55:AB:96:20,-63
BLE,1704635124702095952,D3:F4:55:AB:96:20,-63
BLE,1704635125426693877,DF:DF:EE:00:00:04,-54
BLE,1704635125667895562,D3:F4:55:AB:96:20,-63
BLE,1704635125860595411,D3:F4:55:AB:96:20,-63
BLE,1704635125967877822,DF:DF:EE:00:00:04,-55
BLE,1704635126140155442,DF:A6:DC:DC:2E:81,-83
BLE,1704635126140186859,DF:DF:EE:00:00:01,-83
BLE,1704635126429858088,DF:DF:EE:00:00:04,-52
BLE,1704635126434344857,D3:F4:55:AB:96:20,-63
BLE,1704635126815465327,D3:F4:55:AB:96:20,-63
BLE,1704635127012733195,D3:F4:55:AB:96:20,-63
BLE,1704635127200794151,D3:F4:55:AB:96:20,-63
BLE,1704635127394008539,D3:F4:55:AB:96:20,-63
BLE,1704635127582433827,D3:F4:55:AB:96:20,-48
BLE,1704635127706566568,DF:DF:EE:00:00:04,-56
BLE,1704635127772832188,D3:F4:55:AB:96:20,-64
BLE,1704635127966079493,D3:F4:55:AB:96:20,-61
BLE,1704635128156616354,D3:F4:55:AB:96:20,-64
BLE,1704635128343982814,D3:F4:55:AB:96:20,-64
BLE,1704635128684080910,DF:A6:DC:DC:2E:81,-82
BLE,1704635128684111118,DF:DF:EE:00:00:01,-82
BLE,1704635128725278117,D3:F4:55:AB:96:20,-63
BLE,1704635128914544025,D3:F4:55:AB:96:20,-64
BLE,1704635128977420746,DF:DF:EE:00:00:04,-54
BLE,1704635129304441909,D3:F4:55:AB:96:20,-63
BLE,1704635129497797588,D3:F4:55:AB:96:20,-63
BLE,1704635129518051527,DF:DF:EE:00:00:04,-54
BLE,1704635129883403911,D3:F4:55:AB:96:20,-62
BLE,1704635129974795861,DF:DF:EE:00:00:04,-54
BLE,1704635130273818417,D3:F4:55:AB:96:20,-63
BLE,1704635130467485887,D3:F4:55:AB:96:20,-64
BLE,1704635130521731693,DF:DF:EE:00:00:04,-55
BLE,1704635130848835564,D3:F4:55:AB:96:20,-64
BLE,1704635130980887515,DF:DF:EE:00:00:04,-53
BLE,1704635131226448553,D3:F4:55:AB:96:20,-63
BLE,1704635131420391146,D3:F4:55:AB:96:20,-63
BLE,1704635131606717569,D3:F4:55:AB:96:20,-63
BLE,1704635131804181228,D3:F4:55:AB:96:20,-63
BLE,1704635131998245653,D3:F4:55:AB:96:20,-64
BLE,1704635132379148208,D3:F4:55:AB:96:20,-62
BLE,1704635132505585146,DF:A6:DC:DC:2E:81,-85
BLE,1704635132505615104,DF:DF:EE:00:00:01,-85
BLE,1704635132569969276,D3:F4:55:AB:96:20,-63
BLE,1704635132764151742,D3:F4:55:AB:96:20,-64
BLE,1704635133144385801,D3:F4:55:AB:96:20,-64
BLE,1704635133534290768,D3:F4:55:AB:96:20,-63
BLE,1704635133729171106,D3:F4:55:AB:96:20,-64
BLE,1704635133919445385,D3:F4:55:AB:96:20,-63
BLE,1704635134107887464,D3:F4:55:AB:96:20,-61
BLE,1704635134501664287,D3:F4:55:AB:96:20,-61
BLE,1704635134689296495,D3:F4:55:AB:96:20,-63
BLE,1704635134798751270,DF:DF:EE:00:00:04,-54
BLE,1704635134885086204,D3:F4:55:AB:96:20,-64
BLE,1704635135071390627,D3:F4:55:AB:96:20,-63
BLE,1704635135265372595,D3:F4:55:AB:96:20,-63
BLE,1704635135338825928,DF:DF:EE:00:00:04,-55
BLE,1704635135461706259,D3:F4:55:AB:96:20,-64
BLE,1704635135652888325,D3:F4:55:AB:96:20,-63
BLE,1704635135798761788,DF:DF:EE:00:00:04,-54
BLE,1704635135838948666,D3:F4:55:AB:96:20,-62
BLE,1704635136033015092,D3:F4:55:AB:96:20,-64
BLE,1704635136220003970,D3:F4:55:AB:96:20,-63
BLE,1704635136332881436,DF:A6:DC:DC:2E:81,-82
BLE,1704635136332908686,DF:DF:EE:00:00:01,-82
BLE,1704635136341395392,DF:DF:EE:00:00:04,-55
BLE,1704635136414675226,D3:F4:55:AB:96:20,-63
BLE,1704635136601829896,D3:F4:55:AB:96:20,-63
BLE,1704635136797995644,D3:F4:55:AB:96:20,-63
BLE,1704635136800112800,DF:DF:EE:00:00:04,-55
BLE,1704635136991949112,D3:F4:55:AB:96:20,-63
BLE,1704635137375096822,D3:F4:55:AB:96:20,-63
BLE,1704635137805979080,DF:DF:EE:00:00:04,-54
BLE,1704635137958264802,D3:F4:55:AB:96:20,-63
BLE,1704635138149945949,D3:F4:55:AB:96:20,-64
BLE,1704635138343186504,DF:DF:EE:00:00:04,-54
BLE,1704635138723954684,D3:F4:55:AB:96:20,-64
BLE,1704635138801689079,DF:DF:EE:00:00:04,-56
BLE,1704635138877610816,DF:A6:DC:DC:2E:81,-83
BLE,1704635138877639983,DF:DF:EE:00:00:01,-83
BLE,1704635138913288426,D3:F4:55:AB:96:20,-63
BLE,1704635139105736443,D3:F4:55:AB:96:20,-48
BLE,1704635139342390860,DF:DF:EE:00:00:04,-54
BLE,1704635139806798030,DF:DF:EE:00:00:04,-54
BLE,1704635139874753641,D3:F4:55:AB:96:20,-64
BLE,1704635140262064247,D3:F4:55:AB:96:20,-63
BLE,1704635140457351916,D3:F4:55:AB:96:20,-64
BLE,1704635140653394082,D3:F4:55:AB:96:20,-63
BLE,1704635140851345404,D3:F4:55:AB:96:20,-63
BLE,1704635141044655834,D3:F4:55:AB:96:20,-62
BLE,1704635141079076575,DF:DF:EE:00:00:04,-53
BLE,1704635141236966227,D3:F4:55:AB:96:20,-63
BLE,1704635141421487493,DF:A6:DC:DC:2E:81,-83
BLE,1704635141421515451,DF:DF:EE:00:00:01,-83
BLE,1704635141434467677,D3:F4:55:AB:96:20,-63
BLE,1704635141629660805,D3:F4:55:AB:96:20,-64
BLE,1704635142012644016,D3:F4:55:AB:96:20,-64
BLE,1704635142205328865,D3:F4:55:AB:96:20,-64
BLE,1704635142354054939,DF:DF:EE:00:00:04,-54
BLE,1704635142586433877,D3:F4:55:AB:96:20,-63
BLE,1704635142776547532,D3:F4:55:AB:96:20,-63
BLE,1704635142965905481,D3:F4:55:AB:96:20,-63
BLE,1704635143158249708,D3:F4:55:AB:96:20,-63
BLE,1704635143347771865,D3:F4:55:AB:96:20,-63
BLE,1704635143533115752,D3:F4:55:AB:96:20,-62
BLE,1704635143627785643,DF:DF:EE:00:00:04,-55
BLE,1704635143923395425,D3:F4:55:AB:96:20,-64
BLE,1704635144305516807,D3:F4:55:AB:96:20,-63
BLE,1704635144693232953,D3:F4:55:AB:96:20,-63
BLE,1704635144904831705,DF:DF:EE:00:00:04,-53
BLE,1704635145069930571,D3:F4:55:AB:96:20,-64
BLE,1704635145265388989,D3:F4:55:AB:96:20,-63
BLE,1704635145442973708,DF:DF:EE:00:00:04,-52
BLE,1704635145645812630,D3:F4:55:AB:96:20,-63
BLE,1704635145840594427,D3:F4:55:AB:96:20,-63
BLE,1704635145900725870,DF:DF:EE:00:00:04,-40
BLE,1704635146027827179,D3:F4:55:AB:96:20,-48
BLE,1704635146217432753,D3:F4:55:AB:96:20,-63
BLE,1704635146525842970,DF:A6:DC:DC:2E:81,-82
BLE,1704635146525873178,DF:DF:EE:00:00:01,-82
BLE,1704635146603632197,D3:F4:55:AB:96:20,-64
BLE,1704635146905310865,DF:DF:EE:00:00:04,-53
BLE,1704635146981540934,D3:F4:55:AB:96:20,-64
BLE,1704635147370894113,D3:F4:55:AB:96:20,-63
BLE,1704635147440947588,DF:DF:EE:00:00:04,-54
BLE,1704635147559542399,D3:F4:55:AB:96:20,-63
BLE,1704635147950377654,D3:F4:55:AB:96:20,-63
BLE,1704635148340848701,D3:F4:55:AB:96:20,-63
BLE,1704635148440246777,DF:DF:EE:00:00:04,-53
BLE,1704635148721538882,D3:F4:55:AB:96:20,-63
BLE,1704635148904496282,DF:DF:EE:00:00:04,-56
BLE,1704635148910802749,D3:F4:55:AB:96:20,-63
BLE,1704635149108343282,D3:F4:55:AB:96:20,-62
BLE,1704635149306079439,D3:F4:55:AB:96:20,-64
BLE,1704635149497062506,D3:F4:55:AB:96:20,-63
BLE,1704635149688156447,D3:F4:55:AB:96:20,-63
BLE,1704635149879491678,D3:F4:55:AB:96:20,-63
BLE,1704635149901618607,DF:DF:EE:00:00:04,-63
BLE,1704635150072895482,D3:F4:55:AB:96:20,-63
BLE,1704635150261975475,D3:F4:55:AB:96:20,-63
BLE,1704635150455430362,D3:F4:55:AB:96:20,-64
BLE,1704635150840884477,D3:F4:55:AB:96:20,-63
BLE,1704635151031598670,D3:F4:55:AB:96:20,-64
BLE,1704635151174687231,DF:DF:EE:00:00:04,-54
BLE,1704635151226297300,D3:F4:55:AB:96:20,-63
BLE,1704635151421553053,D3:F4:55:AB:96:20,-63
BLE,1704635151613753155,D3:F4:55:AB:96:20,-64
BLE,1704635151615288481,D3:F4:55:AB:96:20,-63
BLE,1704635152006735357,D3:F4:55:AB:96:20,-64
BLE,1704635152199156624,D3:F4:55:AB:96:20,-64
BLE,1704635152200367577,D3:F4:55:AB:96:20,-63
BLE,1704635152444023916,DF:DF:EE:00:00:04,-53
BLE,1704635152586004774,D3:F4:55:AB:96:20,-64
BLE,1704635152775089683,D3:F4:55:AB:96:20,-63
BLE,1704635152970894309,D3:F4:55:AB:96:20,-63
BLE,1704635153164144613,D3:F4:55:AB:96:20,-63
BLE,1704635153724040004,DF:DF:EE:00:00:04,-37
BLE,1704635153741306541,D3:F4:55:AB:96:20,-53
BLE,1704635153928038963,D3:F4:55:AB:96:20,-63
BLE,1704635154152603233,DF:A6:DC:DC:2E:81,-83
BLE,1704635154152634649,DF:DF:EE:00:00:01,-83
BLE,1704635154323295736,D3:F4:55:AB:96:20,-65
BLE,1704635154511986481,D3:F4:55:AB:96:20,-61
BLE,1704635154705992157,D3:F4:55:AB:96:20,-64
BLE,1704635155285396740,D3:F4:55:AB:96:20,-64
BLE,1704635155475432644,D3:F4:55:AB:96:20,-63
BLE,1704635155662248065,D3:F4:55:AB:96:20,-63
BLE,1704635155855823160,D3:F4:55:AB:96:20,-63
BLE,1704635156004201486,DF:DF:EE:00:00:04,-53
BLE,1704635156049178256,D3:F4:55:AB:96:20,-64
BLE,1704635156438485310,D3:F4:55:AB:96:20,-63
BLE,1704635156541755533,DF:DF:EE:00:00:04,-53
BLE,1704635156543227608,DF:DF:EE:00:00:04,-54
BLE,1704635156629757625,D3:F4:55:AB:96:20,-63
BLE,1704635156698563315,DF:A6:DC:DC:2E:81,-82
BLE,1704635156698588273,DF:DF:EE:00:00:01,-82
BLE,1704635157023592989,D3:F4:55:AB:96:20,-64
BLE,1704635157548340101,DF:DF:EE:00:00:04,-53
BLE,1704635157597138643,D3:F4:55:AB:96:20,-63
BLE,1704635157792130856,D3:F4:55:AB:96:20,-63
BLE,1704635157983729211,D3:F4:55:AB:96:20,-64
BLE,1704635158010081910,DF:DF:EE:00:00:04,-54
BLE,1704635158368565079,D3:F4:55:AB:96:20,-63
BLE,1704635158564719161,D3:F4:55:AB:96:20,-63
BLE,1704635158760506328,D3:F4:55:AB:96:20,-53
BLE,1704635158955142209,D3:F4:55:AB:96:20,-62
BLE,1704635159149255759,D3:F4:55:AB:96:20,-62
BLE,1704635159274971826,DF:DF:EE:00:00:04,-55
BLE,1704635159337934296,D3:F4:55:AB:96:20,-62
BLE,1704635159532170971,D3:F4:55:AB:96:20,-61
BLE,1704635159725520692,D3:F4:55:AB:96:20,-63
BLE,1704635159911097369,D3:F4:55:AB:96:20,-52
BLE,1704635160099913613,D3:F4:55:AB:96:20,-64
BLE,1704635160295966737,D3:F4:55:AB:96:20,-61
BLE,1704635160489959080,D3:F4:55:AB:96:20,-63
BLE,1704635160552420969,DF:DF:EE:00:00:04,-50
BLE,1704635160678705658,D3:F4:55:AB:96:20,-61
BLE,1704635160875094530,D3:F4:55:AB:96:20,-64
BLE,1704635161066891800,D3:F4:55:AB:96:20,-62
BLE,1704635161092263879,DF:DF:EE:00:00:04,-54
BLE,1704635161258568072,D3:F4:55:AB:96:20,-64
BLE,1704635161453107995,D3:F4:55:AB:96:20,-48
BLE,1704635161647336920,D3:F4:55:AB:96:20,-61
BLE,1704635161841411387,D3:F4:55:AB:96:20,-63
BLE,1704635162031526583,D3:F4:55:AB:96:20,-62
BLE,1704635162033061992,D3:F4:55:AB:96:20,-62
BLE,1704635162222339942,D3:F4:55:AB:96:20,-47
BLE,1704635162413921130,D3:F4:55:AB:96:20,-63
BLE,1704635162415447664,D3:F4:55:AB:96:20,-64
BLE,1704635162603509037,D3:F4:55:AB:96:20,-63
BLE,1704635162793064403,D3:F4:55:AB:96:20,-63
BLE,1704635162824619200,DF:DF:EE:00:00:04,-55
BLE,1704635162982577143,D3:F4:55:AB:96:20,-62
BLE,1704635163179220389,D3:F4:55:AB:96:20,-63
BLE,1704635163180575382,D3:F4:55:AB:96:20,-64
BLE,1704635163370182789,D3:F4:55:AB:96:20,-63
BLE,1704635163563472510,D3:F4:55:AB:96:20,-64
BLE,1704635163753458415,D3:F4:55:AB:96:20,-63
BLE,1704635164092764849,DF:DF:EE:00:00:04,-54
BLE,1704635164131206778,D3:F4:55:AB:96:20,-64
BLE,1704635164506829068,D3:F4:55:AB:96:20,-63
BLE,1704635164896455662,D3:F4:55:AB:96:20,-64
BLE,1704635165090568337,D3:F4:55:AB:96:20,-63
BLE,1704635165280600742,D3:F4:55:AB:96:20,-64
BLE,1704635165365724599,DF:DF:EE:00:00:04,-54
BLE,1704635165657515442,D3:F4:55:AB:96:20,-63
BLE,1704635165903739102,DF:DF:EE:00:00:04,-54
BLE,1704635166048126656,D3:F4:55:AB:96:20,-62
BLE,1704635166235695323,D3:F4:55:AB:96:20,-61
BLE,1704635166623713300,D3:F4:55:AB:96:20,-62
BLE,1704635166901835172,DF:DF:EE:00:00:04,-55
BLE,1704635167011518195,D3:F4:55:AB:96:20,-62
BLE,1704635167368151374,DF:DF:EE:00:00:04,-53
BLE,1704635167591257276,D3:F4:55:AB:96:20,-63
BLE,1704635167783679293,D3:F4:55:AB:96:20,-63
BLE,1704635167899822409,DF:DF:EE:00:00:04,-53
BLE,1704635167976802682,D3:F4:55:AB:96:20,-62
BLE,1704635168149658425,DF:A6:DC:DC:2E:81,-82
BLE,1704635168149688549,DF:DF:EE:00:00:01,-82
BLE,1704635168364104663,DF:DF:EE:00:00:04,-55
BLE,1704635168559736164,D3:F4:55:AB:96:20,-64
BLE,1704635168755895787,D3:F4:55:AB:96:20,-63
BLE,1704635168900964380,DF:DF:EE:00:00:04,-54
BLE,1704635168951528122,D3:F4:55:AB:96:20,-63
BLE,1704635169146404376,D3:F4:55:AB:96:20,-64
BLE,1704635169340892717,D3:F4:55:AB:96:20,-63
BLE,1704635169364764886,DF:DF:EE:00:00:04,-54
BLE,1704635169533567899,D3:F4:55:AB:96:20,-48
BLE,1704635169728202947,D3:F4:55:AB:96:20,-64
BLE,1704635169901100898,DF:DF:EE:00:00:04,-53
BLE,1704635170118133123,D3:F4:55:AB:96:20,-64
BLE,1704635170366051523,DF:DF:EE:00:00:04,-55
BLE,1704635170494410618,D3:F4:55:AB:96:20,-64
BLE,1704635170876227502,D3:F4:55:AB:96:20,-62
BLE,1704635171066965986,D3:F4:55:AB:96:20,-63
BLE,1704635171255832188,D3:F4:55:AB:96:20,-63
BLE,1704635171449995988,D3:F4:55:AB:96:20,-63
BLE,1704635171635794915,D3:F4:55:AB:96:20,-63
BLE,1704635171638557859,DF:DF:EE:00:00:04,-53
BLE,1704635171975997136,DF:A6:DC:DC:2E:81,-84
BLE,1704635171976025969,DF:DF:EE:00:00:01,-84
BLE,1704635172028920449,D3:F4:55:AB:96:20,-64
BLE,1704635172186462936,DF:DF:EE:00:00:04,-54
BLE,1704635172408769968,D3:F4:55:AB:96:20,-48
BLE,1704635172793594502,D3:F4:55:AB:96:20,-62
BLE,1704635172985045191,D3:F4:55:AB:96:20,-63
BLE,1704635173175030346,D3:F4:55:AB:96:20,-63
BLE,1704635173558334889,D3:F4:55:AB:96:20,-64
BLE,1704635173752016775,D3:F4:55:AB:96:20,-63
BLE,1704635173915871063,DF:DF:EE:00:00:04,-54
BLE,1704635174146362470,D3:F4:55:AB:96:20,-63
BLE,1704635174334594717,D3:F4:55:AB:96:20,-63
BLE,1704635174455083185,DF:DF:EE:00:00:04,-54
BLE,1704635174533383743,D3:F4:55:AB:96:20,-63
BLE,1704635174727581252,D3:F4:55:AB:96:20,-64
BLE,1704635174915703999,DF:DF:EE:00:00:04,-55
BLE,1704635174922707714,D3:F4:55:AB:96:20,-63
BLE,1704635175113623947,D3:F4:55:AB:96:20,-64
BLE,1704635175300959699,D3:F4:55:AB:96:20,-63
BLE,1704635175491458934,D3:F4:55:AB:96:20,-63
BLE,1704635175684935571,D3:F4:55:AB:96:20,-63
BLE,1704635175879045997,D3:F4:55:AB:96:20,-63
BLE,1704635176068951444,D3:F4:55:AB:96:20,-63
BLE,1704635176265000609,D3:F4:55:AB:96:20,-64
BLE,1704635176453403606,D3:F4:55:AB:96:20,-63
BLE,1704635176647160325,D3:F4:55:AB:96:20,-63
BLE,1704635176725753215,DF:DF:EE:00:00:04,-49
BLE,1704635176840720753,D3:F4:55:AB:96:20,-64
BLE,1704635177030663075,D3:F4:55:AB:96:20,-63
BLE,1704635177188646393,DF:DF:EE:00:00:04,-55
BLE,1704635177225788578,D3:F4:55:AB:96:20,-63
BLE,1704635177612000356,D3:F4:55:AB:96:20,-63
BLE,1704635177726549104,DF:DF:EE:00:00:04,-56
BLE,1704635177801344472,D3:F4:55:AB:96:20,-63
BLE,1704635177998010802,D3:F4:55:AB:96:20,-64
BLE,1704635178183535771,DF:DF:EE:00:00:04,-54
BLE,1704635178188839869,D3:F4:55:AB:96:20,-63
BLE,1704635178340083721,DF:A6:DC:DC:2E:81,-82
BLE,1704635178340112721,DF:DF:EE:00:00:01,-82
BLE,1704635178380117559,D3:F4:55:AB:96:20,-63
BLE,1704635178571757288,D3:F4:55:AB:96:20,-64
BLE,1704635178962844666,D3:F4:55:AB:96:20,-64
BLE,1704635179153379985,D3:F4:55:AB:96:20,-64
BLE,1704635179344637884,D3:F4:55:AB:96:20,-63
BLE,1704635179467174299,DF:DF:EE:00:00:04,-53
BLE,1704635179532497716,D3:F4:55:AB:96:20,-63
BLE,1704635179730181331,D3:F4:55:AB:96:20,-63
BLE,1704635179925059253,D3:F4:55:AB:96:20,-63
BLE,1704635180003815434,DF:DF:EE:00:00:04,-54
BLE,1704635180120162548,D3:F4:55:AB:96:20,-63
BLE,1704635180311612946,D3:F4:55:AB:96:20,-63
BLE,1704635180469618222,DF:DF:EE:00:00:04,-55
BLE,1704635180500363315,D3:F4:55:AB:96:20,-63
BLE,1704635180694769781,D3:F4:55:AB:96:20,-63
BLE,1704635180885578015,D3:F4:55:AB:96:20,-63
BLE,1704635181006354565,DF:DF:EE:00:00:04,-55
BLE,1704635181274976360,D3:F4:55:AB:96:20,-48
BLE,1704635181467516377,DF:DF:EE:00:00:04,-54
BLE,1704635181471013317,D3:F4:55:AB:96:20,-63
BLE,1704635181661456261,D3:F4:55:AB:96:20,-63
BLE,1704635181850609879,D3:F4:55:AB:96:20,-63
BLE,1704635182043650851,D3:F4:55:AB:96:20,-47
BLE,1704635182421625296,D3:F4:55:AB:96:20,-64
BLE,1704635182733847493,DF:DF:EE:00:00:04,-54
BLE,1704635182801423357,D3:F4:55:AB:96:20,-63
BLE,1704635183183429531,D3:F4:55:AB:96:20,-63
BLE,1704635183379947819,D3:F4:55:AB:96:20,-63
BLE,1704635183429686857,DF:A6:DC:DC:2E:81,-84
BLE,1704635183429711398,DF:DF:EE:00:00:01,-84
BLE,1704635183578034599,D3:F4:55:AB:96:20,-64
BLE,1704635183774410513,D3:F4:55:AB:96:20,-63
BLE,1704635183968341356,D3:F4:55:AB:96:20,-63
BLE,1704635184006786702,DF:DF:EE:00:00:04,-54
BLE,1704635184162527656,D3:F4:55:AB:96:20,-63
BLE,1704635184348092375,D3:F4:55:AB:96:20,-63
BLE,1704635184546582445,D3:F4:55:AB:96:20,-63
BLE,1704635184741259201,D3:F4:55:AB:96:20,-63
BLE,1704635184935878666,D3:F4:55:AB:96:20,-63
BLE,1704635185133172783,D3:F4:55:AB:96:20,-64
BLE,1704635185285284048,DF:DF:EE:00:00:04,-54
BLE,1704635185332568223,D3:F4:55:AB:96:20,-63
BLE,1704635185524770950,D3:F4:55:AB:96:20,-64
BLE,1704635185826485451,DF:DF:EE:00:00:04,-54
BLE,1704635185911101602,D3:F4:55:AB:96:20,-63
BLE,1704635186101440922,D3:F4:55:AB:96:20,-63
BLE,1704635186291011454,D3:F4:55:AB:96:20,-64
BLE,1704635186481482982,D3:F4:55:AB:96:20,-63
BLE,1704635186673982457,D3:F4:55:AB:96:20,-63
BLE,1704635186823156028,DF:DF:EE:00:00:04,-54
BLE,1704635186868382381,D3:F4:55:AB:96:20,-63
BLE,1704635187057799122,D3:F4:55:AB:96:20,-48
BLE,1704635187252515503,D3:F4:55:AB:96:20,-61
BLE,1704635187282597807,DF:DF:EE:00:00:04,-53
BLE,1704635187441080998,D3:F4:55:AB:96:20,-64
BLE,1704635187637127830,D3:F4:55:AB:96:20,-52
BLE,1704635187638492323,D3:F4:55:AB:96:20,-48
BLE,1704635187826573405,DF:DF:EE:00:00:04,-56
BLE,1704635188218446695,D3:F4:55:AB:96:20,-63
BLE,1704635188286987387,DF:DF:EE:00:00:04,-53
BLE,1704635188412937785,D3:F4:55:AB:96:20,-64
BLE,1704635188601719613,D3:F4:55:AB:96:20,-63
BLE,1704635188791530560,D3:F4:55:AB:96:20,-63
BLE,1704635188824362143,DF:DF:EE:00:00:04,-54
BLE,1704635189180323325,D3:F4:55:AB:96:20,-63
BLE,1704635189284456918,DF:DF:EE:00:00:04,-54
BLE,1704635189796101431,DF:A6:DC:DC:2E:81,-83
BLE,1704635189796137139,DF:DF:EE:00:00:01,-83
BLE,1704635189826979065,DF:DF:EE:00:00:04,-54
BLE,1704635189956761819,D3:F4:55:AB:96:20,-64
BLE,1704635190287950711,DF:DF:EE:00:00:04,-53
BLE,1704635190348021696,D3:F4:55:AB:96:20,-63
BLE,1704635190539422927,D3:F4:55:AB:96:20,-63
BLE,1704635190893897908,DF:DF:EE:00:00:04,-53
BLE,1704635190926640699,D3:F4:55:AB:96:20,-63
BLE,1704635191306111637,D3:F4:55:AB:96:20,-64
BLE,1704635191326562824,DF:DF:EE:00:00:04,-54
BLE,1704635191495738418,D3:F4:55:AB:96:20,-63
BLE,1704635191691630543,D3:F4:55:AB:96:20,-63
BLE,1704635191789190378,DF:DF:EE:00:00:04,-55
BLE,1704635192074040965,D3:F4:55:AB:96:20,-62
BLE,1704635192458551877,D3:F4:55:AB:96:20,-63
BLE,1704635192652427387,D3:F4:55:AB:96:20,-63
BLE,1704635192844226699,D3:F4:55:AB:96:20,-64
BLE,1704635193056398324,DF:DF:EE:00:00:04,-54
BLE,1704635193220362487,D3:F4:55:AB:96:20,-63
BLE,1704635193599750424,D3:F4:55:AB:96:20,-64
BLE,1704635193601092209,D3:F4:55:AB:96:20,-64
BLE,1704635193617617417,DF:A6:DC:DC:2E:81,-83
BLE,1704635193617642625,DF:DF:EE:00:00:01,-83
BLE,1704635193794153098,D3:F4:55:AB:96:20,-63
BLE,1704635193985139956,D3:F4:55:AB:96:20,-64
BLE,1704635194330425693,DF:DF:EE:00:00:04,-55
BLE,1704635194369291036,D3:F4:55:AB:96:20,-64
BLE,1704635194751353877,D3:F4:55:AB:96:20,-48
BLE,1704635195322925250,D3:F4:55:AB:96:20,-63
BLE,1704635195516967551,D3:F4:55:AB:96:20,-63
BLE,1704635195710457896,D3:F4:55:AB:96:20,-48
BLE,1704635195907782472,D3:F4:55:AB:96:20,-63
BLE,1704635196094010854,D3:F4:55:AB:96:20,-63
BLE,1704635196162888169,DF:A6:DC:DC:2E:81,-82
BLE,1704635196162917586,DF:DF:EE:00:00:01,-82
BLE,1704635196284932213,D3:F4:55:AB:96:20,-64
BLE,1704635196286303747,D3:F4:55:AB:96:20,-64
BLE,1704635196670762159,D3:F4:55:AB:96:20,-62
BLE,1704635196859539904,D3:F4:55:AB:96:20,-63
BLE,1704635197052935666,D3:F4:55:AB:96:20,-63
BLE,1704635197240354834,D3:F4:55:AB:96:20,-63
BLE,1704635197439379943,D3:F4:55:AB:96:20,-64
BLE,1704635197629181932,D3:F4:55:AB:96:20,-63
BLE,1704635197876686668,DF:DF:EE:00:00:04,-55
BLE,1704635198014586714,D3:F4:55:AB:96:20,-48
BLE,1704635198206507484,D3:F4:55:AB:96:20,-61
BLE,1704635198398821918,D3:F4:55:AB:96:20,-63
BLE,1704635198592673887,D3:F4:55:AB:96:20,-62
BLE,1704635198702103870,DF:A6:DC:DC:2E:81,-81
BLE,1704635198702131120,DF:DF:EE:00:00:01,-81
BLE,1704635198783961410,D3:F4:55:AB:96:20,-63
BLE,1704635198976744217,D3:F4:55:AB:96:20,-63
BLE,1704635199142405996,DF:DF:EE:00:00:04,-54
BLE,1704635199364965943,D3:F4:55:AB:96:20,-63
BLE,1704635199556896671,D3:F4:55:AB:96:20,-63
BLE,1704635199756162112,D3:F4:55:AB:96:20,-62
BLE,1704635199944861315,D3:F4:55:AB:96:20,-63
BLE,1704635200141492603,D3:F4:55:AB:96:20,-63
BLE,1704635200336424858,D3:F4:55:AB:96:20,-63
BLE,1704635200529009249,D3:F4:55:AB:96:20,-63
BLE,1704635200918096262,D3:F4:55:AB:96:20,-48
BLE,1704635201113394432,D3:F4:55:AB:96:20,-63
BLE,1704635201307514024,D3:F4:55:AB:96:20,-64
BLE,1704635201499454627,D3:F4:55:AB:96:20,-63
BLE,1704635201690464235,D3:F4:55:AB:96:20,-62
BLE,1704635201694677630,DF:DF:EE:00:00:04,-53
BLE,1704635201886749149,D3:F4:55:AB:96:20,-64
BLE,1704635202078994126,D3:F4:55:AB:96:20,-63
BLE,1704635202269296446,D3:F4:55:AB:96:20,-63
BLE,1704635202463732453,D3:F4:55:AB:96:20,-48
BLE,1704635202654707519,D3:F4:55:AB:96:20,-63
BLE,1704635202966750926,DF:DF:EE:00:00:04,-54
BLE,1704635203237271878,D3:F4:55:AB:96:20,-63
BLE,1704635203238749912,D3:F4:55:AB:96:20,-63
BLE,1704635203429717145,D3:F4:55:AB:96:20,-62
BLE,1704635203504288556,DF:DF:EE:00:00:04,-55
BLE,1704635203790506136,DF:A6:DC:DC:2E:81,-84
BLE,1704635203790543803,DF:DF:EE:00:00:01,-84
BLE,1704635203825318375,D3:F4:55:AB:96:20,-63
BLE,1704635203966977027,DF:DF:EE:00:00:04,-56
BLE,1704635204019070177,D3:F4:55:AB:96:20,-64
BLE,1704635204208139462,D3:F4:55:AB:96:20,-63
BLE,1704635204398616156,D3:F4:55:AB:96:20,-63
BLE,1704635204589549806,D3:F4:55:AB:96:20,-64
BLE,1704635204777953094,D3:F4:55:AB:96:20,-63
BLE,1704635204975056546,D3:F4:55:AB:96:20,-63
BLE,1704635205164108622,D3:F4:55:AB:96:20,-62
BLE,1704635205246403202,DF:DF:EE:00:00:04,-55
BLE,1704635205355569686,D3:F4:55:AB:96:20,-63
BLE,1704635205550651398,D3:F4:55:AB:96:20,-63
BLE,1704635205746555023,D3:F4:55:AB:96:20,-62
BLE,1704635205936729552,D3:F4:55:AB:96:20,-63
BLE,1704635206318534644,D3:F4:55:AB:96:20,-64
BLE,1704635206511234410,D3:F4:55:AB:96:20,-63
BLE,1704635206524061011,DF:DF:EE:00:00:04,-56
BLE,1704635206708646152,D3:F4:55:AB:96:20,-63
BLE,1704635206900755962,D3:F4:55:AB:96:20,-64
BLE,1704635207059308444,DF:DF:EE:00:00:04,-54
BLE,1704635207094475140,D3:F4:55:AB:96:20,-63
BLE,1704635207292663003,D3:F4:55:AB:96:20,-64
BLE,1704635207478139514,D3:F4:55:AB:96:20,-64
BLE,1704635207671438860,D3:F4:55:AB:96:20,-63
BLE,1704635207863087132,D3:F4:55:AB:96:20,-63
BLE,1704635208058916548,D3:F4:55:AB:96:20,-63
BLE,1704635208245596428,D3:F4:55:AB:96:20,-61
BLE,1704635208437600073,D3:F4:55:AB:96:20,-63
BLE,1704635208520069944,DF:DF:EE:00:00:04,-53
BLE,1704635208624194078,D3:F4:55:AB:96:20,-64
BLE,1704635208820813283,D3:F4:55:AB:96:20,-63
BLE,1704635209014415919,D3:F4:55:AB:96:20,-64
BLE,1704635209204390741,D3:F4:55:AB:96:20,-63
BLE,1704635209398277084,D3:F4:55:AB:96:20,-63
BLE,1704635209589820189,D3:F4:55:AB:96:20,-64
BLE,1704635209782689913,D3:F4:55:AB:96:20,-48
BLE,1704635209799105954,DF:DF:EE:00:00:04,-53
BLE,1704635209977936082,D3:F4:55:AB:96:20,-63
BLE,1704635210171767093,D3:F4:55:AB:96:20,-64
BLE,1704635210335423715,DF:DF:EE:00:00:04,-53
BLE,1704635210358258265,D3:F4:55:AB:96:20,-63
BLE,1704635210551995568,D3:F4:55:AB:96:20,-63
BLE,1704635210740141940,D3:F4:55:AB:96:20,-63
BLE,1704635210803333909,DF:DF:EE:00:00:04,-54
BLE,1704635210936752395,D3:F4:55:AB:96:20,-63
BLE,1704635211130922028,D3:F4:55:AB:96:20,-64
BLE,1704635211321814262,D3:F4:55:AB:96:20,-48
BLE,1704635211337001142,DF:DF:EE:00:00:04,-54
BLE,1704635211516368185,D3:F4:55:AB:96:20,-64
BLE,1704635211798813201,DF:DF:EE:00:00:04,-54
BLE,1704635211903010627,D3:F4:55:AB:96:20,-64
BLE,1704635212089558383,D3:F4:55:AB:96:20,-62
BLE,1704635212279881036,D3:F4:55:AB:96:20,-64
BLE,1704635212473035966,D3:F4:55:AB:96:20,-63
BLE,1704635212867729368,D3:F4:55:AB:96:20,-64
BLE,1704635212869031986,D3:F4:55:AB:96:20,-63
BLE,1704635213077002632,DF:DF:EE:00:00:04,-55
BLE,1704635213253342148,D3:F4:55:AB:96:20,-63
BLE,1704635213439586114,D3:F4:55:AB:96:20,-63
BLE,1704635213630899971,D3:F4:55:AB:96:20,-64
BLE,1704635213824381691,D3:F4:55:AB:96:20,-63
BLE,1704635213984098542,DF:A6:DC:DC:2E:81,-82
BLE,1704635213984125584,DF:DF:EE:00:00:01,-82
BLE,1704635214018969614,D3:F4:55:AB:96:20,-63
BLE,1704635214074487539,DF:DF:EE:00:00:04,-53
BLE,1704635214211423173,D3:F4:55:AB:96:20,-63
BLE,1704635214406803925,D3:F4:55:AB:96:20,-62
BLE,1704635214596508873,D3:F4:55:AB:96:20,-48
BLE,1704635214610607968,DF:DF:EE:00:00:04,-38
BLE,1704635214792236165,D3:F4:55:AB:96:20,-63
BLE,1704635214988921453,D3:F4:55:AB:96:20,-63
BLE,1704635215072115736,DF:DF:EE:00:00:04,-55
BLE,1704635215174625963,D3:F4:55:AB:96:20,-63
BLE,1704635215371227625,D3:F4:55:AB:96:20,-63
BLE,1704635215565613633,D3:F4:55:AB:96:20,-63
BLE,1704635215946119315,D3:F4:55:AB:96:20,-63
BLE,1704635216141504234,D3:F4:55:AB:96:20,-63
BLE,1704635216337002194,D3:F4:55:AB:96:20,-63
BLE,1704635216347020018,DF:DF:EE:00:00:04,-54
BLE,1704635216530918370,D3:F4:55:AB:96:20,-63
BLE,1704635216885747892,DF:DF:EE:00:00:04,-53
BLE,1704635216911519302,D3:F4:55:AB:96:20,-63
BLE,1704635217102454743,D3:F4:55:AB:96:20,-63
BLE,1704635217294541888,D3:F4:55:AB:96:20,-63
BLE,1704635217349554732,DF:DF:EE:00:00:04,-54
BLE,1704635217484637083,D3:F4:55:AB:96:20,-63
BLE,1704635217670784758,D3:F4:55:AB:96:20,-62
BLE,1704635217807117770,DF:A6:DC:DC:2E:81,-83
BLE,1704635217807144270,DF:DF:EE:00:00:01,-83
BLE,1704635217865907262,D3:F4:55:AB:96:20,-63
BLE,1704635217886949404,DF:DF:EE:00:00:04,-55
BLE,1704635218060708767,D3:F4:55:AB:96:20,-64
BLE,1704635218353950394,DF:DF:EE:00:00:04,-53
BLE,1704635218451753062,D3:F4:55:AB:96:20,-63
BLE,1704635218637833403,D3:F4:55:AB:96:20,-64
BLE,1704635218834529357,D3:F4:55:AB:96:20,-63
BLE,1704635218885898345,DF:DF:EE:00:00:04,-53
BLE,1704635219019717411,D3:F4:55:AB:96:20,-63
BLE,1704635219211019643,D3:F4:55:AB:96:20,-64
BLE,1704635219405827148,D3:F4:55:AB:96:20,-63
BLE,1704635219598364915,D3:F4:55:AB:96:20,-63
BLE,1704635219983160867,D3:F4:55:AB:96:20,-63
BLE,1704635220172863440,D3:F4:55:AB:96:20,-63
BLE,1704635220351540777,DF:A6:DC:DC:2E:81,-84
BLE,1704635220351574735,DF:DF:EE:00:00:01,-84
BLE,1704635220565821225,D3:F4:55:AB:96:20,-63
BLE,1704635220628373530,DF:DF:EE:00:00:04,-55
BLE,1704635220752009274,D3:F4:55:AB:96:20,-48
BLE,1704635220940806893,D3:F4:55:AB:96:20,-62
BLE,1704635221137087974,D3:F4:55:AB:96:20,-61
BLE,1704635221332208936,D3:F4:55:AB:96:20,-64
BLE,1704635221517535323,D3:F4:55:AB:96:20,-61
BLE,1704635221709606759,D3:F4:55:AB:96:20,-62
BLE,1704635221899682372,D3:F4:55:AB:96:20,-48
BLE,1704635221902091318,DF:DF:EE:00:00:04,-37
BLE,1704635222089218654,D3:F4:55:AB:96:20,-62
BLE,1704635222283428912,D3:F4:55:AB:96:20,-61
BLE,1704635222474407312,D3:F4:55:AB:96:20,-63
BLE,1704635222665780668,D3:F4:55:AB:96:20,-47
BLE,1704635222855925989,D3:F4:55:AB:96:20,-64
BLE,1704635223175769564,DF:DF:EE:00:00:04,-41
BLE,1704635223241981684,D3:F4:55:AB:96:20,-63
BLE,1704635223619701214,D3:F4:55:AB:96:20,-64
BLE,1704635223814396844,D3:F4:55:AB:96:20,-63
BLE,1704635224009741347,D3:F4:55:AB:96:20,-63
BLE,1704635224172618349,DF:A6:DC:DC:2E:81,-83
BLE,1704635224172652223,DF:DF:EE:00:00:01,-83
BLE,1704635224203733356,D3:F4:55:AB:96:20,-63
BLE,1704635224442540179,DF:DF:EE:00:00:04,-53
BLE,1704635224587003108,D3:F4:55:AB:96:20,-64
BLE,1704635224779417625,D3:F4:55:AB:96:20,-63
BLE,1704635224977138699,D3:F4:55:AB:96:20,-63
BLE,1704635225173043740,D3:F4:55:AB:96:20,-64
BLE,1704635225557833775,D3:F4:55:AB:96:20,-64
BLE,1704635225716631381,DF:DF:EE:00:00:04,-55
BLE,1704635225934588643,D3:F4:55:AB:96:20,-62
BLE,1704635226124622881,D3:F4:55:AB:96:20,-63
BLE,1704635226256944788,DF:DF:EE:00:00:04,-51
BLE,1704635226310993679,D3:F4:55:AB:96:20,-62
BLE,1704635226499860548,D3:F4:55:AB:96:20,-62
BLE,1704635226712020798,DF:DF:EE:00:00:04,-56
BLE,1704635226716681191,DF:A6:DC:DC:2E:81,-72
BLE,1704635226716706941,DF:DF:EE:00:00:01,-72
BLE,1704635226879740192,D3:F4:55:AB:96:20,-48
BLE,1704635227070655883,D3:F4:55:AB:96:20,-64
BLE,1704635227263296816,D3:F4:55:AB:96:20,-62
BLE,1704635227453227763,D3:F4:55:AB:96:20,-64
BLE,1704635227640802222,D3:F4:55:AB:96:20,-61
BLE,1704635227834392400,D3:F4:55:AB:96:20,-63
BLE,1704635227987377202,DF:DF:EE:00:00:04,-55
BLE,1704635228026684751,D3:F4:55:AB:96:20,-63
BLE,1704635228218531230,D3:F4:55:AB:96:20,-63
BLE,1704635228411432370,D3:F4:55:AB:96:20,-64
BLE,1704635228518938238,DF:DF:EE:00:00:04,-53
BLE,1704635228606282375,D3:F4:55:AB:96:20,-63
BLE,1704635228985360814,DF:DF:EE:00:00:04,-54
BLE,1704635228995746803,D3:F4:55:AB:96:20,-64
BLE,1704635229185559042,D3:F4:55:AB:96:20,-63
BLE,1704635229376866940,D3:F4:55:AB:96:20,-64
BLE,1704635229524863976,DF:DF:EE:00:00:04,-55
BLE,1704635229573056647,D3:F4:55:AB:96:20,-63
BLE,1704635229769770351,D3:F4:55:AB:96:20,-63
BLE,1704635229984925044,DF:DF:EE:00:00:04,-55
BLE,1704635230153538891,D3:F4:55:AB:96:20,-64
BLE,1704635230347214152,D3:F4:55:AB:96:20,-63
BLE,1704635230542488821,DF:A6:DC:DC:2E:81,-83
BLE,1704635230542516488,DF:DF:EE:00:00:01,-83
BLE,1704635230737041495,D3:F4:55:AB:96:20,-64
BLE,1704635230924179747,D3:F4:55:AB:96:20,-63
BLE,1704635231118632046,D3:F4:55:AB:96:20,-63
BLE,1704635231258002251,DF:DF:EE:00:00:04,-55
BLE,1704635231304511555,D3:F4:55:AB:96:20,-63
BLE,1704635231499829933,D3:F4:55:AB:96:20,-63
BLE,1704635231882989476,D3:F4:55:AB:96:20,-64
BLE,1704635232073892668,D3:F4:55:AB:96:20,-63
BLE,1704635232457273752,D3:F4:55:AB:96:20,-63
BLE,1704635232520827053,DF:DF:EE:00:00:04,-53
BLE,1704635232847023595,D3:F4:55:AB:96:20,-64
BLE,1704635233225209497,D3:F4:55:AB:96:20,-63
BLE,1704635233420509542,D3:F4:55:AB:96:20,-63
BLE,1704635233617488619,D3:F4:55:AB:96:20,-63
BLE,1704635233792675058,DF:DF:EE:00:00:04,-54
BLE,1704635233805278410,D3:F4:55:AB:96:20,-63
BLE,1704635234197712781,D3:F4:55:AB:96:20,-64
BLE,1704635234337305902,DF:DF:EE:00:00:04,-55
BLE,1704635234364250598,DF:A6:DC:DC:2E:81,-82
BLE,1704635234364275723,DF:DF:EE:00:00:01,-82
BLE,1704635234388985221,D3:F4:55:AB:96:20,-63
BLE,1704635234584972137,D3:F4:55:AB:96:20,-64
BLE,1704635234778072318,D3:F4:55:AB:96:20,-64
BLE,1704635234792457244,DF:DF:EE:00:00:04,-54
BLE,1704635235160287866,D3:F4:55:AB:96:20,-64
BLE,1704635235334940558,DF:DF:EE:00:00:04,-53
BLE,1704635235354755081,D3:F4:55:AB:96:20,-63
BLE,1704635235544810069,D3:F4:55:AB:96:20,-63
BLE,1704635235734490642,D3:F4:55:AB:96:20,-64
BLE,1704635235790641981,DF:DF:EE:00:00:04,-54
BLE,1704635235927272491,D3:F4:55:AB:96:20,-63
BLE,1704635236119974924,D3:F4:55:AB:96:20,-62
BLE,1704635236309047542,D3:F4:55:AB:96:20,-64
BLE,1704635236334456704,DF:DF:EE:00:00:04,-54
BLE,1704635236691104174,D3:F4:55:AB:96:20,-64
BLE,1704635236793021237,DF:DF:EE:00:00:04,-55
BLE,1704635236908106399,DF:A6:DC:DC:2E:81,-82
BLE,1704635236908134816,DF:DF:EE:00:00:01,-82
BLE,1704635237072828100,D3:F4:55:AB:96:20,-64
BLE,1704635237330274702,DF:DF:EE:00:00:04,-54
BLE,1704635237644454514,D3:F4:55:AB:96:20,-63
BLE,1704635237797815939,DF:DF:EE:00:00:04,-53
BLE,1704635237834400753,D3:F4:55:AB:96:20,-63
BLE,1704635238026802895,D3:F4:55:AB:96:20,-64
BLE,1704635238212398989,D3:F4:55:AB:96:20,-62
BLE,1704635238411262932,D3:F4:55:AB:96:20,-63
BLE,1704635238606334144,D3:F4:55:AB:96:20,-63
BLE,1704635238798120373,D3:F4:55:AB:96:20,-63
BLE,1704635238989438646,D3:F4:55:AB:96:20,-64
BLE,1704635239181018126,D3:F4:55:AB:96:20,-63
BLE,1704635239332792268,DF:DF:EE:00:00:04,-54
BLE,1704635239373080229,D3:F4:55:AB:96:20,-63
BLE,1704635239374398680,D3:F4:55:AB:96:20,-63
BLE,1704635239403055201,DF:DF:EE:00:00:04,-54
BLE,1704635239454495688,DF:A6:DC:DC:2E:81,-82
BLE,1704635239454522813,DF:DF:EE:00:00:01,-82
BLE,1704635239569955765,D3:F4:55:AB:96:20,-63
BLE,1704635239764704896,D3:F4:55:AB:96:20,-63
BLE,1704635239829958729,DF:DF:EE:00:00:04,-54
BLE,1704635239958042325,D3:F4:55:AB:96:20,-62
BLE,1704635239959401693,D3:F4:55:AB:96:20,-63
BLE,1704635240298934209,DF:DF:EE:00:00:04,-56
BLE,1704635240338720631,D3:F4:55:AB:96:20,-64
BLE,1704635240839441491,DF:DF:EE:00:00:04,-55
BLE,1704635240915994683,D3:F4:55:AB:96:20,-64
BLE,1704635241105294633,D3:F4:55:AB:96:20,-63
BLE,1704635241106659918,D3:F4:55:AB:96:20,-63
BLE,1704635241291880722,DF:DF:EE:00:00:04,-54
BLE,1704635241481951627,D3:F4:55:AB:96:20,-64
BLE,1704635241874730871,D3:F4:55:AB:96:20,-63
BLE,1704635242063090659,D3:F4:55:AB:96:20,-64
BLE,1704635242260620942,D3:F4:55:AB:96:20,-63
BLE,1704635242450432765,D3:F4:55:AB:96:20,-64
BLE,1704635242570019029,DF:DF:EE:00:00:04,-55
BLE,1704635242641454039,D3:F4:55:AB:96:20,-63
BLE,1704635242828585959,D3:F4:55:AB:96:20,-63
BLE,1704635243022030221,D3:F4:55:AB:96:20,-63
BLE,1704635243215722065,D3:F4:55:AB:96:20,-64
BLE,1704635243409413993,D3:F4:55:AB:96:20,-63
BLE,1704635243602397841,D3:F4:55:AB:96:20,-64
BLE,1704635243846079638,DF:DF:EE:00:00:04,-54
BLE,1704635243981294906,D3:F4:55:AB:96:20,-62
BLE,1704635244177566195,D3:F4:55:AB:96:20,-63
BLE,1704635244536938735,DF:A6:DC:DC:2E:81,-83
BLE,1704635244536980152,DF:DF:EE:00:00:01,-83
BLE,1704635244572462512,D3:F4:55:AB:96:20,-63
BLE,1704635244951213745,D3:F4:55:AB:96:20,-63
BLE,1704635245120171590,DF:DF:EE:00:00:04,-38
BLE,1704635245334011707,D3:F4:55:AB:96:20,-64
BLE,1704635245525052064,D3:F4:55:AB:96:20,-62
BLE,1704635245722899762,D3:F4:55:AB:96:20,-63
BLE,1704635245916346233,D3:F4:55:AB:96:20,-64
BLE,1704635246111296862,D3:F4:55:AB:96:20,-63
BLE,1704635246309803515,D3:F4:55:AB:96:20,-63
BLE,1704635246396253741,DF:DF:EE:00:00:04,-54
BLE,1704635246505680682,D3:F4:55:AB:96:20,-48
BLE,1704635246694866132,D3:F4:55:AB:96:20,-62
BLE,1704635246932002463,DF:DF:EE:00:00:04,-54
BLE,1704635247471726874,D3:F4:55:AB:96:20,-62
BLE,1704635247667946414,D3:F4:55:AB:96:20,-63
BLE,1704635248055799141,D3:F4:55:AB:96:20,-62
BLE,1704635248442358667,D3:F4:55:AB:96:20,-63
BLE,1704635248669698423,DF:DF:EE:00:00:04,-54
BLE,1704635248823329889,D3:F4:55:AB:96:20,-63
BLE,1704635248824666215,D3:F4:55:AB:96:20,-63
BLE,1704635249015136784,D3:F4:55:AB:96:20,-63
BLE,1704635249399074574,D3:F4:55:AB:96:20,-61
BLE,1704635249592437211,D3:F4:55:AB:96:20,-63
BLE,1704635249625331043,DF:A6:DC:DC:2E:81,-82
BLE,1704635249625356793,DF:DF:EE:00:00:01,-82
BLE,1704635249787703256,D3:F4:55:AB:96:20,-64
BLE,1704635249937563699,DF:DF:EE:00:00:04,-54
BLE,1704635249982537594,D3:F4:55:AB:96:20,-63
BLE,1704635250172714040,D3:F4:55:AB:96:20,-64
BLE,1704635250364957892,D3:F4:55:AB:96:20,-62
BLE,1704635250560285436,D3:F4:55:AB:96:20,-63
BLE,1704635250750493756,D3:F4:55:AB:96:20,-63
BLE,1704635250941231824,D3:F4:55:AB:96:20,-63
BLE,1704635251128773033,D3:F4:55:AB:96:20,-63
BLE,1704635251319557267,D3:F4:55:AB:96:20,-64
BLE,1704635251512644364,D3:F4:55:AB:96:20,-63
BLE,1704635251755070585,DF:DF:EE:00:00:04,-55
BLE,1704635251904742320,D3:F4:55:AB:96:20,-64
BLE,1704635252280105154,D3:F4:55:AB:96:20,-63
BLE,1704635252661402415,D3:F4:55:AB:96:20,-64
BLE,1704635253237223558,D3:F4:55:AB:96:20,-63
BLE,1704635253425865178,D3:F4:55:AB:96:20,-61
BLE,1704635253485955413,DF:DF:EE:00:00:04,-55
BLE,1704635253618402820,D3:F4:55:AB:96:20,-63
BLE,1704635254188076244,D3:F4:55:AB:96:20,-63
BLE,1704635254386429398,D3:F4:55:AB:96:20,-63
BLE,1704635254492845563,DF:DF:EE:00:00:04,-54
BLE,1704635254772377302,D3:F4:55:AB:96:20,-63
BLE,1704635254964602946,D3:F4:55:AB:96:20,-64
BLE,1704635255159167077,D3:F4:55:AB:96:20,-63
BLE,1704635255548955920,D3:F4:55:AB:96:20,-63
BLE,1704635255740433484,D3:F4:55:AB:96:20,-63
BLE,1704635255768132926,DF:DF:EE:00:00:04,-53
BLE,1704635255769689251,DF:DF:EE:00:00:04,-55
BLE,1704635255935228739,D3:F4:55:AB:96:20,-64
BLE,1704635256126631303,D3:F4:55:AB:96:20,-63
BLE,1704635256310916987,DF:DF:EE:00:00:04,-53
BLE,1704635256515334777,D3:F4:55:AB:96:20,-64
BLE,1704635256709029496,D3:F4:55:AB:96:20,-63
BLE,1704635256767946237,DF:DF:EE:00:00:04,-54
BLE,1704635256898581653,D3:F4:55:AB:96:20,-64
BLE,1704635257092692829,D3:F4:55:AB:96:20,-62
BLE,1704635257275465562,DF:A6:DC:DC:2E:81,-83
BLE,1704635257275508395,DF:DF:EE:00:00:01,-83
BLE,1704635257301672220,DF:DF:EE:00:00:04,-56
BLE,1704635257488350517,D3:F4:55:AB:96:20,-64
BLE,1704635257676441264,D3:F4:55:AB:96:20,-63
BLE,1704635257769704163,DF:DF:EE:00:00:04,-53
BLE,1704635257867203374,D3:F4:55:AB:96:20,-62
BLE,1704635258057992858,D3:F4:55:AB:96:20,-63
BLE,1704635258250299042,D3:F4:55:AB:96:20,-63
BLE,1704635258443968345,D3:F4:55:AB:96:20,-63
BLE,1704635258833702688,D3:F4:55:AB:96:20,-64
BLE,1704635259022925014,D3:F4:55:AB:96:20,-63
BLE,1704635259038265060,DF:DF:EE:00:00:04,-54
BLE,1704635259214884533,D3:F4:55:AB:96:20,-64
BLE,1704635259408404045,D3:F4:55:AB:96:20,-63
BLE,1704635259579824628,DF:DF:EE:00:00:04,-54
BLE,1704635259799259591,D3:F4:55:AB:96:20,-64
BLE,1704635259815650257,DF:A6:DC:DC:2E:81,-82
BLE,1704635259815674757,DF:DF:EE:00:00:01,-82
BLE,1704635259989391412,D3:F4:55:AB:96:20,-63
BLE,1704635260038888034,DF:DF:EE:00:00:04,-53
BLE,1704635260183002048,D3:F4:55:AB:96:20,-63
BLE,1704635260377279056,D3:F4:55:AB:96:20,-63
BLE,1704635260579078942,DF:DF:EE:00:00:04,-53
BLE,1704635260759092315,D3:F4:55:AB:96:20,-63
BLE,1704635260950373130,D3:F4:55:AB:96:20,-64
BLE,1704635261044011068,DF:DF:EE:00:00:04,-55
BLE,1704635261142991229,D3:F4:55:AB:96:20,-63
BLE,1704635261333454340,D3:F4:55:AB:96:20,-64
BLE,1704635261527274767,D3:F4:55:AB:96:20,-64
BLE,1704635261585139597,DF:DF:EE:00:00:04,-55
BLE,1704635261721269527,D3:F4:55:AB:96:20,-63
BLE,1704635262103849865,D3:F4:55:AB:96:20,-64
BLE,1704635262291991987,D3:F4:55:AB:96:20,-63
BLE,1704635262486401953,D3:F4:55:AB:96:20,-63
BLE,1704635262681819372,D3:F4:55:AB:96:20,-64
BLE,1704635262875215634,D3:F4:55:AB:96:20,-63
BLE,1704635263037855512,DF:DF:EE:00:00:04,-54
BLE,1704635263073519246,D3:F4:55:AB:96:20,-63
BLE,1704635263261039372,D3:F4:55:AB:96:20,-64
BLE,1704635263452812185,D3:F4:55:AB:96:20,-63
BLE,1704635263586577960,DF:DF:EE:00:00:04,-54
BLE,1704635263638718402,D3:F4:55:AB:96:20,-63
BLE,1704635263832364496,D3:F4:55:AB:96:20,-63
BLE,1704635264020381828,D3:F4:55:AB:96:20,-62
BLE,1704635264404927406,D3:F4:55:AB:96:20,-64
BLE,1704635264598177961,D3:F4:55:AB:96:20,-63
BLE,1704635264790522937,D3:F4:55:AB:96:20,-63
BLE,1704635264902884613,DF:A6:DC:DC:2E:81,-82
BLE,1704635264902916113,DF:DF:EE:00:00:01,-82
BLE,1704635264981224088,D3:F4:55:AB:96:20,-63
BLE,1704635265173683272,D3:F4:55:AB:96:20,-47
BLE,1704635265174960557,D3:F4:55:AB:96:20,-48
BLE,1704635265370284976,D3:F4:55:AB:96:20,-63
BLE,1704635265567928634,D3:F4:55:AB:96:20,-63
BLE,1704635265756456755,D3:F4:55:AB:96:20,-63
BLE,1704635265948937980,D3:F4:55:AB:96:20,-64
BLE,1704635266139018426,D3:F4:55:AB:96:20,-63
BLE,1704635266179813384,DF:A6:DC:DC:2E:81,-80
BLE,1704635266179840009,DF:DF:EE:00:00:01,-80
BLE,1704635266335812546,D3:F4:55:AB:96:20,-63
BLE,1704635266525536952,D3:F4:55:AB:96:20,-64
BLE,1704635266604565965,DF:DF:EE:00:00:04,-55
BLE,1704635266719863877,D3:F4:55:AB:96:20,-63
BLE,1704635266912993141,D3:F4:55:AB:96:20,-48
BLE,1704635267292932742,D3:F4:55:AB:96:20,-63
BLE,1704635267483529310,D3:F4:55:AB:96:20,-63
BLE,1704635267672464762,D3:F4:55:AB:96:20,-64
BLE,1704635267863009081,D3:F4:55:AB:96:20,-63
BLE,1704635267869211424,DF:DF:EE:00:00:04,-54
BLE,1704635268239906865,D3:F4:55:AB:96:20,-62
BLE,1704635268433161711,D3:F4:55:AB:96:20,-63
BLE,1704635268723702394,DF:A6:DC:DC:2E:81,-82
BLE,1704635268723732477,DF:DF:EE:00:00:01,-82
BLE,1704635268822106767,D3:F4:55:AB:96:20,-64
BLE,1704635269206715803,D3:F4:55:AB:96:20,-62
BLE,1704635269776932141,D3:F4:55:AB:96:20,-63
BLE,1704635269970507194,D3:F4:55:AB:96:20,-62
BLE,1704635270159497312,D3:F4:55:AB:96:20,-63
BLE,1704635270417989701,DF:DF:EE:00:00:04,-54
BLE,1704635270541745111,D3:F4:55:AB:96:20,-64
BLE,1704635270733056175,D3:F4:55:AB:96:20,-63
BLE,1704635271115711388,D3:F4:55:AB:96:20,-63
BLE,1704635271268024110,DF:A6:DC:DC:2E:81,-83
BLE,1704635271268054485,DF:DF:EE:00:00:01,-83
BLE,1704635271311560180,D3:F4:55:AB:96:20,-63
BLE,1704635271503679115,D3:F4:55:AB:96:20,-62
BLE,1704635271505012567,D3:F4:55:AB:96:20,-63
BLE,1704635271693209147,DF:DF:EE:00:00:04,-54
BLE,1704635271889128105,D3:F4:55:AB:96:20,-63
BLE,1704635272080698252,D3:F4:55:AB:96:20,-63
BLE,1704635272469111810,D3:F4:55:AB:96:20,-48
BLE,1704635272844992599,D3:F4:55:AB:96:20,-64
BLE,1704635272967852055,DF:DF:EE:00:00:04,-55
BLE,1704635273038458570,D3:F4:55:AB:96:20,-63
BLE,1704635273224445078,D3:F4:55:AB:96:20,-48
BLE,1704635273414399567,D3:F4:55:AB:96:20,-64
BLE,1704635273509742496,DF:DF:EE:00:00:04,-55
BLE,1704635273607104999,D3:F4:55:AB:96:20,-63
BLE,1704635273797233528,D3:F4:55:AB:96:20,-62
BLE,1704635273966621997,DF:DF:EE:00:00:04,-54
BLE,1704635274176735299,D3:F4:55:AB:96:20,-63
BLE,1704635274368363987,D3:F4:55:AB:96:20,-63
BLE,1704635274554618244,D3:F4:55:AB:96:20,-63
BLE,1704635274943218510,D3:F4:55:AB:96:20,-48
BLE,1704635274972982400,DF:DF:EE:00:00:04,-39
BLE,1704635275094876694,DF:A6:DC:DC:2E:81,-84
BLE,1704635275094901610,DF:DF:EE:00:00:01,-84
BLE,1704635275326836093,D3:F4:55:AB:96:20,-63
BLE,1704635275518159824,D3:F4:55:AB:96:20,-63
BLE,1704635275710070886,D3:F4:55:AB:96:20,-64
BLE,1704635276092583849,D3:F4:55:AB:96:20,-63
BLE,1704635276237666567,DF:DF:EE:00:00:04,-43
BLE,1704635276287778977,D3:F4:55:AB:96:20,-64
BLE,1704635276477541883,D3:F4:55:AB:96:20,-47
BLE,1704635276669312071,D3:F4:55:AB:96:20,-63
BLE,1704635276857995732,D3:F4:55:AB:96:20,-64
BLE,1704635277243092141,D3:F4:55:AB:96:20,-63
BLE,1704635277433912000,D3:F4:55:AB:96:20,-64
BLE,1704635277513106137,DF:DF:EE:00:00:04,-55
BLE,1704635277636930046,DF:A6:DC:DC:2E:81,-84
BLE,1704635277636961088,DF:DF:EE:00:00:01,-84
BLE,1704635277829081898,D3:F4:55:AB:96:20,-64
BLE,1704635278017492603,D3:F4:55:AB:96:20,-63
BLE,1704635278211241030,D3:F4:55:AB:96:20,-63
BLE,1704635278397984368,D3:F4:55:AB:96:20,-63
BLE,1704635278591247798,D3:F4:55:AB:96:20,-63
BLE,1704635278785511765,DF:DF:EE:00:00:04,-53
BLE,1704635278973105140,D3:F4:55:AB:96:20,-64
BLE,1704635279168294268,D3:F4:55:AB:96:20,-61
BLE,1704635279359034003,D3:F4:55:AB:96:20,-63
BLE,1704635279549909861,D3:F4:55:AB:96:20,-62
BLE,1704635279935413643,D3:F4:55:AB:96:20,-48
BLE,1704635280128710406,D3:F4:55:AB:96:20,-62
BLE,1704635280316130032,D3:F4:55:AB:96:20,-61
BLE,1704635280596456767,DF:DF:EE:00:00:04,-56
BLE,1704635280709208900,D3:F4:55:AB:96:20,-47
BLE,1704635280897861186,D3:F4:55:AB:96:20,-61
BLE,1704635281058048035,DF:DF:EE:00:00:04,-37
BLE,1704635281458261658,DF:A6:DC:DC:2E:81,-83
BLE,1704635281458314574,DF:DF:EE:00:00:01,-83
BLE,1704635281482164369,D3:F4:55:AB:96:20,-61
BLE,1704635281595733373,DF:DF:EE:00:00:04,-54
BLE,1704635281672341690,D3:F4:55:AB:96:20,-62
BLE,1704635282059607587,D3:F4:55:AB:96:20,-47
BLE,1704635282062906320,DF:DF:EE:00:00:04,-56
BLE,1704635282246149843,D3:F4:55:AB:96:20,-62
BLE,1704635282601673653,DF:DF:EE:00:00:04,-55
BLE,1704635282812805991,D3:F4:55:AB:96:20,-62
BLE,1704635283065043620,DF:DF:EE:00:00:04,-54
BLE,1704635283387795222,D3:F4:55:AB:96:20,-64
BLE,1704635283959882217,D3:F4:55:AB:96:20,-62
BLE,1704635284340667398,DF:DF:EE:00:00:04,-49
BLE,1704635284353017543,D3:F4:55:AB:96:20,-59
BLE,1704635284548160130,D3:F4:55:AB:96:20,-48
BLE,1704635284925614952,D3:F4:55:AB:96:20,-63
BLE,1704635285118342135,D3:F4:55:AB:96:20,-63
BLE,1704635285310124281,D3:F4:55:AB:96:20,-61
BLE,1704635285504725995,D3:F4:55:AB:96:20,-64
BLE,1704635285615612387,DF:DF:EE:00:00:04,-39
BLE,1704635285697579844,D3:F4:55:AB:96:20,-62
BLE,1704635286087797143,D3:F4:55:AB:96:20,-63
BLE,1704635286280672533,D3:F4:55:AB:96:20,-62
BLE,1704635286470829062,D3:F4:55:AB:96:20,-64
BLE,1704635286858144126,D3:F4:55:AB:96:20,-47
BLE,1704635288395115027,D3:F4:55:AB:96:20,-54
BLE,1704635288430069182,DF:DF:EE:00:00:04,-55
BLE,1704635288584675893,D3:F4:55:AB:96:20,-64
BLE,1704635288779371190,D3:F4:55:AB:96:20,-62
BLE,1704635288888162010,DF:DF:EE:00:00:04,-53
BLE,1704635288970793921,D3:F4:55:AB:96:20,-62
BLE,1704635289167751499,D3:F4:55:AB:96:20,-62
BLE,1704635289357936777,D3:F4:55:AB:96:20,-62
BLE,1704635289745678131,D3:F4:55:AB:96:20,-62
BLE,1704635290125048360,D3:F4:55:AB:96:20,-61
BLE,1704635290173340614,DF:DF:EE:00:00:04,-55
BLE,1704635290315997719,D3:F4:55:AB:96:20,-58
BLE,1704635290504765463,D3:F4:55:AB:96:20,-61
BLE,1704635290695299365,D3:F4:55:AB:96:20,-62
BLE,1704635290890778617,D3:F4:55:AB:96:20,-62
BLE,1704635291277947056,D3:F4:55:AB:96:20,-62
BLE,1704635291445274244,DF:DF:EE:00:00:04,-55
BLE,1704635291467069049,D3:F4:55:AB:96:20,-64
BLE,1704635291655503378,D3:F4:55:AB:96:20,-61
BLE,1704635291850166051,D3:F4:55:AB:96:20,-64
BLE,1704635291978815561,DF:DF:EE:00:00:04,-55
BLE,1704635292044176810,D3:F4:55:AB:96:20,-62
BLE,1704635292427287437,D3:F4:55:AB:96:20,-64
BLE,1704635292438161465,DF:DF:EE:00:00:04,-39
BLE,1704635292618953167,D3:F4:55:AB:96:20,-61
BLE,1704635293002910665,D3:F4:55:AB:96:20,-62
BLE,1704635293197477421,D3:F4:55:AB:96:20,-64
BLE,1704635293438573190,DF:DF:EE:00:00:04,-54
BLE,1704635293976043487,DF:DF:EE:00:00:04,-54
BLE,1704635294350252410,D3:F4:55:AB:96:20,-61
BLE,1704635294441918983,DF:DF:EE:00:00:04,-54
BLE,1704635294542630219,D3:F4:55:AB:96:20,-63
BLE,1704635294736367855,D3:F4:55:AB:96:20,-61
BLE,1704635294926155302,D3:F4:55:AB:96:20,-48
BLE,1704635294977284333,DF:DF:EE:00:00:04,-55
BLE,1704635295117295659,D3:F4:55:AB:96:20,-62
BLE,1704635295315547397,D3:F4:55:AB:96:20,-63
BLE,1704635295438980017,DF:DF:EE:00:00:04,-54
BLE,1704635295475682788,DF:A6:DC:DC:2E:81,-85
BLE,1704635295475696038,DF:DF:EE:00:00:01,-85
BLE,1704635295513412887,D3:F4:55:AB:96:20,-64
BLE,1704635295706406776,D3:F4:55:AB:96:20,-62
BLE,1704635295900747659,D3:F4:55:AB:96:20,-64
BLE,1704635295975990858,DF:DF:EE:00:00:04,-38
BLE,1704635296286010483,D3:F4:55:AB:96:20,-61
BLE,1704635296474888935,D3:F4:55:AB:96:20,-62
BLE,1704635296669567566,D3:F4:55:AB:96:20,-62
BLE,1704635297059500533,D3:F4:55:AB:96:20,-48
BLE,1704635297250916598,D3:F4:55:AB:96:20,-64
BLE,1704635297630704992,D3:F4:55:AB:96:20,-63
BLE,1704635297816965166,D3:F4:55:AB:96:20,-64
BLE,1704635298008704103,D3:F4:55:AB:96:20,-63
BLE,1704635298019879963,DF:A6:DC:DC:2E:81,-81
BLE,1704635298019894546,DF:DF:EE:00:00:01,-81
BLE,1704635298204069605,D3:F4:55:AB:96:20,-62
BLE,1704635298250960866,DF:DF:EE:00:00:04,-54
BLE,1704635298401054225,D3:F4:55:AB:96:20,-61
BLE,1704635298591564793,D3:F4:55:AB:96:20,-62
BLE,1704635298715760201,DF:DF:EE:00:00:04,-52
BLE,1704635298979581187,D3:F4:55:AB:96:20,-64
BLE,1704635299167659518,D3:F4:55:AB:96:20,-52
BLE,1704635299364642054,D3:F4:55:AB:96:20,-64
BLE,1704635299550851228,D3:F4:55:AB:96:20,-61
BLE,1704635299716246259,DF:DF:EE:00:00:04,-53
BLE,1704635299745514026,D3:F4:55:AB:96:20,-64
BLE,1704635299941045819,D3:F4:55:AB:96:20,-62
BLE,1704635300251288818,DF:DF:EE:00:00:04,-53
BLE,1704635300705797206,D3:F4:55:AB:96:20,-62
BLE,1704635300713065127,DF:DF:EE:00:00:04,-55
BLE,1704635301093305935,D3:F4:55:AB:96:20,-64
BLE,1704635301283402631,D3:F4:55:AB:96:20,-61
BLE,1704635301472933538,D3:F4:55:AB:96:20,-62
BLE,1704635301667341837,D3:F4:55:AB:96:20,-61
BLE,1704635301857776532,D3:F4:55:AB:96:20,-47
BLE,1704635301995803993,DF:DF:EE:00:00:04,-40
BLE,1704635302242124444,D3:F4:55:AB:96:20,-62
BLE,1704635302995460722,DF:DF:EE:00:00:04,-54
BLE,1704635303205047610,D3:F4:55:AB:96:20,-62
BLE,1704635303400372904,D3:F4:55:AB:96:20,-52
BLE,1704635303536043253,DF:DF:EE:00:00:04,-53
BLE,1704635303597874396,D3:F4:55:AB:96:20,-61
BLE,1704635303796492673,D3:F4:55:AB:96:20,-62
BLE,1704635303984548838,D3:F4:55:AB:96:20,-63
BLE,1704635303990785848,DF:DF:EE:00:00:04,-55
BLE,1704635304179767258,D3:F4:55:AB:96:20,-63
BLE,1704635304374514847,D3:F4:55:AB:96:20,-53
BLE,1704635304388733149,DF:A6:DC:DC:2E:81,-82
BLE,1704635304388746107,DF:DF:EE:00:00:01,-82
BLE,1704635304570886302,D3:F4:55:AB:96:20,-58
BLE,1704635304959941691,D3:F4:55:AB:96:20,-62
BLE,1704635305152354375,D3:F4:55:AB:96:20,-61
BLE,1704635305347536961,D3:F4:55:AB:96:20,-64
BLE,1704635305735727021,D3:F4:55:AB:96:20,-61
BLE,1704635305808424108,DF:DF:EE:00:00:04,-54
BLE,1704635305933412053,D3:F4:55:AB:96:20,-54
BLE,1704635306122187922,D3:F4:55:AB:96:20,-62
BLE,1704635306264881485,DF:DF:EE:00:00:04,-54
BLE,1704635306314410691,D3:F4:55:AB:96:20,-64
BLE,1704635306500325075,D3:F4:55:AB:96:20,-62
BLE,1704635306696597406,D3:F4:55:AB:96:20,-62
BLE,1704635306888575176,D3:F4:55:AB:96:20,-61
BLE,1704635306929672091,DF:A6:DC:DC:2E:81,-81
BLE,1704635306929697091,DF:DF:EE:00:00:01,-81
BLE,1704635307461131585,D3:F4:55:AB:96:20,-64
BLE,1704635307650966324,D3:F4:55:AB:96:20,-48
BLE,1704635308046805261,D3:F4:55:AB:96:20,-64
BLE,1704635308436788811,D3:F4:55:AB:96:20,-61
BLE,1704635308635675504,D3:F4:55:AB:96:20,-59
BLE,1704635308822869965,D3:F4:55:AB:96:20,-61
BLE,1704635309015120733,D3:F4:55:AB:96:20,-48
BLE,1704635309400624015,D3:F4:55:AB:96:20,-47
BLE,1704635309473554517,DF:A6:DC:DC:2E:81,-72
BLE,1704635309473583225,DF:DF:EE:00:00:01,-72
BLE,1704635309595051064,D3:F4:55:AB:96:20,-64
BLE,1704635309982122462,D3:F4:55:AB:96:20,-62
BLE,1704635310171124955,D3:F4:55:AB:96:20,-62
BLE,1704635310364824549,D3:F4:55:AB:96:20,-63
BLE,1704635310938307954,D3:F4:55:AB:96:20,-61
BLE,1704635311077316578,DF:DF:EE:00:00:04,-55
BLE,1704635311133955039,D3:F4:55:AB:96:20,-64
BLE,1704635311324803564,D3:F4:55:AB:96:20,-62
BLE,1704635311703920295,D3:F4:55:AB:96:20,-53
BLE,1704635311897486556,D3:F4:55:AB:96:20,-62
BLE,1704635312016089659,DF:A6:DC:DC:2E:81,-84
BLE,1704635312016137950,DF:DF:EE:00:00:01,-84
BLE,1704635312093624513,D3:F4:55:AB:96:20,-62
BLE,1704635312285314326,D3:F4:55:AB:96:20,-62
BLE,1704635312356362421,DF:DF:EE:00:00:04,-53
BLE,1704635312667614040,D3:F4:55:AB:96:20,-61
BLE,1704635312860627055,D3:F4:55:AB:96:20,-70
BLE,1704635312891367523,DF:DF:EE:00:00:04,-55
BLE,1704635313353993577,DF:DF:EE:00:00:04,-54
BLE,1704635313898741254,DF:DF:EE:00:00:04,-55
BLE,1704635314207036013,D3:F4:55:AB:96:20,-48
BLE,1704635314355646587,DF:DF:EE:00:00:04,-38
BLE,1704635314591512550,D3:F4:55:AB:96:20,-63
BLE,1704635314894552669,DF:DF:EE:00:00:04,-54
BLE,1704635315348579850,DF:DF:EE:00:00:04,-53
BLE,1704635315365733638,D3:F4:55:AB:96:20,-62
BLE,1704635315757669928,D3:F4:55:AB:96:20,-63
BLE,1704635316146096486,D3:F4:55:AB:96:20,-64
BLE,1704635316528466867,D3:F4:55:AB:96:20,-47
BLE,1704635316631835048,DF:DF:EE:00:00:04,-54
BLE,1704635316719680266,D3:F4:55:AB:96:20,-61
BLE,1704635316912393282,D3:F4:55:AB:96:20,-64
BLE,1704635317170463755,DF:DF:EE:00:00:04,-53
BLE,1704635317627381881,DF:DF:EE:00:00:04,-54
BLE,1704635317879806133,D3:F4:55:AB:96:20,-64
BLE,1704635318451139049,D3:F4:55:AB:96:20,-62
BLE,1704635318645312391,D3:F4:55:AB:96:20,-47
BLE,1704635318838364613,D3:F4:55:AB:96:20,-62
BLE,1704635318908768546,DF:DF:EE:00:00:04,-54
BLE,1704635319031047254,D3:F4:55:AB:96:20,-64
BLE,1704635319217461094,D3:F4:55:AB:96:20,-47
BLE,1704635319447132880,DF:DF:EE:00:00:04,-54
BLE,1704635319597313196,D3:F4:55:AB:96:20,-64
BLE,1704635319793612527,D3:F4:55:AB:96:20,-64
BLE,1704635319907371696,DF:DF:EE:00:00:04,-56
BLE,1704635319988256158,D3:F4:55:AB:96:20,-48
BLE,1704635320183883576,D3:F4:55:AB:96:20,-63
BLE,1704635320768540132,D3:F4:55:AB:96:20,-52
BLE,1704635321347494676,D3:F4:55:AB:96:20,-62
BLE,1704635321543104635,D3:F4:55:AB:96:20,-62
BLE,1704635321736243857,D3:F4:55:AB:96:20,-61
BLE,1704635322124437500,D3:F4:55:AB:96:20,-63
BLE,1704635322314306322,D3:F4:55:AB:96:20,-62
BLE,1704635322703169420,D3:F4:55:AB:96:20,-61
BLE,1704635322899761624,D3:F4:55:AB:96:20,-62
BLE,1704635323091945518,D3:F4:55:AB:96:20,-64
BLE,1704635323282656086,D3:F4:55:AB:96:20,-63
BLE,1704635323469744797,D3:F4:55:AB:96:20,-69
BLE,1704635323666058461,D3:F4:55:AB:96:20,-47
BLE,1704635324251912720,D3:F4:55:AB:96:20,-62
BLE,1704635324437630896,D3:F4:55:AB:96:20,-61
BLE,1704635324831868050,D3:F4:55:AB:96:20,-64
BLE,1704635325011554507,DF:DF:EE:00:00:04,-40
BLE,1704635325026605972,D3:F4:55:AB:96:20,-62
BLE,1704635325410177930,D3:F4:55:AB:96:20,-62
BLE,1704635325798669988,D3:F4:55:AB:96:20,-62
BLE,1704635325988750226,D3:F4:55:AB:96:20,-63
BLE,1704635326178567590,D3:F4:55:AB:96:20,-62
BLE,1704635326558544816,D3:F4:55:AB:96:20,-62
BLE,1704635326749166759,D3:F4:55:AB:96:20,-48
BLE,1704635326827798274,DF:DF:EE:00:00:04,-55
BLE,1704635326936578177,D3:F4:55:AB:96:20,-61
BLE,1704635327134077085,D3:F4:55:AB:96:20,-62
BLE,1704635327287408594,DF:DF:EE:00:00:04,-40
BLE,1704635327332718196,D3:F4:55:AB:96:20,-63
BLE,1704635327517615419,D3:F4:55:AB:96:20,-52
BLE,1704635327715046702,D3:F4:55:AB:96:20,-64
BLE,1704635327823727397,DF:DF:EE:00:00:04,-55
BLE,1704635327908833504,D3:F4:55:AB:96:20,-63
BLE,1704635328284901626,DF:DF:EE:00:00:04,-54
BLE,1704635328484610147,D3:F4:55:AB:96:20,-61
BLE,1704635328674274512,D3:F4:55:AB:96:20,-64
BLE,1704635328866412781,D3:F4:55:AB:96:20,-61
BLE,1704635329057491930,D3:F4:55:AB:96:20,-63
BLE,1704635329436646494,D3:F4:55:AB:96:20,-48
BLE,1704635329565104338,DF:DF:EE:00:00:04,-54
BLE,1704635329627596519,D3:F4:55:AB:96:20,-63
BLE,1704635329823632643,D3:F4:55:AB:96:20,-64
BLE,1704635330399697118,D3:F4:55:AB:96:20,-62
BLE,1704635330589581024,D3:F4:55:AB:96:20,-64
BLE,1704635330782994411,D3:F4:55:AB:96:20,-62
BLE,1704635330833022447,DF:DF:EE:00:00:04,-54
BLE,1704635331560147609,D3:F4:55:AB:96:20,-64
BLE,1704635331941894493,D3:F4:55:AB:96:20,-64
BLE,1704635332137659910,D3:F4:55:AB:96:20,-63
BLE,1704635332526545633,D3:F4:55:AB:96:20,-53
BLE,1704635332902342047,D3:F4:55:AB:96:20,-63
BLE,1704635333094530774,D3:F4:55:AB:96:20,-64
BLE,1704635333291794100,D3:F4:55:AB:96:20,-48
BLE,1704635333379649693,DF:DF:EE:00:00:04,-55
BLE,1704635333636796755,DF:A6:DC:DC:2E:81,-84
BLE,1704635333636835755,DF:DF:EE:00:00:01,-84
BLE,1704635333680935738,D3:F4:55:AB:96:20,-63
BLE,1704635333879009893,D3:F4:55:AB:96:20,-63
BLE,1704635334068946673,D3:F4:55:AB:96:20,-61
BLE,1704635334258552163,D3:F4:55:AB:96:20,-64
BLE,1704635334448409986,D3:F4:55:AB:96:20,-62
BLE,1704635334641380708,D3:F4:55:AB:96:20,-63
BLE,1704635334664838547,DF:DF:EE:00:00:04,-55
BLE,1704635335026843823,D3:F4:55:AB:96:20,-63
BLE,1704635335416668875,D3:F4:55:AB:96:20,-62
BLE,1704635335804053980,D3:F4:55:AB:96:20,-64
BLE,1704635335998685278,D3:F4:55:AB:96:20,-62
BLE,1704635336183811332,DF:A6:DC:DC:2E:81,-82
BLE,1704635336183857790,DF:DF:EE:00:00:01,-82
BLE,1704635336384588182,D3:F4:55:AB:96:20,-62
BLE,1704635336573412968,D3:F4:55:AB:96:20,-62
BLE,1704635336767664351,D3:F4:55:AB:96:20,-61
BLE,1704635336959458788,D3:F4:55:AB:96:20,-63
BLE,1704635337155784202,D3:F4:55:AB:96:20,-48
BLE,1704635337211671500,DF:DF:EE:00:00:04,-56
BLE,1704635337461528183,DF:A6:DC:DC:2E:81,-85
BLE,1704635337461562557,DF:DF:EE:00:00:01,-85
BLE,1704635337542163313,D3:F4:55:AB:96:20,-64
BLE,1704635337543498931,D3:F4:55:AB:96:20,-64
BLE,1704635337928201508,D3:F4:55:AB:96:20,-64
BLE,1704635338313272500,D3:F4:55:AB:96:20,-48
BLE,1704635338484017795,DF:DF:EE:00:00:04,-52
BLE,1704635338505589976,D3:F4:55:AB:96:20,-48
BLE,1704635338699024072,D3:F4:55:AB:96:20,-61
BLE,1704635338898586636,D3:F4:55:AB:96:20,-63
BLE,1704635339015695705,DF:DF:EE:00:00:04,-54
BLE,1704635339085103725,D3:F4:55:AB:96:20,-62
BLE,1704635339277516409,D3:F4:55:AB:96:20,-64
BLE,1704635339463767500,D3:F4:55:AB:96:20,-61
BLE,1704635339479103505,DF:DF:EE:00:00:04,-55
BLE,1704635340016033097,DF:DF:EE:00:00:04,-53
BLE,1704635340226085482,D3:F4:55:AB:96:20,-62
BLE,1704635340419258121,D3:F4:55:AB:96:20,-62
BLE,1704635340609777815,D3:F4:55:AB:96:20,-64
BLE,1704635340800146551,D3:F4:55:AB:96:20,-64
BLE,1704635341017720023,DF:DF:EE:00:00:04,-38
BLE,1704635341373638664,D3:F4:55:AB:96:20,-62
BLE,1704635341475426936,DF:DF:EE:00:00:04,-53
BLE,1704635341763435674,D3:F4:55:AB:96:20,-61
BLE,1704635341955445568,D3:F4:55:AB:96:20,-62
BLE,1704635342141584159,D3:F4:55:AB:96:20,-62
BLE,1704635342334275300,D3:F4:55:AB:96:20,-48
BLE,1704635342479040103,DF:DF:EE:00:00:04,-53
BLE,1704635342526331361,D3:F4:55:AB:96:20,-61
BLE,1704635343015692487,DF:DF:EE:00:00:04,-55
BLE,1704635343296592011,D3:F4:55:AB:96:20,-62
BLE,1704635344013285393,DF:DF:EE:00:00:04,-66
BLE,1704635344523435455,DF:DF:EE:00:00:04,-55
BLE,1704635344829154144,D3:F4:55:AB:96:20,-62
BLE,1704635345017746181,D3:F4:55:AB:96:20,-62
BLE,1704635345204400019,D3:F4:55:AB:96:20,-48
BLE,1704635345594337737,D3:F4:55:AB:96:20,-62
BLE,1704635346166458982,D3:F4:55:AB:96:20,-62
BLE,1704635346748674550,D3:F4:55:AB:96:20,-63
BLE,1704635346936587341,D3:F4:55:AB:96:20,-48
BLE,1704635347319671760,D3:F4:55:AB:96:20,-62
BLE,1704635347893772786,D3:F4:55:AB:96:20,-64
BLE,1704635348086762218,D3:F4:55:AB:96:20,-61
BLE,1704635348280849643,D3:F4:55:AB:96:20,-63
BLE,1704635348526786262,DF:DF:EE:00:00:04,-56
BLE,1704635349044367203,D3:F4:55:AB:96:20,-47
BLE,1704635349233711236,D3:F4:55:AB:96:20,-48
BLE,1704635349425169133,D3:F4:55:AB:96:20,-64
BLE,1704635349532466544,DF:DF:EE:00:00:04,-54
BLE,1704635349613677129,D3:F4:55:AB:96:20,-69
BLE,1704635350373655665,D3:F4:55:AB:96:20,-62
BLE,1704635350565140604,D3:F4:55:AB:96:20,-62
BLE,1704635350953570412,D3:F4:55:AB:96:20,-64
BLE,1704635351332899558,D3:F4:55:AB:96:20,-64
BLE,1704635351524708495,D3:F4:55:AB:96:20,-62
BLE,1704635351907984580,D3:F4:55:AB:96:20,-48
BLE,1704635352105497905,D3:F4:55:AB:96:20,-64
BLE,1704635352292908239,D3:F4:55:AB:96:20,-61
BLE,1704635352876392968,D3:F4:55:AB:96:20,-63
BLE,1704635353616844895,DF:DF:EE:00:00:04,-54
BLE,1704635353831352467,D3:F4:55:AB:96:20,-63
BLE,1704635354022355575,D3:F4:55:AB:96:20,-63
BLE,1704635354221109060,D3:F4:55:AB:96:20,-63
BLE,1704635354623035216,DF:DF:EE:00:00:04,-73
BLE,1704635354993799947,D3:F4:55:AB:96:20,-61
BLE,1704635355076274693,DF:DF:EE:00:00:04,-55
BLE,1704635355377046949,D3:F4:55:AB:96:20,-63
BLE,1704635355952992591,D3:F4:55:AB:96:20,-62
BLE,1704635356546967475,DF:A6:DC:DC:2E:81,-82
BLE,1704635356547034308,DF:DF:EE:00:00:01,-82
BLE,1704635356727141221,D3:F4:55:AB:96:20,-62
BLE,1704635357123077783,D3:F4:55:AB:96:20,-64
BLE,1704635357317948871,D3:F4:55:AB:96:20,-63
BLE,1704635357354633142,DF:DF:EE:00:00:04,-53
BLE,1704635357896936123,DF:DF:EE:00:00:04,-48
BLE,1704635358089474098,D3:F4:55:AB:96:20,-63
BLE,1704635358280123833,D3:F4:55:AB:96:20,-62
BLE,1704635358353189543,DF:DF:EE:00:00:04,-55
BLE,1704635358662169632,D3:F4:55:AB:96:20,-62
BLE,1704635359048339035,D3:F4:55:AB:96:20,-63
BLE,1704635359362855846,DF:DF:EE:00:00:04,-55
BLE,1704635360007751094,D3:F4:55:AB:96:20,-47
BLE,1704635360355625526,DF:DF:EE:00:00:04,-55
BLE,1704635360578955844,D3:F4:55:AB:96:20,-64
BLE,1704635360956694790,D3:F4:55:AB:96:20,-47
BLE,1704635361361367224,DF:DF:EE:00:00:04,-55
BLE,1704635361538106488,D3:F4:55:AB:96:20,-63
BLE,1704635361734436235,D3:F4:55:AB:96:20,-64
BLE,1704635361893645506,DF:DF:EE:00:00:04,-55
BLE,1704635361928822243,D3:F4:55:AB:96:20,-62
BLE,1704635362117782486,D3:F4:55:AB:96:20,-65
BLE,1704635362303533704,D3:F4:55:AB:96:20,-62
BLE,1704635362358600506,DF:DF:EE:00:00:04,-54
BLE,1704635362894527936,D3:F4:55:AB:96:20,-63
BLE,1704635362899096455,DF:DF:EE:00:00:04,-55
BLE,1704635362913223549,DF:A6:DC:DC:2E:81,-72
BLE,1704635362913233799,DF:DF:EE:00:00:01,-72
BLE,1704635362971756834,DF:DF:EE:00:00:04,-56
BLE,1704635363088908569,D3:F4:55:AB:96:20,-61
BLE,1704635363287370139,D3:F4:55:AB:96:20,-63
BLE,1704635363670100934,D3:F4:55:AB:96:20,-64
BLE,1704635363856932022,D3:F4:55:AB:96:20,-62
BLE,1704635364047079593,D3:F4:55:AB:96:20,-48
BLE,1704635364244253919,D3:F4:55:AB:96:20,-62
BLE,1704635364635709295,D3:F4:55:AB:96:20,-47
BLE,1704635364665651267,DF:DF:EE:00:00:04,-53
BLE,1704635365389790070,D3:F4:55:AB:96:20,-63
BLE,1704635365584806657,D3:F4:55:AB:96:20,-63
BLE,1704635365966369959,D3:F4:55:AB:96:20,-80
BLE,1704635366542768974,D3:F4:55:AB:96:20,-64
BLE,1704635366735934404,D3:F4:55:AB:96:20,-57
BLE,1704635366930286370,D3:F4:55:AB:96:20,-63
BLE,1704635367120838188,D3:F4:55:AB:96:20,-62
BLE,1704635367407432933,DF:DF:EE:00:00:04,-55
BLE,1704635367505207726,D3:F4:55:AB:96:20,-62
BLE,1704635367506508302,D3:F4:55:AB:96:20,-62
BLE,1704635367696291167,D3:F4:55:AB:96:20,-58
BLE,1704635367885774324,D3:F4:55:AB:96:20,-57
BLE,1704635367944292942,DF:DF:EE:00:00:04,-55
BLE,1704635368267738040,D3:F4:55:AB:96:20,-61
BLE,1704635368404513717,DF:DF:EE:00:00:04,-53
BLE,1704635368844877760,D3:F4:55:AB:96:20,-62
BLE,1704635369038590937,D3:F4:55:AB:96:20,-64
BLE,1704635369408457965,DF:DF:EE:00:00:04,-55
BLE,1704635369947438880,DF:DF:EE:00:00:04,-55
BLE,1704635369997755373,D3:F4:55:AB:96:20,-57
BLE,1704635370381541121,D3:F4:55:AB:96:20,-63
BLE,1704635370538354112,DF:A6:DC:DC:2E:81,-82
BLE,1704635370538392279,DF:DF:EE:00:00:01,-82
BLE,1704635370951191171,D3:F4:55:AB:96:20,-62
BLE,1704635371727004626,D3:F4:55:AB:96:20,-58
BLE,1704635371942149027,DF:DF:EE:00:00:04,-54
BLE,1704635372018659887,DF:DF:EE:00:00:04,-64
BLE,1704635372109737047,D3:F4:55:AB:96:20,-53
BLE,1704635372303379974,D3:F4:55:AB:96:20,-63
BLE,1704635372684583361,D3:F4:55:AB:96:20,-48
BLE,1704635373175423313,DF:DF:EE:00:00:04,-43
BLE,1704635373455566049,D3:F4:55:AB:96:20,-59
BLE,1704635373837414141,D3:F4:55:AB:96:20,-63
BLE,1704635374220977766,D3:F4:55:AB:96:20,-59
BLE,1704635374414314570,D3:F4:55:AB:96:20,-62
BLE,1704635374605322220,D3:F4:55:AB:96:20,-62
BLE,1704635374799067439,D3:F4:55:AB:96:20,-62
BLE,1704635374990457795,D3:F4:55:AB:96:20,-62
BLE,1704635375180990030,D3:F4:55:AB:96:20,-64
BLE,1704635375570856623,D3:F4:55:AB:96:20,-53
BLE,1704635375759636242,D3:F4:55:AB:96:20,-62
BLE,1704635377494168885,D3:F4:55:AB:96:20,-61
BLE,1704635378079779353,D3:F4:55:AB:96:20,-61
BLE,1704635378262923959,DF:DF:EE:00:00:04,-55
BLE,1704635378467029459,D3:F4:55:AB:96:20,-64
BLE,1704635378725137432,DF:DF:EE:00:00:04,-56
BLE,1704635379238341020,D3:F4:55:AB:96:20,-48
BLE,1704635380004697065,D3:F4:55:AB:96:20,-58
BLE,1704635380539224335,DF:DF:EE:00:00:04,-55
BLE,1704635380964300040,D3:F4:55:AB:96:20,-62
BLE,1704635381541181052,D3:F4:55:AB:96:20,-64
BLE,1704635381734774314,D3:F4:55:AB:96:20,-63
BLE,1704635381925055717,D3:F4:55:AB:96:20,-48
BLE,1704635382314640686,D3:F4:55:AB:96:20,-62
BLE,1704635382506997496,D3:F4:55:AB:96:20,-62
BLE,1704635382538393877,DF:DF:EE:00:00:04,-53
BLE,1704635383274388702,D3:F4:55:AB:96:20,-61
BLE,1704635384046842841,D3:F4:55:AB:96:20,-62
BLE,1704635384242275384,D3:F4:55:AB:96:20,-47
BLE,1704635384438040760,D3:F4:55:AB:96:20,-63
BLE,1704635384541039692,DF:DF:EE:00:00:04,-53
BLE,1704635384815002168,D3:F4:55:AB:96:20,-64
BLE,1704635385005796152,DF:DF:EE:00:00:04,-53
BLE,1704635385007145604,D3:F4:55:AB:96:20,-63
BLE,1704635385205181801,D3:F4:55:AB:96:20,-58
BLE,1704635385399347559,D3:F4:55:AB:96:20,-62
BLE,1704635385544663067,DF:DF:EE:00:00:04,-53
BLE,1704635385616263077,DF:DF:EE:00:00:04,-53
BLE,1704635385974347956,D3:F4:55:AB:96:20,-62
BLE,1704635386042281026,DF:DF:EE:00:00:04,-53
BLE,1704635386170117790,D3:F4:55:AB:96:20,-62
BLE,1704635386364033217,D3:F4:55:AB:96:20,-62
BLE,1704635386500616394,DF:DF:EE:00:00:04,-53
BLE,1704635386555263282,D3:F4:55:AB:96:20,-64
BLE,1704635386741827204,D3:F4:55:AB:96:20,-61
BLE,1704635387129484600,D3:F4:55:AB:96:20,-62
BLE,1704635387319158589,D3:F4:55:AB:96:20,-62
BLE,1704635387502507111,DF:DF:EE:00:00:04,-54
BLE,1704635387889206345,D3:F4:55:AB:96:20,-61
BLE,1704635388043494724,DF:DF:EE:00:00:04,-38
BLE,1704635388278741189,D3:F4:55:AB:96:20,-62
BLE,1704635388665153633,D3:F4:55:AB:96:20,-63
BLE,1704635389043011662,DF:DF:EE:00:00:04,-54
BLE,1704635389045066609,D3:F4:55:AB:96:20,-48
BLE,1704635389431251762,D3:F4:55:AB:96:20,-58
BLE,1704635389506112839,DF:DF:EE:00:00:04,-54
BLE,1704635389618935512,D3:F4:55:AB:96:20,-63
BLE,1704635389642265935,DF:A6:DC:DC:2E:81,-84
BLE,1704635389642281310,DF:DF:EE:00:00:01,-84
BLE,1704635390003769756,D3:F4:55:AB:96:20,-61
BLE,1704635390382398947,D3:F4:55:AB:96:20,-62
BLE,1704635390580109604,D3:F4:55:AB:96:20,-58
BLE,1704635391158573317,D3:F4:55:AB:96:20,-62
BLE,1704635391319673369,DF:DF:EE:00:00:04,-55
BLE,1704635391538344044,D3:F4:55:AB:96:20,-63
BLE,1704635391931829327,D3:F4:55:AB:96:20,-64
BLE,1704635392318176812,D3:F4:55:AB:96:20,-62
BLE,1704635392775091771,DF:DF:EE:00:00:04,-54
BLE,1704635393478118181,D3:F4:55:AB:96:20,-64
BLE,1704635393864648874,D3:F4:55:AB:96:20,-63
BLE,1704635394055369858,D3:F4:55:AB:96:20,-61
BLE,1704635394313123000,DF:DF:EE:00:00:04,-55
BLE,1704635394448896015,D3:F4:55:AB:96:20,-64
BLE,1704635394725416978,DF:A6:DC:DC:2E:81,-84
BLE,1704635394725454728,DF:DF:EE:00:00:01,-84
BLE,1704635395418555981,D3:F4:55:AB:96:20,-63
BLE,1704635395776385820,DF:DF:EE:00:00:04,-65
BLE,1704635396000442717,D3:F4:55:AB:96:20,-64
BLE,1704635396377614583,D3:F4:55:AB:96:20,-62
BLE,1704635396764861856,D3:F4:55:AB:96:20,-63
BLE,1704635396953806016,D3:F4:55:AB:96:20,-62
BLE,1704635397915704896,D3:F4:55:AB:96:20,-48
BLE,1704635398102883982,D3:F4:55:AB:96:20,-61
BLE,1704635398671398912,D3:F4:55:AB:96:20,-62
BLE,1704635398866709998,D3:F4:55:AB:96:20,-63
BLE,1704635399063842700,D3:F4:55:AB:96:20,-63
BLE,1704635399450004686,D3:F4:55:AB:96:20,-63
BLE,1704635399609009707,DF:DF:EE:00:00:04,-53
BLE,1704635399814186160,DF:A6:DC:DC:2E:81,-72
BLE,1704635399814259201,DF:DF:EE:00:00:01,-72
BLE,1704635399828577378,D3:F4:55:AB:96:20,-62
BLE,1704635400020759021,D3:F4:55:AB:96:20,-48
BLE,1704635400400746914,D3:F4:55:AB:96:20,-63
BLE,1704635400602661633,DF:DF:EE:00:00:04,-53
BLE,1704635400979900707,D3:F4:55:AB:96:20,-61
BLE,1704635401140179597,DF:DF:EE:00:00:04,-53
BLE,1704635401568990657,D3:F4:55:AB:96:20,-63
BLE,1704635401949077091,D3:F4:55:AB:96:20,-63
BLE,1704635402142799894,D3:F4:55:AB:96:20,-63
BLE,1704635402353327860,DF:A6:DC:DC:2E:81,-85
BLE,1704635402353367402,DF:DF:EE:00:00:01,-85
BLE,1704635402527527846,D3:F4:55:AB:96:20,-48
BLE,1704635402609922758,DF:DF:EE:00:00:04,-55
BLE,1704635402717121878,D3:F4:55:AB:96:20,-64
BLE,1704635402911715092,D3:F4:55:AB:96:20,-63
BLE,1704635403144889318,DF:DF:EE:00:00:04,-54
BLE,1704635403298577742,D3:F4:55:AB:96:20,-48
BLE,1704635403609099490,DF:DF:EE:00:00:04,-55
BLE,1704635403682162908,D3:F4:55:AB:96:20,-62
BLE,1704635404072285333,D3:F4:55:AB:96:20,-63
BLE,1704635404843063147,D3:F4:55:AB:96:20,-62
BLE,1704635405031735475,D3:F4:55:AB:96:20,-61
BLE,1704635405610488603,D3:F4:55:AB:96:20,-48
BLE,1704635405800064010,D3:F4:55:AB:96:20,-64
BLE,1704635405993782771,D3:F4:55:AB:96:20,-63
BLE,1704635406178830118,DF:A6:DC:DC:2E:81,-82
BLE,1704635406178865742,DF:DF:EE:00:00:01,-82
BLE,1704635406376016902,DF:DF:EE:00:00:04,-55
BLE,1704635406565859183,D3:F4:55:AB:96:20,-47
BLE,1704635406758589657,D3:F4:55:AB:96:20,-63
BLE,1704635407144664477,D3:F4:55:AB:96:20,-61
BLE,1704635407340441228,D3:F4:55:AB:96:20,-63
BLE,1704635407372521647,DF:DF:EE:00:00:04,-54
BLE,1704635407532648121,D3:F4:55:AB:96:20,-63
BLE,1704635407726838671,D3:F4:55:AB:96:20,-62
BLE,1704635407913368510,D3:F4:55:AB:96:20,-62
BLE,1704635408293401361,D3:F4:55:AB:96:20,-61
BLE,1704635408375066528,DF:DF:EE:00:00:04,-55
BLE,1704635408491604016,D3:F4:55:AB:96:20,-62
BLE,1704635408687118684,D3:F4:55:AB:96:20,-63
BLE,1704635408920277994,DF:DF:EE:00:00:04,-51
BLE,1704635409070088645,D3:F4:55:AB:96:20,-48
BLE,1704635409261245044,D3:F4:55:AB:96:20,-61
BLE,1704635409374005760,DF:DF:EE:00:00:04,-53
BLE,1704635409456882295,D3:F4:55:AB:96:20,-63
BLE,1704635409645816080,D3:F4:55:AB:96:20,-47
BLE,1704635410028884749,D3:F4:55:AB:96:20,-62
BLE,1704635410606553508,D3:F4:55:AB:96:20,-64
BLE,1704635411645608410,DF:DF:EE:00:00:04,-54
BLE,1704635411963505620,D3:F4:55:AB:96:20,-63
BLE,1704635412342771184,D3:F4:55:AB:96:20,-63
BLE,1704635412541811709,D3:F4:55:AB:96:20,-64
BLE,1704635412731131325,D3:F4:55:AB:96:20,-52
BLE,1704635412925370875,D3:F4:55:AB:96:20,-59
BLE,1704635413111194718,D3:F4:55:AB:96:20,-62
BLE,1704635413695511693,D3:F4:55:AB:96:20,-63
BLE,1704635414080319478,D3:F4:55:AB:96:20,-48
BLE,1704635414271658501,D3:F4:55:AB:96:20,-80
BLE,1704635414459862706,D3:F4:55:AB:96:20,-48
BLE,1704635416207514574,D3:F4:55:AB:96:20,-64
BLE,1704635416596763336,D3:F4:55:AB:96:20,-62
BLE,1704635416925335533,DF:DF:EE:00:00:04,-62
BLE,1704635417168047044,D3:F4:55:AB:96:20,-62
BLE,1704635417360799184,D3:F4:55:AB:96:20,-61
BLE,1704635417467966304,DF:DF:EE:00:00:04,-56
BLE,1704635417558053844,D3:F4:55:AB:96:20,-48
BLE,1704635417752995140,D3:F4:55:AB:96:20,-64
BLE,1704635419102357500,D3:F4:55:AB:96:20,-62
BLE,1704635419295417056,D3:F4:55:AB:96:20,-62
BLE,1704635419486507288,D3:F4:55:AB:96:20,-63
BLE,1704635420076140027,D3:F4:55:AB:96:20,-81
BLE,1704635420192435308,DF:DF:EE:00:00:04,-54
BLE,1704635420270311827,D3:F4:55:AB:96:20,-64
BLE,1704635420465581455,D3:F4:55:AB:96:20,-61
BLE,1704635420661485788,D3:F4:55:AB:96:20,-64
BLE,1704635420851785983,D3:F4:55:AB:96:20,-62
BLE,1704635421433979677,D3:F4:55:AB:96:20,-61
BLE,1704635422467533232,DF:DF:EE:00:00:04,-54
BLE,1704635422785851482,D3:F4:55:AB:96:20,-62
BLE,1704635422980447030,D3:F4:55:AB:96:20,-47
BLE,1704635423005511277,DF:DF:EE:00:00:04,-55
BLE,1704635423174443039,D3:F4:55:AB:96:20,-48
BLE,1704635423363123868,D3:F4:55:AB:96:20,-64
BLE,1704635423471129733,DF:DF:EE:00:00:04,-55
BLE,1704635423746768325,D3:F4:55:AB:96:20,-77
BLE,1704635423935612902,D3:F4:55:AB:96:20,-62
BLE,1704635424132481897,D3:F4:55:AB:96:20,-47
BLE,1704635424518075470,D3:F4:55:AB:96:20,-57
BLE,1704635424711803731,D3:F4:55:AB:96:20,-63
BLE,1704635425096566349,D3:F4:55:AB:96:20,-63
BLE,1704635425278549795,DF:DF:EE:00:00:04,-56
BLE,1704635425867093831,D3:F4:55:AB:96:20,-62
BLE,1704635426820535504,D3:F4:55:AB:96:20,-63
BLE,1704635427201144977,D3:F4:55:AB:96:20,-48
BLE,1704635427579473337,D3:F4:55:AB:96:20,-62
BLE,1704635427827082198,DF:A6:DC:DC:2E:81,-82
BLE,1704635427827117198,DF:DF:EE:00:00:01,-82
BLE,1704635427975028901,D3:F4:55:AB:96:20,-63
BLE,1704635429130225252,D3:F4:55:AB:96:20,-62
BLE,1704635429327785951,D3:F4:55:AB:96:20,-62
BLE,1704635429715377764,D3:F4:55:AB:96:20,-62
BLE,1704635430098067434,D3:F4:55:AB:96:20,-63
BLE,1704635430687876756,D3:F4:55:AB:96:20,-62
BLE,1704635430876810791,D3:F4:55:AB:96:20,-59
BLE,1704635431066298532,D3:F4:55:AB:96:20,-61
BLE,1704635431263781565,D3:F4:55:AB:96:20,-62
BLE,1704635431449925448,D3:F4:55:AB:96:20,-61
BLE,1704635431640698307,D3:F4:55:AB:96:20,-63
BLE,1704635432025201135,D3:F4:55:AB:96:20,-64
BLE,1704635432610843645,D3:F4:55:AB:96:20,-63
BLE,1704635432806911310,D3:F4:55:AB:96:20,-64
BLE,1704635432822759229,DF:DF:EE:00:00:04,-54
BLE,1704635432996447759,D3:F4:55:AB:96:20,-62
BLE,1704635433378788723,D3:F4:55:AB:96:20,-63
BLE,1704635433576004133,D3:F4:55:AB:96:20,-64
BLE,1704635433826148522,DF:DF:EE:00:00:04,-55
BLE,1704635434153331560,D3:F4:55:AB:96:20,-63
BLE,1704635434191287616,DF:A6:DC:DC:2E:81,-84
BLE,1704635434191300408,DF:DF:EE:00:00:01,-84
BLE,1704635434285160262,DF:DF:EE:00:00:04,-53
BLE,1704635434531036340,D3:F4:55:AB:96:20,-61
BLE,1704635435282697210,DF:DF:EE:00:00:04,-50
BLE,1704635435286977896,D3:F4:55:AB:96:20,-63
BLE,1704635435670671562,D3:F4:55:AB:96:20,-62
BLE,1704635435826499349,DF:DF:EE:00:00:04,-55
BLE,1704635435860727216,D3:F4:55:AB:96:20,-62
BLE,1704635436440920379,D3:F4:55:AB:96:20,-62
BLE,1704635436735548457,DF:A6:DC:DC:2E:81,-86
BLE,1704635436735582416,DF:DF:EE:00:00:01,-86
BLE,1704635436827495905,D3:F4:55:AB:96:20,-62
BLE,1704635437598007303,D3:F4:55:AB:96:20,-63
BLE,1704635437788142916,D3:F4:55:AB:96:20,-62
BLE,1704635437821760702,DF:DF:EE:00:00:04,-55
BLE,1704635438168536515,D3:F4:55:AB:96:20,-63
BLE,1704635438358512003,D3:F4:55:AB:96:20,-69
BLE,1704635438552872927,D3:F4:55:AB:96:20,-63
BLE,1704635439279512175,DF:A6:DC:DC:2E:81,-82
BLE,1704635439279545342,DF:DF:EE:00:00:01,-82
BLE,1704635439710515058,D3:F4:55:AB:96:20,-62
BLE,1704635439789047615,DF:DF:EE:00:00:04,-55
BLE,1704635439899908174,D3:F4:55:AB:96:20,-80
BLE,1704635440478257929,D3:F4:55:AB:96:20,-48
BLE,1704635440786480438,DF:DF:EE:00:00:04,-54
BLE,1704635440868506603,D3:F4:55:AB:96:20,-62
BLE,1704635441057810386,D3:F4:55:AB:96:20,-61
BLE,1704635441251255982,D3:F4:55:AB:96:20,-62
BLE,1704635441324298567,DF:DF:EE:00:00:04,-54
BLE,1704635441443379917,D3:F4:55:AB:96:20,-62
BLE,1704635441636466056,D3:F4:55:AB:96:20,-63
BLE,1704635441780714903,DF:DF:EE:00:00:04,-49
BLE,1704635441822717647,D3:F4:55:AB:96:20,-64
BLE,1704635442015828286,D3:F4:55:AB:96:20,-62
BLE,1704635442208298761,D3:F4:55:AB:96:20,-62
BLE,1704635442403343515,D3:F4:55:AB:96:20,-57
BLE,1704635442593480294,D3:F4:55:AB:96:20,-62
BLE,1704635442977000586,D3:F4:55:AB:96:20,-62
BLE,1704635443170376557,D3:F4:55:AB:96:20,-63
BLE,1704635443319675753,DF:DF:EE:00:00:04,-55
BLE,1704635443364401858,D3:F4:55:AB:96:20,-54
BLE,1704635443749294267,D3:F4:55:AB:96:20,-63
BLE,1704635443786142996,DF:DF:EE:00:00:04,-54
BLE,1704635443939308380,D3:F4:55:AB:96:20,-64
BLE,1704635444323163087,DF:DF:EE:00:00:04,-54
BLE,1704635444327276066,D3:F4:55:AB:96:20,-48
BLE,1704635444519520543,D3:F4:55:AB:96:20,-57
BLE,1704635444713846884,D3:F4:55:AB:96:20,-64
BLE,1704635445092896281,D3:F4:55:AB:96:20,-62
BLE,1704635445667878220,D3:F4:55:AB:96:20,-61
BLE,1704635445785563953,DF:DF:EE:00:00:04,-39
BLE,1704635445858476914,D3:F4:55:AB:96:20,-62
BLE,1704635446052523590,D3:F4:55:AB:96:20,-62
BLE,1704635446245219272,D3:F4:55:AB:96:20,-63
BLE,1704635446781267452,DF:DF:EE:00:00:04,-55
BLE,1704635447326071711,DF:DF:EE:00:00:04,-55
BLE,1704635447587161711,D3:F4:55:AB:96:20,-63
BLE,1704635447971594082,D3:F4:55:AB:96:20,-62
BLE,1704635448947105975,D3:F4:55:AB:96:20,-63
BLE,1704635449053096351,DF:DF:EE:00:00:04,-54
BLE,1704635449449756450,DF:A6:DC:DC:2E:81,-82
BLE,1704635449449795367,DF:DF:EE:00:00:01,-82
BLE,1704635449525117399,D3:F4:55:AB:96:20,-62
BLE,1704635449600300723,DF:DF:EE:00:00:04,-56
BLE,1704635449910763346,D3:F4:55:AB:96:20,-64
BLE,1704635450054327238,DF:DF:EE:00:00:04,-53
BLE,1704635450099721381,D3:F4:55:AB:96:20,-62
BLE,1704635450483018382,D3:F4:55:AB:96:20,-61
BLE,1704635450878612154,D3:F4:55:AB:96:20,-83
BLE,1704635451069158348,D3:F4:55:AB:96:20,-61
BLE,1704635451263324106,D3:F4:55:AB:96:20,-63
BLE,1704635451330286306,DF:DF:EE:00:00:04,-56
BLE,1704635451452240766,D3:F4:55:AB:96:20,-63
BLE,1704635451647430686,D3:F4:55:AB:96:20,-63
BLE,1704635451834892146,D3:F4:55:AB:96:20,-64
BLE,1704635452028189034,D3:F4:55:AB:96:20,-58
BLE,1704635452596660798,D3:F4:55:AB:96:20,-63
BLE,1704635452790576682,D3:F4:55:AB:96:20,-63
BLE,1704635453372401295,D3:F4:55:AB:96:20,-62
BLE,1704635453562929863,D3:F4:55:AB:96:20,-61
BLE,1704635453760737062,D3:F4:55:AB:96:20,-59
BLE,1704635453873260154,DF:DF:EE:00:00:04,-55
BLE,1704635453948432395,D3:F4:55:AB:96:20,-64
BLE,1704635454142935402,D3:F4:55:AB:96:20,-62
BLE,1704635454332057728,DF:DF:EE:00:00:04,-54
BLE,1704635454527023857,D3:F4:55:AB:96:20,-73
BLE,1704635454713937194,D3:F4:55:AB:96:20,-61
BLE,1704635454907251874,D3:F4:55:AB:96:20,-63
BLE,1704635455097305903,D3:F4:55:AB:96:20,-48
BLE,1704635455484095803,D3:F4:55:AB:96:20,-62
BLE,1704635456063238512,D3:F4:55:AB:96:20,-63
BLE,1704635456639816526,D3:F4:55:AB:96:20,-70
BLE,1704635456831004134,D3:F4:55:AB:96:20,-61
BLE,1704635457598125841,D3:F4:55:AB:96:20,-63
BLE,1704635457880344442,DF:DF:EE:00:00:04,-56
BLE,1704635457978341608,D3:F4:55:AB:96:20,-61
BLE,1704635458171297248,D3:F4:55:AB:96:20,-80
BLE,1704635458357652796,D3:F4:55:AB:96:20,-47
BLE,1704635458359527620,DF:A6:DC:DC:2E:81,-81
BLE,1704635458359539370,DF:DF:EE:00:00:01,-81
BLE,1704635458743750116,D3:F4:55:AB:96:20,-55
BLE,1704635459320516254,D3:F4:55:AB:96:20,-63
BLE,1704635459508014297,D3:F4:55:AB:96:20,-63
BLE,1704635460287965148,D3:F4:55:AB:96:20,-63
BLE,1704635460876304852,DF:DF:EE:00:00:04,-54
BLE,1704635461244304056,D3:F4:55:AB:96:20,-48
BLE,1704635462980601565,D3:F4:55:AB:96:20,-48
BLE,1704635463171336091,D3:F4:55:AB:96:20,-61
BLE,1704635463371261653,D3:F4:55:AB:96:20,-63
BLE,1704635463423004139,DF:DF:EE:00:00:04,-53
BLE,1704635463564736248,D3:F4:55:AB:96:20,-62
BLE,1704635463754361030,D3:F4:55:AB:96:20,-62
BLE,1704635464138974691,D3:F4:55:AB:96:20,-63
BLE,1704635464530013528,D3:F4:55:AB:96:20,-53
BLE,1704635464698074003,DF:DF:EE:00:00:04,-54
BLE,1704635464720029599,D3:F4:55:AB:96:20,-64
BLE,1704635464728068266,DF:A6:DC:DC:2E:81,-69
BLE,1704635464728078933,DF:DF:EE:00:00:01,-69
BLE,1704635465103221601,D3:F4:55:AB:96:20,-64
BLE,1704635465242625180,DF:DF:EE:00:00:04,-60
BLE,1704635465678666787,D3:F4:55:AB:96:20,-63
BLE,1704635466066321308,D3:F4:55:AB:96:20,-64
BLE,1704635466256052922,D3:F4:55:AB:96:20,-61
BLE,1704635466450289889,D3:F4:55:AB:96:20,-64
BLE,1704635466640297002,D3:F4:55:AB:96:20,-62
BLE,1704635467239175652,DF:DF:EE:00:00:04,-55
BLE,1704635467603975497,D3:F4:55:AB:96:20,-52
BLE,1704635467694806367,DF:DF:EE:00:00:04,-54
BLE,1704635467802080402,D3:F4:55:AB:96:20,-63
BLE,1704635467994667377,D3:F4:55:AB:96:20,-48
BLE,1704635468244033104,DF:DF:EE:00:00:04,-55
BLE,1704635468380781531,D3:F4:55:AB:96:20,-48
BLE,1704635468697015374,DF:DF:EE:00:00:04,-55
BLE,1704635469239210689,DF:DF:EE:00:00:04,-66
BLE,1704635469519036927,D3:F4:55:AB:96:20,-61
BLE,1704635469715380674,D3:F4:55:AB:96:20,-80
BLE,1704635470096634436,D3:F4:55:AB:96:20,-62
BLE,1704635470307902565,DF:DF:EE:00:00:04,-53
BLE,1704635470733582141,DF:DF:EE:00:00:04,-54
BLE,1704635471062547045,D3:F4:55:AB:96:20,-64
BLE,1704635471196285154,DF:DF:EE:00:00:04,-73
BLE,1704635471258717085,D3:F4:55:AB:96:20,-62
BLE,1704635471740390917,DF:DF:EE:00:00:04,-50
BLE,1704635472197691623,DF:DF:EE:00:00:04,-53
BLE,1704635472217558772,D3:F4:55:AB:96:20,-63
BLE,1704635472413734770,D3:F4:55:AB:96:20,-64
BLE,1704635472601169355,D3:F4:55:AB:96:20,-62
BLE,1704635472989020124,D3:F4:55:AB:96:20,-62
BLE,1704635473181678849,D3:F4:55:AB:96:20,-64
BLE,1704635473369158475,D3:F4:55:AB:96:20,-61
BLE,1704635473762277134,D3:F4:55:AB:96:20,-64
BLE,1704635473953757989,D3:F4:55:AB:96:20,-48
BLE,1704635474147608166,D3:F4:55:AB:96:20,-63
BLE,1704635474341412302,D3:F4:55:AB:96:20,-62
BLE,1704635474531570372,D3:F4:55:AB:96:20,-62
BLE,1704635474717791588,D3:F4:55:AB:96:20,-62
BLE,1704635474758651088,DF:DF:EE:00:00:04,-53
BLE,1704635475286074770,D3:F4:55:AB:96:20,-63
BLE,1704635475290605913,DF:DF:EE:00:00:04,-45
BLE,1704635475479878697,D3:F4:55:AB:96:20,-61
BLE,1704635475678286808,D3:F4:55:AB:96:20,-64
BLE,1704635475756630533,DF:DF:EE:00:00:04,-55
BLE,1704635475866563180,D3:F4:55:AB:96:20,-62
BLE,1704635476256133399,D3:F4:55:AB:96:20,-62
BLE,1704635476446552760,D3:F4:55:AB:96:20,-61
BLE,1704635476830616132,D3:F4:55:AB:96:20,-63
BLE,1704635477027941291,DF:DF:EE:00:00:04,-51
BLE,1704635477222042925,D3:F4:55:AB:96:20,-64
BLE,1704635477994296315,D3:F4:55:AB:96:20,-64
BLE,1704635478180955404,D3:F4:55:AB:96:20,-61
BLE,1704635478375289161,D3:F4:55:AB:96:20,-63
BLE,1704635478565195608,DF:DF:EE:00:00:04,-53
BLE,1704635478723034177,DF:A6:DC:DC:2E:81,-84
BLE,1704635478723067635,DF:DF:EE:00:00:01,-84
BLE,1704635478761511481,D3:F4:55:AB:96:20,-64
BLE,1704635478950850806,D3:F4:55:AB:96:20,-48
BLE,1704635479528899229,D3:F4:55:AB:96:20,-48
BLE,1704635479911721607,D3:F4:55:AB:96:20,-61
BLE,1704635480107695148,D3:F4:55:AB:96:20,-64
BLE,1704635480495639042,D3:F4:55:AB:96:20,-63
BLE,1704635480881123157,D3:F4:55:AB:96:20,-57
BLE,1704635481454119065,D3:F4:55:AB:96:20,-48
BLE,1704635482031986322,D3:F4:55:AB:96:20,-61
BLE,1704635482225567042,D3:F4:55:AB:96:20,-63
BLE,1704635482799790360,D3:F4:55:AB:96:20,-64
BLE,1704635483572744996,D3:F4:55:AB:96:20,-64
BLE,1704635484655873298,DF:DF:EE:00:00:04,-55
BLE,1704635484727798181,D3:F4:55:AB:96:20,-63
BLE,1704635484923090851,D3:F4:55:AB:96:20,-47
BLE,1704635485112656133,D3:F4:55:AB:96:20,-63
BLE,1704635485494545433,D3:F4:55:AB:96:20,-62
BLE,1704635486260212523,D3:F4:55:AB:96:20,-63
BLE,1704635486834431132,D3:F4:55:AB:96:20,-64
BLE,1704635487025984029,D3:F4:55:AB:96:20,-62
BLE,1704635487407182208,D3:F4:55:AB:96:20,-63
BLE,1704635487666144135,DF:DF:EE:00:00:04,-55
BLE,1704635487991914472,D3:F4:55:AB:96:20,-62
BLE,1704635488664009123,DF:DF:EE:00:00:04,-47
BLE,1704635488771255325,D3:F4:55:AB:96:20,-64
BLE,1704635488959447531,D3:F4:55:AB:96:20,-61
BLE,1704635489152310296,D3:F4:55:AB:96:20,-63
BLE,1704635489533637974,D3:F4:55:AB:96:20,-47
BLE,1704635489668245828,DF:DF:EE:00:00:04,-64
BLE,1704635489721979054,D3:F4:55:AB:96:20,-62
BLE,1704635489917683846,D3:F4:55:AB:96:20,-62
BLE,1704635490213008921,DF:DF:EE:00:00:04,-56
BLE,1704635490303631834,D3:F4:55:AB:96:20,-63
BLE,1704635490495650395,D3:F4:55:AB:96:20,-62
BLE,1704635490689819487,D3:F4:55:AB:96:20,-62
BLE,1704635490884572784,D3:F4:55:AB:96:20,-81
BLE,1704635491208240214,DF:DF:EE:00:00:04,-54
BLE,1704635491260972945,D3:F4:55:AB:96:20,-62
BLE,1704635491435580054,DF:A6:DC:DC:2E:81,-83
BLE,1704635491435631762,DF:DF:EE:00:00:01,-83
BLE,1704635491456631654,D3:F4:55:AB:96:20,-61
BLE,1704635491838562037,D3:F4:55:AB:96:20,-62
BLE,1704635492037216606,D3:F4:55:AB:96:20,-64
BLE,1704635492214126370,DF:DF:EE:00:00:04,-55
BLE,1704635492226734930,D3:F4:55:AB:96:20,-62
BLE,1704635492672680403,DF:DF:EE:00:00:04,-54
BLE,1704635492989313203,D3:F4:55:AB:96:20,-62
BLE,1704635493182741215,D3:F4:55:AB:96:20,-79
BLE,1704635493209103039,DF:DF:EE:00:00:04,-54
BLE,1704635493276610903,DF:DF:EE:00:00:04,-47
BLE,1704635493749311072,D3:F4:55:AB:96:20,-48
BLE,1704635493945693028,D3:F4:55:AB:96:20,-63
BLE,1704635494169100053,DF:DF:EE:00:00:04,-64
BLE,1704635494712082822,DF:DF:EE:00:00:04,-56
BLE,1704635495259496110,DF:A6:DC:DC:2E:81,-83
BLE,1704635495259534610,DF:DF:EE:00:00:01,-83
BLE,1704635495473772850,D3:F4:55:AB:96:20,-64
BLE,1704635496172719822,DF:DF:EE:00:00:04,-41
BLE,1704635496626751670,D3:F4:55:AB:96:20,-62
BLE,1704635496705766683,DF:DF:EE:00:00:04,-54
BLE,1704635496813349467,D3:F4:55:AB:96:20,-62
BLE,1704635497762702870,D3:F4:55:AB:96:20,-62
BLE,1704635497954555390,D3:F4:55:AB:96:20,-64
BLE,1704635498527245924,D3:F4:55:AB:96:20,-64
BLE,1704635498721547265,D3:F4:55:AB:96:20,-61
BLE,1704635499100095374,D3:F4:55:AB:96:20,-63
BLE,1704635499295009920,D3:F4:55:AB:96:20,-63
BLE,1704635500247619931,D3:F4:55:AB:96:20,-48
BLE,1704635500444993881,DF:DF:EE:00:00:04,-55
BLE,1704635500822444870,D3:F4:55:AB:96:20,-62
BLE,1704635501206566409,D3:F4:55:AB:96:20,-62
BLE,1704635501396117441,D3:F4:55:AB:96:20,-64
BLE,1704635501446889848,DF:DF:EE:00:00:04,-53
BLE,1704635501587403756,D3:F4:55:AB:96:20,-62
BLE,1704635501626495890,DF:A6:DC:DC:2E:81,-82
BLE,1704635501626555598,DF:DF:EE:00:00:01,-82
BLE,1704635501781730222,D3:F4:55:AB:96:20,-53
BLE,1704635501972168041,D3:F4:55:AB:96:20,-62
BLE,1704635501984267604,DF:DF:EE:00:00:04,-38
BLE,1704635502165269347,D3:F4:55:AB:96:20,-61
BLE,1704635502549979382,D3:F4:55:AB:96:20,-61
BLE,1704635502742445774,D3:F4:55:AB:96:20,-64
BLE,1704635502931356185,D3:F4:55:AB:96:20,-62
BLE,1704635502989241723,DF:DF:EE:00:00:04,-72
BLE,1704635503311351744,D3:F4:55:AB:96:20,-63
BLE,1704635503443478903,DF:DF:EE:00:00:04,-56
BLE,1704635503509596940,D3:F4:55:AB:96:20,-64
BLE,1704635503701374794,D3:F4:55:AB:96:20,-62
BLE,1704635503893930228,D3:F4:55:AB:96:20,-63
BLE,1704635504079787320,D3:F4:55:AB:96:20,-62
BLE,1704635504466864969,D3:F4:55:AB:96:20,-63
BLE,1704635504659134820,D3:F4:55:AB:96:20,-64
BLE,1704635504844579623,D3:F4:55:AB:96:20,-61
BLE,1704635505262911446,DF:DF:EE:00:00:04,-40
BLE,1704635505612431119,D3:F4:55:AB:96:20,-62
BLE,1704635505721331813,DF:DF:EE:00:00:04,-53
BLE,1704635506263522794,DF:DF:EE:00:00:04,-54
BLE,1704635506388099992,D3:F4:55:AB:96:20,-64
BLE,1704635506966306872,D3:F4:55:AB:96:20,-62
BLE,1704635507268949744,DF:DF:EE:00:00:04,-56
BLE,1704635507541825725,D3:F4:55:AB:96:20,-83
BLE,1704635508727698336,DF:DF:EE:00:00:04,-52
BLE,1704635509260146909,DF:DF:EE:00:00:04,-54
BLE,1704635509680855844,D3:F4:55:AB:96:20,-61
BLE,1704635510073631505,D3:F4:55:AB:96:20,-48
BLE,1704635510262772206,D3:F4:55:AB:96:20,-63
BLE,1704635510838572391,D3:F4:55:AB:96:20,-50
BLE,1704635511419703757,D3:F4:55:AB:96:20,-62
BLE,1704635512185199764,D3:F4:55:AB:96:20,-47
BLE,1704635512380506017,D3:F4:55:AB:96:20,-61
BLE,1704635512500760070,DF:DF:EE:00:00:04,-56
BLE,1704635512965666696,D3:F4:55:AB:96:20,-52
BLE,1704635513352083889,D3:F4:55:AB:96:20,-58
BLE,1704635514322674933,D3:F4:55:AB:96:20,-48
BLE,1704635514708241714,D3:F4:55:AB:96:20,-63
BLE,1704635514779097894,DF:DF:EE:00:00:04,-55
BLE,1704635515667383816,D3:F4:55:AB:96:20,-47
BLE,1704635516245646447,D3:F4:55:AB:96:20,-63
BLE,1704635516819888681,D3:F4:55:AB:96:20,-62
BLE,1704635517405796231,D3:F4:55:AB:96:20,-48
BLE,1704635517589036003,DF:DF:EE:00:00:04,-39
BLE,1704635517795924322,D3:F4:55:AB:96:20,-62
BLE,1704635517990357121,D3:F4:55:AB:96:20,-48
BLE,1704635518166125390,DF:A6:DC:DC:2E:81,-82
BLE,1704635518166161431,DF:DF:EE:00:00:01,-82
BLE,1704635518182386390,D3:F4:55:AB:96:20,-59
BLE,1704635518590660930,DF:DF:EE:00:00:04,-38
BLE,1704635518750661280,D3:F4:55:AB:96:20,-62
BLE,1704635519144485269,D3:F4:55:AB:96:20,-59
BLE,1704635519519405521,D3:F4:55:AB:96:20,-62
BLE,1704635521059935863,D3:F4:55:AB:96:20,-63
BLE,1704635521254614119,D3:F4:55:AB:96:20,-62
BLE,1704635521330367190,DF:DF:EE:00:00:04,-55
BLE,1704635521833063582,D3:F4:55:AB:96:20,-61
BLE,1704635522029801410,D3:F4:55:AB:96:20,-59
BLE,1704635522222012804,D3:F4:55:AB:96:20,-63
BLE,1704635522417820804,D3:F4:55:AB:96:20,-63
BLE,1704635522609600283,D3:F4:55:AB:96:20,-64
BLE,1704635522802096008,D3:F4:55:AB:96:20,-61
BLE,1704635522994651317,D3:F4:55:AB:96:20,-53
BLE,1704635523190037777,D3:F4:55:AB:96:20,-64
BLE,1704635523250828884,DF:A6:DC:DC:2E:81,-83
BLE,1704635523250843842,DF:DF:EE:00:00:01,-83
BLE,1704635523383530373,D3:F4:55:AB:96:20,-61
BLE,1704635523580854698,D3:F4:55:AB:96:20,-48
BLE,1704635523775841078,D3:F4:55:AB:96:20,-64
BLE,1704635523970035461,D3:F4:55:AB:96:20,-61
BLE,1704635524145401399,DF:DF:EE:00:00:04,-54
BLE,1704635524160192657,D3:F4:55:AB:96:20,-48
BLE,1704635524539961342,D3:F4:55:AB:96:20,-62
BLE,1704635524609016782,DF:DF:EE:00:00:04,-54
BLE,1704635524930880846,D3:F4:55:AB:96:20,-81
BLE,1704635525508410772,D3:F4:55:AB:96:20,-64
BLE,1704635525604243241,DF:DF:EE:00:00:04,-55
BLE,1704635525889774491,D3:F4:55:AB:96:20,-62
BLE,1704635526271579167,D3:F4:55:AB:96:20,-64
BLE,1704635526467811415,D3:F4:55:AB:96:20,-62
BLE,1704635526605234380,DF:DF:EE:00:00:04,-53
BLE,1704635526606775913,DF:DF:EE:00:00:04,-54
BLE,1704635527243118289,D3:F4:55:AB:96:20,-48
BLE,1704635527432494947,D3:F4:55:AB:96:20,-62
BLE,1704635527620960443,D3:F4:55:AB:96:20,-62
BLE,1704635528005729978,D3:F4:55:AB:96:20,-48
BLE,1704635528217093899,DF:DF:EE:00:00:04,-55
BLE,1704635528582495033,D3:F4:55:AB:96:20,-58
BLE,1704635528967640650,D3:F4:55:AB:96:20,-61
BLE,1704635529162588946,D3:F4:55:AB:96:20,-64
BLE,1704635529932739263,D3:F4:55:AB:96:20,-47
BLE,1704635530319341497,D3:F4:55:AB:96:20,-62
BLE,1704635530508289782,D3:F4:55:AB:96:20,-62
BLE,1704635530702967663,D3:F4:55:AB:96:20,-62
BLE,1704635531093354253,D3:F4:55:AB:96:20,-62
BLE,1704635531379821707,DF:DF:EE:00:00:04,-54
BLE,1704635531477293043,D3:F4:55:AB:96:20,-64
BLE,1704635532378539941,DF:DF:EE:00:00:04,-56
BLE,1704635532431405379,D3:F4:55:AB:96:20,-62
BLE,1704635532923294659,DF:DF:EE:00:00:04,-53
BLE,1704635533011632499,D3:F4:55:AB:96:20,-62
BLE,1704635533376060680,DF:DF:EE:00:00:04,-54
BLE,1704635533394815001,D3:F4:55:AB:96:20,-61
BLE,1704635533777769296,D3:F4:55:AB:96:20,-63
BLE,1704635533976118241,D3:F4:55:AB:96:20,-62
BLE,1704635534358263581,D3:F4:55:AB:96:20,-62
BLE,1704635534545680708,D3:F4:55:AB:96:20,-63
BLE,1704635535117063998,D3:F4:55:AB:96:20,-48
BLE,1704635535312039419,D3:F4:55:AB:96:20,-64
BLE,1704635535507506629,D3:F4:55:AB:96:20,-53
BLE,1704635535985012024,DF:A6:DC:DC:2E:81,-82
BLE,1704635535985053149,DF:DF:EE:00:00:01,-82
BLE,1704635536278501192,D3:F4:55:AB:96:20,-62
BLE,1704635536466918022,DF:DF:EE:00:00:04,-55
BLE,1704635536473570280,D3:F4:55:AB:96:20,-62
BLE,1704635537053054737,D3:F4:55:AB:96:20,-62
BLE,1704635537434431498,D3:F4:55:AB:96:20,-64
BLE,1704635537467579829,DF:DF:EE:00:00:04,-54
BLE,1704635537628103759,D3:F4:55:AB:96:20,-61
BLE,1704635537919992477,DF:DF:EE:00:00:04,-54
BLE,1704635538466416812,DF:DF:EE:00:00:04,-53
BLE,1704635538528163871,DF:A6:DC:DC:2E:81,-85
BLE,1704635538528183955,DF:DF:EE:00:00:01,-85
BLE,1704635538972744309,D3:F4:55:AB:96:20,-64
BLE,1704635539552416433,D3:F4:55:AB:96:20,-64
BLE,1704635539940748616,D3:F4:55:AB:96:20,-62
BLE,1704635540136874157,D3:F4:55:AB:96:20,-64
BLE,1704635540521628775,D3:F4:55:AB:96:20,-64
BLE,1704635540738720958,DF:DF:EE:00:00:04,-54
BLE,1704635541073203292,DF:A6:DC:DC:2E:81,-84
BLE,1704635541073243542,DF:DF:EE:00:00:01,-84
BLE,1704635541094372351,D3:F4:55:AB:96:20,-47
BLE,1704635541481232500,D3:F4:55:AB:96:20,-62
BLE,1704635542052442875,D3:F4:55:AB:96:20,-59
BLE,1704635542825932342,D3:F4:55:AB:96:20,-61
BLE,1704635543208968678,D3:F4:55:AB:96:20,-61
BLE,1704635543615462435,DF:A6:DC:DC:2E:81,-83
BLE,1704635543615500727,DF:DF:EE:00:00:01,-83
BLE,1704635543747300137,DF:DF:EE:00:00:04,-54
BLE,1704635543979474868,D3:F4:55:AB:96:20,-64
BLE,1704635544175083244,D3:F4:55:AB:96:20,-63
BLE,1704635544370186790,D3:F4:55:AB:96:20,-63
BLE,1704635544752220464,DF:DF:EE:00:00:04,-72
BLE,1704635545728679019,D3:F4:55:AB:96:20,-62
BLE,1704635546119651314,D3:F4:55:AB:96:20,-63
BLE,1704635546498818795,D3:F4:55:AB:96:20,-63
BLE,1704635546692271015,D3:F4:55:AB:96:20,-63
BLE,1704635546745873825,DF:DF:EE:00:00:04,-54
BLE,1704635547079725204,D3:F4:55:AB:96:20,-61
BLE,1704635547438508497,DF:A6:DC:DC:2E:81,-82
BLE,1704635547438568246,DF:DF:EE:00:00:01,-82
BLE,1704635547465824524,D3:F4:55:AB:96:20,-48
BLE,1704635547655277848,D3:F4:55:AB:96:20,-70
BLE,1704635547851322555,D3:F4:55:AB:96:20,-64
BLE,1704635548022319307,DF:DF:EE:00:00:04,-53
BLE,1704635548045288690,D3:F4:55:AB:96:20,-62
BLE,1704635548424894835,D3:F4:55:AB:96:20,-61
BLE,1704635548571094588,DF:DF:EE:00:00:04,-53
BLE,1704635548624315775,D3:F4:55:AB:96:20,-63
BLE,1704635548813307685,D3:F4:55:AB:96:20,-61
BLE,1704635549025632434,DF:DF:EE:00:00:04,-56
BLE,1704635549772027414,D3:F4:55:AB:96:20,-63
BLE,1704635549957432634,D3:F4:55:AB:96:20,-61
BLE,1704635550151067270,D3:F4:55:AB:96:20,-63
BLE,1704635550295145909,DF:DF:EE:00:00:04,-38
BLE,1704635550345766443,D3:F4:55:AB:96:20,-64
BLE,1704635550538005628,D3:F4:55:AB:96:20,-62
BLE,1704635550724458217,D3:F4:55:AB:96:20,-62
BLE,1704635550920582841,D3:F4:55:AB:96:20,-64
BLE,1704635551299770279,D3:F4:55:AB:96:20,-64
BLE,1704635551486782741,D3:F4:55:AB:96:20,-62
BLE,1704635551676368773,D3:F4:55:AB:96:20,-63
BLE,1704635551867533255,D3:F4:55:AB:96:20,-61
BLE,1704635552065442661,D3:F4:55:AB:96:20,-63
BLE,1704635552257223932,D3:F4:55:AB:96:20,-62
BLE,1704635552524127027,DF:A6:DC:DC:2E:81,-85
BLE,1704635552524187610,DF:DF:EE:00:00:01,-85
BLE,1704635552637750114,D3:F4:55:AB:96:20,-76
BLE,1704635552829980715,D3:F4:55:AB:96:20,-63
BLE,1704635552847200003,DF:DF:EE:00:00:04,-55
BLE,1704635553600593572,D3:F4:55:AB:96:20,-63
BLE,1704635553843361041,DF:DF:EE:00:00:04,-56
BLE,1704635554179644449,D3:F4:55:AB:96:20,-63
BLE,1704635554370887139,D3:F4:55:AB:96:20,-62
BLE,1704635554385166607,DF:DF:EE:00:00:04,-57
BLE,1704635554753272603,D3:F4:55:AB:96:20,-58
BLE,1704635554841177945,DF:DF:EE:00:00:04,-47
BLE,1704635554947109696,D3:F4:55:AB:96:20,-64
BLE,1704635555523047214,D3:F4:55:AB:96:20,-64
BLE,1704635555712423997,D3:F4:55:AB:96:20,-62
BLE,1704635556116479017,DF:DF:EE:00:00:04,-55
BLE,1704635556479689579,D3:F4:55:AB:96:20,-62
BLE,1704635556858915017,D3:F4:55:AB:96:20,-47
BLE,1704635557114800794,DF:DF:EE:00:00:04,-38
BLE,1704635557248415487,D3:F4:55:AB:96:20,-48
BLE,1704635557444564527,D3:F4:55:AB:96:20,-47
BLE,1704635557658427101,DF:DF:EE:00:00:04,-55
BLE,1704635558215544006,D3:F4:55:AB:96:20,-57
BLE,1704635558411923628,D3:F4:55:AB:96:20,-64
BLE,1704635558603521942,D3:F4:55:AB:96:20,-48
BLE,1704635558793723845,D3:F4:55:AB:96:20,-63
BLE,1704635558980985514,D3:F4:55:AB:96:20,-61
BLE,1704635559367494666,D3:F4:55:AB:96:20,-62
BLE,1704635559558996854,D3:F4:55:AB:96:20,-62
BLE,1704635559754842938,D3:F4:55:AB:96:20,-62
BLE,1704635559949162195,D3:F4:55:AB:96:20,-63
BLE,1704635560147620390,DF:A6:DC:DC:2E:81,-82
BLE,1704635560147652140,DF:DF:EE:00:00:01,-82
BLE,1704635560659960191,DF:DF:EE:00:00:04,-50
BLE,1704635560912994315,D3:F4:55:AB:96:20,-48
BLE,1704635561111631676,D3:F4:55:AB:96:20,-64
BLE,1704635561304100402,D3:F4:55:AB:96:20,-63
BLE,1704635561657899845,DF:DF:EE:00:00:04,-53
BLE,1704635561727372365,DF:DF:EE:00:00:04,-53
BLE,1704635561874093699,D3:F4:55:AB:96:20,-63
BLE,1704635562161767397,DF:DF:EE:00:00:04,-55
BLE,1704635562251756396,D3:F4:55:AB:96:20,-63
BLE,1704635562825238634,D3:F4:55:AB:96:20,-63
BLE,1704635563024029161,D3:F4:55:AB:96:20,-62
BLE,1704635563160473839,DF:DF:EE:00:00:04,-56
BLE,1704635563621728233,DF:DF:EE:00:00:04,-54
BLE,1704635563987861656,D3:F4:55:AB:96:20,-62
BLE,1704635564158294202,DF:DF:EE:00:00:04,-39
BLE,1704635564374841138,D3:F4:55:AB:96:20,-81
BLE,1704635564615188660,DF:DF:EE:00:00:04,-55
BLE,1704635565153664411,DF:DF:EE:00:00:04,-55
BLE,1704635565720483100,D3:F4:55:AB:96:20,-63
BLE,1704635566307435561,D3:F4:55:AB:96:20,-64
BLE,1704635566696711323,D3:F4:55:AB:96:20,-63
BLE,1704635566894509688,D3:F4:55:AB:96:20,-62
BLE,1704635567081786732,D3:F4:55:AB:96:20,-62
BLE,1704635567460495756,D3:F4:55:AB:96:20,-57
BLE,1704635567651612530,D3:F4:55:AB:96:20,-62
BLE,1704635568038776178,D3:F4:55:AB:96:20,-64
BLE,1704635568167350688,DF:DF:EE:00:00:04,-57
BLE,1704635568227250716,D3:F4:55:AB:96:20,-61
BLE,1704635568605465909,D3:F4:55:AB:96:20,-59
BLE,1704635568987936873,D3:F4:55:AB:96:20,-63
BLE,1704635569174497712,D3:F4:55:AB:96:20,-62
BLE,1704635569370567003,D3:F4:55:AB:96:20,-47
BLE,1704635569564975301,D3:F4:55:AB:96:20,-64
BLE,1704635570715322761,D3:F4:55:AB:96:20,-77
BLE,1704635570907974319,D3:F4:55:AB:96:20,-62
BLE,1704635570985230757,DF:DF:EE:00:00:04,-55
BLE,1704635571099117843,D3:F4:55:AB:96:20,-63
BLE,1704635571286380595,D3:F4:55:AB:96:20,-58
BLE,1704635571677479014,D3:F4:55:AB:96:20,-48
BLE,1704635572434549148,DF:DF:EE:00:00:04,-54
BLE,1704635572437451008,D3:F4:55:AB:96:20,-62
BLE,1704635573017899003,D3:F4:55:AB:96:20,-61
BLE,1704635573209288275,D3:F4:55:AB:96:20,-62
BLE,1704635573783694801,D3:F4:55:AB:96:20,-62
BLE,1704635573972567128,D3:F4:55:AB:96:20,-63
BLE,1704635574364231753,D3:F4:55:AB:96:20,-81
BLE,1704635574943034631,D3:F4:55:AB:96:20,-64
BLE,1704635575509804945,D3:F4:55:AB:96:20,-59
BLE,1704635575706671106,D3:F4:55:AB:96:20,-64
BLE,1704635576089961316,D3:F4:55:AB:96:20,-63
BLE,1704635576260598069,DF:DF:EE:00:00:04,-53
BLE,1704635576469348670,D3:F4:55:AB:96:20,-62
BLE,1704635577821454849,D3:F4:55:AB:96:20,-64
BLE,1704635577946912167,DF:A6:DC:DC:2E:81,-82
BLE,1704635577946972666,DF:DF:EE:00:00:01,-82
BLE,1704635578203691939,D3:F4:55:AB:96:20,-63
BLE,1704635578395644000,D3:F4:55:AB:96:20,-62
BLE,1704635578536274407,DF:DF:EE:00:00:04,-54
BLE,1704635578594360569,D3:F4:55:AB:96:20,-58
BLE,1704635579176325930,D3:F4:55:AB:96:20,-63
BLE,1704635579368023660,D3:F4:55:AB:96:20,-63
BLE,1704635579558322188,D3:F4:55:AB:96:20,-48
BLE,1704635580330652661,D3:F4:55:AB:96:20,-61
BLE,1704635580345530002,DF:DF:EE:00:00:04,-50
BLE,1704635580491126633,DF:A6:DC:DC:2E:81,-82
BLE,1704635580491184883,DF:DF:EE:00:00:01,-82
BLE,1704635580716487649,D3:F4:55:AB:96:20,-62
BLE,1704635581347772342,DF:DF:EE:00:00:04,-54
BLE,1704635581481389035,D3:F4:55:AB:96:20,-61
BLE,1704635581803631764,DF:DF:EE:00:00:04,-55
BLE,1704635581861969133,D3:F4:55:AB:96:20,-62
BLE,1704635582058499254,D3:F4:55:AB:96:20,-64
BLE,1704635582245450716,D3:F4:55:AB:96:20,-63
BLE,1704635583791842570,D3:F4:55:AB:96:20,-63
BLE,1704635584175629444,D3:F4:55:AB:96:20,-48
BLE,1704635584314910524,DF:A6:DC:DC:2E:81,-84
BLE,1704635584314945524,DF:DF:EE:00:00:01,-84
BLE,1704635584360249417,DF:DF:EE:00:00:04,-38
BLE,1704635584554474926,D3:F4:55:AB:96:20,-64
BLE,1704635585517860090,D3:F4:55:AB:96:20,-64
BLE,1704635586289515732,D3:F4:55:AB:96:20,-64
BLE,1704635587055493113,D3:F4:55:AB:96:20,-64
BLE,1704635587441652141,D3:F4:55:AB:96:20,-57
BLE,1704635588454985925,DF:DF:EE:00:00:04,-47
BLE,1704635588600505432,D3:F4:55:AB:96:20,-64
BLE,1704635588907282407,DF:DF:EE:00:00:04,-38
BLE,1704635588988393659,D3:F4:55:AB:96:20,-62
BLE,1704635589375931222,D3:F4:55:AB:96:20,-64
BLE,1704635589401947422,DF:A6:DC:DC:2E:81,-82
BLE,1704635589401959047,DF:DF:EE:00:00:01,-82
BLE,1704635589963420014,D3:F4:55:AB:96:20,-62
BLE,1704635590157280565,D3:F4:55:AB:96:20,-47
BLE,1704635590344772233,D3:F4:55:AB:96:20,-61
BLE,1704635590729961474,D3:F4:55:AB:96:20,-63
BLE,1704635590925239144,D3:F4:55:AB:96:20,-64
BLE,1704635591308458145,D3:F4:55:AB:96:20,-63
BLE,1704635591495753939,D3:F4:55:AB:96:20,-61
BLE,1704635591878288152,D3:F4:55:AB:96:20,-61
BLE,1704635592074069403,D3:F4:55:AB:96:20,-63
BLE,1704635592456487950,D3:F4:55:AB:96:20,-62
BLE,1704635592458062233,DF:DF:EE:00:00:04,-53
BLE,1704635593024888339,D3:F4:55:AB:96:20,-61
BLE,1704635594190359346,D3:F4:55:AB:96:20,-61
BLE,1704635594573355932,D3:F4:55:AB:96:20,-63
BLE,1704635594740649203,DF:DF:EE:00:00:04,-55
BLE,1704635594772636539,D3:F4:55:AB:96:20,-47
BLE,1704635595154690380,D3:F4:55:AB:96:20,-64
BLE,1704635595281924980,DF:DF:EE:00:00:04,-55
BLE,1704635595536790554,D3:F4:55:AB:96:20,-64
BLE,1704635595733021718,D3:F4:55:AB:96:20,-64
BLE,1704635595927306726,D3:F4:55:AB:96:20,-61
BLE,1704635596124406720,D3:F4:55:AB:96:20,-64
BLE,1704635596276935149,DF:DF:EE:00:00:04,-56
BLE,1704635596315750409,D3:F4:55:AB:96:20,-63
BLE,1704635596505811314,D3:F4:55:AB:96:20,-64
BLE,1704635596700893651,D3:F4:55:AB:96:20,-64
BLE,1704635596737721463,DF:DF:EE:00:00:04,-54
BLE,1704635596893840458,D3:F4:55:AB:96:20,-62
BLE,1704635597087138720,D3:F4:55:AB:96:20,-62
BLE,1704635597279073615,D3:F4:55:AB:96:20,-61
BLE,1704635597470423263,D3:F4:55:AB:96:20,-64
BLE,1704635597659588839,D3:F4:55:AB:96:20,-48
BLE,1704635598009391469,DF:DF:EE:00:00:04,-56
BLE,1704635598420405079,D3:F4:55:AB:96:20,-57
BLE,1704635598807491561,D3:F4:55:AB:96:20,-62
BLE,1704635599189400610,D3:F4:55:AB:96:20,-62
BLE,1704635599386643770,D3:F4:55:AB:96:20,-64
BLE,1704635599579432369,D3:F4:55:AB:96:20,-48
BLE,1704635599772483466,D3:F4:55:AB:96:20,-63
BLE,1704635599823229624,DF:DF:EE:00:00:04,-45
BLE,1704635599968187259,D3:F4:55:AB:96:20,-63
BLE,1704635600736698834,D3:F4:55:AB:96:20,-64
BLE,1704635601118433052,D3:F4:55:AB:96:20,-59
BLE,1704635602468752906,D3:F4:55:AB:96:20,-64
BLE,1704635602666064066,D3:F4:55:AB:96:20,-63
BLE,1704635603050588185,D3:F4:55:AB:96:20,-64
BLE,1704635603105635529,DF:DF:EE:00:00:04,-53
BLE,1704635603239593387,D3:F4:55:AB:96:20,-61
BLE,1704635603569781909,DF:DF:EE:00:00:04,-55
BLE,1704635603806664241,D3:F4:55:AB:96:20,-64
BLE,1704635604578688007,D3:F4:55:AB:96:20,-63
BLE,1704635604678082333,DF:A6:DC:DC:2E:81,-82
BLE,1704635604678125708,DF:DF:EE:00:00:01,-82
BLE,1704635604767541710,D3:F4:55:AB:96:20,-62
BLE,1704635605102940164,DF:DF:EE:00:00:04,-53
BLE,1704635605153465406,D3:F4:55:AB:96:20,-63
BLE,1704635605350797773,D3:F4:55:AB:96:20,-61
BLE,1704635605549712215,D3:F4:55:AB:96:20,-62
BLE,1704635605568687410,DF:DF:EE:00:00:04,-54
BLE,1704635605931816723,D3:F4:55:AB:96:20,-63
BLE,1704635606101315774,DF:DF:EE:00:00:04,-54
BLE,1704635606125283193,D3:F4:55:AB:96:20,-48
BLE,1704635606508648110,D3:F4:55:AB:96:20,-62
BLE,1704635607087197531,D3:F4:55:AB:96:20,-48
BLE,1704635607283410446,D3:F4:55:AB:96:20,-63
BLE,1704635607837474825,DF:DF:EE:00:00:04,-55
BLE,1704635607866269094,D3:F4:55:AB:96:20,-62
BLE,1704635608056702997,D3:F4:55:AB:96:20,-62
BLE,1704635608246981525,D3:F4:55:AB:96:20,-63
BLE,1704635608377305527,DF:DF:EE:00:00:04,-55
BLE,1704635608436993930,D3:F4:55:AB:96:20,-61
BLE,1704635608628458994,D3:F4:55:AB:96:20,-64
BLE,1704635609018235420,D3:F4:55:AB:96:20,-61
BLE,1704635609210901937,D3:F4:55:AB:96:20,-62
BLE,1704635609402290751,D3:F4:55:AB:96:20,-62
BLE,1704635609593533399,D3:F4:55:AB:96:20,-63
BLE,1704635609984190613,D3:F4:55:AB:96:20,-64
BLE,1704635610942617052,D3:F4:55:AB:96:20,-64
BLE,1704635611322643028,D3:F4:55:AB:96:20,-63
BLE,1704635611899784539,D3:F4:55:AB:96:20,-58
BLE,1704635612278508814,D3:F4:55:AB:96:20,-59
BLE,1704635612465290568,D3:F4:55:AB:96:20,-70
BLE,1704635612848593403,D3:F4:55:AB:96:20,-62
BLE,1704635613231974987,D3:F4:55:AB:96:20,-61
BLE,1704635613232795483,D3:F4:55:AB:96:20,-49
BLE,1704635613427082449,D3:F4:55:AB:96:20,-64
BLE,1704635613613916870,D3:F4:55:AB:96:20,-58
BLE,1704635613805046269,D3:F4:55:AB:96:20,-64
BLE,1704635614381085411,D3:F4:55:AB:96:20,-64
BLE,1704635614849859725,DF:A6:DC:DC:2E:81,-83
BLE,1704635614849900225,DF:DF:EE:00:00:01,-83
BLE,1704635616876716042,D3:F4:55:AB:96:20,-61
BLE,1704635616934941120,DF:DF:EE:00:00:04,-55
BLE,1704635617388069597,DF:A6:DC:DC:2E:81,-85
BLE,1704635617388108847,DF:DF:EE:00:00:01,-85
BLE,1704635617452519768,D3:F4:55:AB:96:20,-62
BLE,1704635617643299544,D3:F4:55:AB:96:20,-62
BLE,1704635617833956362,D3:F4:55:AB:96:20,-63
BLE,1704635618020766492,D3:F4:55:AB:96:20,-62
BLE,1704635618210519814,DF:DF:EE:00:00:04,-55
BLE,1704635618406373106,D3:F4:55:AB:96:20,-62
BLE,1704635619182038270,D3:F4:55:AB:96:20,-64
BLE,1704635619378639349,D3:F4:55:AB:96:20,-63
BLE,1704635619493263681,DF:DF:EE:00:00:04,-54
BLE,1704635619567498427,D3:F4:55:AB:96:20,-63
BLE,1704635619754233431,D3:F4:55:AB:96:20,-62
BLE,1704635619934769968,DF:A6:DC:DC:2E:81,-85
BLE,1704635619934798009,DF:DF:EE:00:00:01,-85
BLE,1704635619946945031,D3:F4:55:AB:96:20,-63
BLE,1704635620135987315,D3:F4:55:AB:96:20,-62
BLE,1704635620332450020,D3:F4:55:AB:96:20,-64
BLE,1704635620490765545,DF:DF:EE:00:00:04,-55
BLE,1704635620521260431,D3:F4:55:AB:96:20,-61
BLE,1704635620908266747,D3:F4:55:AB:96:20,-62
BLE,1704635621098871273,D3:F4:55:AB:96:20,-64
BLE,1704635621676855780,D3:F4:55:AB:96:20,-62
BLE,1704635621866547437,D3:F4:55:AB:96:20,-61
BLE,1704635622254178582,D3:F4:55:AB:96:20,-61
BLE,1704635622255694200,D3:F4:55:AB:96:20,-62
BLE,1704635622444623068,D3:F4:55:AB:96:20,-59
BLE,1704635622636555296,D3:F4:55:AB:96:20,-62
BLE,1704635622829593269,D3:F4:55:AB:96:20,-63
BLE,1704635623756729868,DF:DF:EE:00:00:04,-53
BLE,1704635624563283833,D3:F4:55:AB:96:20,-63
BLE,1704635624758915584,D3:F4:55:AB:96:20,-62
BLE,1704635625913134940,D3:F4:55:AB:96:20,-62
BLE,1704635626034527653,DF:DF:EE:00:00:04,-38
BLE,1704635626873141496,D3:F4:55:AB:96:20,-64
BLE,1704635627258632653,D3:F4:55:AB:96:20,-62
BLE,1704635627844787868,D3:F4:55:AB:96:20,-63
BLE,1704635628030955000,D3:F4:55:AB:96:20,-57
BLE,1704635628605273734,D3:F4:55:AB:96:20,-62
BLE,1704635628799805449,D3:F4:55:AB:96:20,-62
BLE,1704635629116531415,DF:DF:EE:00:00:04,-54
BLE,1704635629760924250,D3:F4:55:AB:96:20,-64
BLE,1704635630121971740,DF:DF:EE:00:00:04,-55
BLE,1704635630150872675,D3:F4:55:AB:96:20,-63
BLE,1704635630343627566,D3:F4:55:AB:96:20,-64
BLE,1704635630575198300,DF:DF:EE:00:00:04,-53
BLE,1704635631306081485,D3:F4:55:AB:96:20,-64
BLE,1704635631385353788,DF:A6:DC:DC:2E:81,-81
BLE,1704635631385409913,DF:DF:EE:00:00:01,-81
BLE,1704635631582443407,DF:DF:EE:00:00:04,-56
BLE,1704635631686664791,D3:F4:55:AB:96:20,-63
BLE,1704635632068519175,D3:F4:55:AB:96:20,-62
BLE,1704635632263289472,D3:F4:55:AB:96:20,-62
BLE,1704635632645161230,D3:F4:55:AB:96:20,-61
BLE,1704635633029751725,D3:F4:55:AB:96:20,-62
BLE,1704635633222144909,D3:F4:55:AB:96:20,-63
BLE,1704635633387624564,DF:DF:EE:00:00:04,-38
BLE,1704635633411000903,D3:F4:55:AB:96:20,-61
BLE,1704635634374119943,D3:F4:55:AB:96:20,-62
BLE,1704635634560738782,D3:F4:55:AB:96:20,-63
BLE,1704635634949383255,D3:F4:55:AB:96:20,-63
BLE,1704635635334110624,D3:F4:55:AB:96:20,-62
BLE,1704635636294710261,D3:F4:55:AB:96:20,-57
BLE,1704635636484842248,D3:F4:55:AB:96:20,-64
BLE,1704635636673812991,D3:F4:55:AB:96:20,-62
BLE,1704635637408156242,DF:DF:EE:00:00:04,-57
BLE,1704635637823943993,D3:F4:55:AB:96:20,-62
BLE,1704635637948994105,DF:DF:EE:00:00:04,-52
BLE,1704635638214245167,D3:F4:55:AB:96:20,-64
BLE,1704635638405359983,DF:DF:EE:00:00:04,-53
BLE,1704635638603355055,D3:F4:55:AB:96:20,-63
BLE,1704635638790326892,D3:F4:55:AB:96:20,-63
BLE,1704635639375183864,D3:F4:55:AB:96:20,-63
BLE,1704635639567119467,D3:F4:55:AB:96:20,-64
BLE,1704635640294912126,DF:A6:DC:DC:2E:81,-83
BLE,1704635640294949084,DF:DF:EE:00:00:01,-83
BLE,1704635640725642051,D3:F4:55:AB:96:20,-61
BLE,1704635640916158537,D3:F4:55:AB:96:20,-53
BLE,1704635640946891171,DF:DF:EE:00:00:04,-54
BLE,1704635641399228403,DF:DF:EE:00:00:04,-38
BLE,1704635641684030199,D3:F4:55:AB:96:20,-63
BLE,1704635641872555528,D3:F4:55:AB:96:20,-61
BLE,1704635641943958372,DF:DF:EE:00:00:04,-54
BLE,1704635642012841520,DF:DF:EE:00:00:04,-54
BLE,1704635642450917741,D3:F4:55:AB:96:20,-62
BLE,1704635642841579080,D3:F4:55:AB:96:20,-63
BLE,1704635642907958782,DF:DF:EE:00:00:04,-53
BLE,1704635643032658729,D3:F4:55:AB:96:20,-63
BLE,1704635643219473775,D3:F4:55:AB:96:20,-63
BLE,1704635643417452222,D3:F4:55:AB:96:20,-64
BLE,1704635644000627703,D3:F4:55:AB:96:20,-63
BLE,1704635644757622171,D3:F4:55:AB:96:20,-63
BLE,1704635644907434697,DF:DF:EE:00:00:04,-54
BLE,1704635644949739315,D3:F4:55:AB:96:20,-62
BLE,1704635645147851761,D3:F4:55:AB:96:20,-62
BLE,1704635645381135070,DF:A6:DC:DC:2E:81,-83
BLE,1704635645381174361,DF:DF:EE:00:00:01,-83
BLE,1704635645442339757,DF:DF:EE:00:00:04,-51
BLE,1704635645532966420,D3:F4:55:AB:96:20,-62
BLE,1704635645901299122,DF:DF:EE:00:00:04,-53
BLE,1704635646116833938,D3:F4:55:AB:96:20,-64
BLE,1704635646440117287,DF:DF:EE:00:00:04,-54
BLE,1704635646894344926,D3:F4:55:AB:96:20,-62
BLE,1704635646904117376,DF:DF:EE:00:00:04,-56
BLE,1704635647086130739,D3:F4:55:AB:96:20,-64
BLE,1704635647447420352,DF:DF:EE:00:00:04,-73
BLE,1704635647859404873,D3:F4:55:AB:96:20,-62
BLE,1704635647899106837,DF:DF:EE:00:00:04,-54
BLE,1704635647924887331,DF:A6:DC:DC:2E:81,-72
BLE,1704635647924941872,DF:DF:EE:00:00:01,-72
BLE,1704635649212840212,D3:F4:55:AB:96:20,-64
BLE,1704635649403003574,D3:F4:55:AB:96:20,-64
BLE,1704635649443996240,DF:DF:EE:00:00:04,-40
BLE,1704635649591753777,D3:F4:55:AB:96:20,-62
BLE,1704635649781655349,D3:F4:55:AB:96:20,-64
BLE,1704635649902861564,DF:DF:EE:00:00:04,-38
BLE,1704635649968885601,D3:F4:55:AB:96:20,-61
BLE,1704635650465141526,DF:A6:DC:DC:2E:81,-82
BLE,1704635650465179442,DF:DF:EE:00:00:01,-82
BLE,1704635650546246862,D3:F4:55:AB:96:20,-64
BLE,1704635650734242777,D3:F4:55:AB:96:20,-75
BLE,1704635650924062182,D3:F4:55:AB:96:20,-63
BLE,1704635651118327065,D3:F4:55:AB:96:20,-52
BLE,1704635651179933292,DF:DF:EE:00:00:04,-64
BLE,1704635651316707844,D3:F4:55:AB:96:20,-63
BLE,1704635651511506683,D3:F4:55:AB:96:20,-62
BLE,1704635651703314245,D3:F4:55:AB:96:20,-62
BLE,1704635652459580175,DF:DF:EE:00:00:04,-56
BLE,1704635653234702383,D3:F4:55:AB:96:20,-48
BLE,1704635653426613320,D3:F4:55:AB:96:20,-59
BLE,1704635653451594859,DF:DF:EE:00:00:04,-55
BLE,1704635653614024363,D3:F4:55:AB:96:20,-58
BLE,1704635653806278673,D3:F4:55:AB:96:20,-62
BLE,1704635654002124589,D3:F4:55:AB:96:20,-63
BLE,1704635654394722918,D3:F4:55:AB:96:20,-47
BLE,1704635654459117047,DF:DF:EE:00:00:04,-53
BLE,1704635654589635214,D3:F4:55:AB:96:20,-64
BLE,1704635654779448328,D3:F4:55:AB:96:20,-63
BLE,1704635654968560863,D3:F4:55:AB:96:20,-61
BLE,1704635654991404579,DF:DF:EE:00:00:04,-55
BLE,1704635655158897974,D3:F4:55:AB:96:20,-63
BLE,1704635655350311497,D3:F4:55:AB:96:20,-58
BLE,1704635655451410522,DF:DF:EE:00:00:04,-55
BLE,1704635656127905318,D3:F4:55:AB:96:20,-64
BLE,1704635656514548302,D3:F4:55:AB:96:20,-68
BLE,1704635656894619486,D3:F4:55:AB:96:20,-62
BLE,1704635657081581531,D3:F4:55:AB:96:20,-82
BLE,1704635657279372313,D3:F4:55:AB:96:20,-64
BLE,1704635657669190822,D3:F4:55:AB:96:20,-63
BLE,1704635658253971878,D3:F4:55:AB:96:20,-63
BLE,1704635658837557148,D3:F4:55:AB:96:20,-61
BLE,1704635659029363127,D3:F4:55:AB:96:20,-53
BLE,1704635659289304716,DF:DF:EE:00:00:04,-44
BLE,1704635659413387499,D3:F4:55:AB:96:20,-80
BLE,1704635659796945207,D3:F4:55:AB:96:20,-63
BLE,1704635659987049195,D3:F4:55:AB:96:20,-63
BLE,1704635660368005166,D3:F4:55:AB:96:20,-62
BLE,1704635660562811255,D3:F4:55:AB:96:20,-64
BLE,1704635660564804036,DF:DF:EE:00:00:04,-55
BLE,1704635660660123633,DF:A6:DC:DC:2E:81,-82
BLE,1704635660660159924,DF:DF:EE:00:00:01,-82
BLE,1704635660944387764,D3:F4:55:AB:96:20,-63
BLE,1704635661103360494,DF:DF:EE:00:00:04,-56
BLE,1704635661528373199,D3:F4:55:AB:96:20,-64
BLE,1704635662099936530,D3:F4:55:AB:96:20,-63
BLE,1704635662483928361,D3:F4:55:AB:96:20,-63
BLE,1704635662562653209,DF:DF:EE:00:00:04,-55
BLE,1704635663105646978,DF:DF:EE:00:00:04,-56
BLE,1704635663253291141,D3:F4:55:AB:96:20,-64
BLE,1704635663560107741,DF:DF:EE:00:00:04,-54
BLE,1704635663634824693,D3:F4:55:AB:96:20,-62
BLE,1704635663824225267,D3:F4:55:AB:96:20,-64
BLE,1704635664011755018,D3:F4:55:AB:96:20,-57
BLE,1704635664207215395,D3:F4:55:AB:96:20,-64
BLE,1704635664966467018,D3:F4:55:AB:96:20,-63
BLE,1704635665110057701,DF:DF:EE:00:00:04,-55
BLE,1704635665356501151,D3:F4:55:AB:96:20,-63
BLE,1704635665739868277,D3:F4:55:AB:96:20,-62
BLE,1704635665927573360,D3:F4:55:AB:96:20,-48
BLE,1704635666106905902,DF:DF:EE:00:00:04,-70
BLE,1704635666323870836,D3:F4:55:AB:96:20,-64
BLE,1704635666606808850,DF:DF:EE:00:00:04,-55
BLE,1704635666897582823,D3:F4:55:AB:96:20,-63
BLE,1704635667027392077,DF:A6:DC:DC:2E:81,-83
BLE,1704635667027450452,DF:DF:EE:00:00:01,-83
BLE,1704635667065779839,DF:DF:EE:00:00:04,-51
BLE,1704635667086374943,D3:F4:55:AB:96:20,-64
BLE,1704635667467170831,D3:F4:55:AB:96:20,-83
BLE,1704635667604014258,DF:DF:EE:00:00:04,-55
BLE,1704635668060691842,DF:DF:EE:00:00:04,-48
BLE,1704635668825351521,D3:F4:55:AB:96:20,-62
BLE,1704635669024924627,D3:F4:55:AB:96:20,-80
BLE,1704635669612280836,D3:F4:55:AB:96:20,-61
BLE,1704635669802153616,D3:F4:55:AB:96:20,-48
BLE,1704635669994580717,D3:F4:55:AB:96:20,-63
BLE,1704635670341858777,DF:DF:EE:00:00:04,-55
BLE,1704635670767973435,D3:F4:55:AB:96:20,-53
BLE,1704635670959056167,D3:F4:55:AB:96:20,-62
BLE,1704635671153213717,D3:F4:55:AB:96:20,-63
BLE,1704635671336737322,DF:DF:EE:00:00:04,-51
BLE,1704635671344268450,D3:F4:55:AB:96:20,-61
BLE,1704635671533086194,D3:F4:55:AB:96:20,-62
BLE,1704635671877348145,DF:DF:EE:00:00:04,-63
BLE,1704635672307303866,D3:F4:55:AB:96:20,-63
BLE,1704635672343381431,DF:DF:EE:00:00:04,-54
BLE,1704635672499394260,D3:F4:55:AB:96:20,-62
BLE,1704635672688568919,D3:F4:55:AB:96:20,-62
BLE,1704635672874954425,D3:F4:55:AB:96:20,-61
BLE,1704635672877043331,DF:DF:EE:00:00:04,-54
BLE,1704635673070459010,D3:F4:55:AB:96:20,-64
BLE,1704635673259551586,D3:F4:55:AB:96:20,-61
BLE,1704635673452912432,D3:F4:55:AB:96:20,-64
BLE,1704635673880880872,DF:DF:EE:00:00:04,-56
BLE,1704635674027950871,D3:F4:55:AB:96:20,-63
BLE,1704635674344801295,DF:DF:EE:00:00:04,-44
BLE,1704635674409675963,D3:F4:55:AB:96:20,-63
BLE,1704635674802787206,D3:F4:55:AB:96:20,-64
BLE,1704635674876643287,DF:DF:EE:00:00:04,-38
BLE,1704635674953369062,DF:DF:EE:00:00:04,-49
BLE,1704635674997089339,D3:F4:55:AB:96:20,-48
BLE,1704635675774428911,D3:F4:55:AB:96:20,-62
BLE,1704635675935657213,DF:A6:DC:DC:2E:81,-72
BLE,1704635675935675254,DF:DF:EE:00:00:01,-72
BLE,1704635675969602165,D3:F4:55:AB:96:20,-48
BLE,1704635676119831022,DF:DF:EE:00:00:04,-54
BLE,1704635676658613146,DF:DF:EE:00:00:04,-53
BLE,1704635676725983885,D3:F4:55:AB:96:20,-62
BLE,1704635677494768043,D3:F4:55:AB:96:20,-62
BLE,1704635677685979025,D3:F4:55:AB:96:20,-64
BLE,1704635677874578520,D3:F4:55:AB:96:20,-61
BLE,1704635678069630483,D3:F4:55:AB:96:20,-63
BLE,1704635678116751034,DF:DF:EE:00:00:04,-42
BLE,1704635678841676707,D3:F4:55:AB:96:20,-64
BLE,1704635679037497749,D3:F4:55:AB:96:20,-64
BLE,1704635679234769158,D3:F4:55:AB:96:20,-64
BLE,1704635679426784886,D3:F4:55:AB:96:20,-62
BLE,1704635679759714894,DF:A6:DC:DC:2E:81,-80
BLE,1704635679759775894,DF:DF:EE:00:00:01,-80
BLE,1704635680003460024,D3:F4:55:AB:96:20,-64
BLE,1704635680199412232,D3:F4:55:AB:96:20,-64
BLE,1704635680772028058,D3:F4:55:AB:96:20,-62
BLE,1704635680969751798,D3:F4:55:AB:96:20,-62
BLE,1704635681346791331,D3:F4:55:AB:96:20,-63
BLE,1704635681650572489,DF:DF:EE:00:00:04,-54
BLE,1704635681720977962,DF:DF:EE:00:00:04,-53
BLE,1704635682112544921,D3:F4:55:AB:96:20,-64
BLE,1704635682157537108,DF:DF:EE:00:00:04,-54
BLE,1704635682487982754,D3:F4:55:AB:96:20,-48
BLE,1704635683069193453,D3:F4:55:AB:96:20,-61
BLE,1704635683159635158,DF:DF:EE:00:00:04,-54
BLE,1704635683454983149,D3:F4:55:AB:96:20,-62
BLE,1704635683652352017,D3:F4:55:AB:96:20,-61
BLE,1704635684040211661,D3:F4:55:AB:96:20,-63
BLE,1704635684232650595,D3:F4:55:AB:96:20,-64
BLE,1704635684422649292,D3:F4:55:AB:96:20,-63
BLE,1704635684814945622,D3:F4:55:AB:96:20,-64
BLE,1704635684886729547,DF:DF:EE:00:00:04,-55
BLE,1704635685201485481,D3:F4:55:AB:96:20,-64
BLE,1704635685584905440,D3:F4:55:AB:96:20,-62
BLE,1704635686159910170,D3:F4:55:AB:96:20,-61
BLE,1704635686354915800,D3:F4:55:AB:96:20,-61
BLE,1704635686889560361,DF:DF:EE:00:00:04,-56
BLE,1704635687309871173,D3:F4:55:AB:96:20,-63
BLE,1704635688163092900,DF:DF:EE:00:00:04,-54
BLE,1704635688462522621,D3:F4:55:AB:96:20,-64
BLE,1704635688649856039,D3:F4:55:AB:96:20,-64
BLE,1704635688671220930,DF:A6:DC:DC:2E:81,-83
BLE,1704635688671252805,DF:DF:EE:00:00:01,-83
BLE,1704635689415000340,D3:F4:55:AB:96:20,-63
BLE,1704635689438845843,DF:DF:EE:00:00:04,-53
BLE,1704635689983409104,DF:DF:EE:00:00:04,-54
BLE,1704635689993844926,D3:F4:55:AB:96:20,-64
BLE,1704635690562583522,D3:F4:55:AB:96:20,-58
BLE,1704635690945550108,D3:F4:55:AB:96:20,-48
BLE,1704635691134752017,D3:F4:55:AB:96:20,-63
BLE,1704635692871025026,D3:F4:55:AB:96:20,-62
BLE,1704635693061258679,D3:F4:55:AB:96:20,-63
BLE,1704635693257499302,DF:DF:EE:00:00:04,-55
BLE,1704635693838621626,D3:F4:55:AB:96:20,-64
BLE,1704635694228346886,D3:F4:55:AB:96:20,-61
BLE,1704635694426136335,D3:F4:55:AB:96:20,-63
BLE,1704635694614391832,D3:F4:55:AB:96:20,-62
BLE,1704635694719962584,DF:DF:EE:00:00:04,-56
BLE,1704635695203843405,D3:F4:55:AB:96:20,-64
BLE,1704635695580449524,D3:F4:55:AB:96:20,-61
BLE,1704635695775052280,D3:F4:55:AB:96:20,-63
BLE,1704635695963807983,D3:F4:55:AB:96:20,-48
BLE,1704635696155417838,D3:F4:55:AB:96:20,-64
BLE,1704635696298592648,DF:A6:DC:DC:2E:81,-72
BLE,1704635696298614731,DF:DF:EE:00:00:01,-72
BLE,1704635696347570106,D3:F4:55:AB:96:20,-63
BLE,1704635696996175211,DF:DF:EE:00:00:04,-54
BLE,1704635697119485831,D3:F4:55:AB:96:20,-48
BLE,1704635697312056348,D3:F4:55:AB:96:20,-61
BLE,1704635697505428527,D3:F4:55:AB:96:20,-47
BLE,1704635698274446434,DF:DF:EE:00:00:04,-55
BLE,1704635698652264504,D3:F4:55:AB:96:20,-63
BLE,1704635699227281651,D3:F4:55:AB:96:20,-62
BLE,1704635699269387311,DF:DF:EE:00:00:04,-48
BLE,1704635699609783282,D3:F4:55:AB:96:20,-61
BLE,1704635699997622468,D3:F4:55:AB:96:20,-62
BLE,1704635700273509892,DF:DF:EE:00:00:04,-54
BLE,1704635700386273941,D3:F4:55:AB:96:20,-64
BLE,1704635700574884103,D3:F4:55:AB:96:20,-62
BLE,1704635700808426994,DF:DF:EE:00:00:04,-55
BLE,1704635701149605210,D3:F4:55:AB:96:20,-48
BLE,1704635701526469411,D3:F4:55:AB:96:20,-48
BLE,1704635701919048823,D3:F4:55:AB:96:20,-62
BLE,1704635702106552282,D3:F4:55:AB:96:20,-61
BLE,1704635702271247483,DF:DF:EE:00:00:04,-54
BLE,1704635702296083606,D3:F4:55:AB:96:20,-48
BLE,1704635702485541555,D3:F4:55:AB:96:20,-62
BLE,1704635702817602901,DF:DF:EE:00:00:04,-55
BLE,1704635703272373537,DF:DF:EE:00:00:04,-54
BLE,1704635703642350148,D3:F4:55:AB:96:20,-62
BLE,1704635703837190861,D3:F4:55:AB:96:20,-62
BLE,1704635704797768456,D3:F4:55:AB:96:20,-62
BLE,1704635705576512396,D3:F4:55:AB:96:20,-64
BLE,1704635705825080002,DF:DF:EE:00:00:04,-54
BLE,1704635705959071151,D3:F4:55:AB:96:20,-48
BLE,1704635706149701886,D3:F4:55:AB:96:20,-62
BLE,1704635706345300221,D3:F4:55:AB:96:20,-62
BLE,1704635707111180976,D3:F4:55:AB:96:20,-62
BLE,1704635707639338779,DF:DF:EE:00:00:04,-54
BLE,1704635708070713202,D3:F4:55:AB:96:20,-63
BLE,1704635708097238733,DF:DF:EE:00:00:04,-53
BLE,1704635708645926764,D3:F4:55:AB:96:20,-48
BLE,1704635709411723687,D3:F4:55:AB:96:20,-62
BLE,1704635709795636310,D3:F4:55:AB:96:20,-63
BLE,1704635709993090260,D3:F4:55:AB:96:20,-58
BLE,1704635710770643623,D3:F4:55:AB:96:20,-63
BLE,1704635710964139885,D3:F4:55:AB:96:20,-64
BLE,1704635711158345227,D3:F4:55:AB:96:20,-62
BLE,1704635711922727782,D3:F4:55:AB:96:20,-64
BLE,1704635712498911423,D3:F4:55:AB:96:20,-48
BLE,1704635712649193489,DF:DF:EE:00:00:04,-55
BLE,1704635713075333604,D3:F4:55:AB:96:20,-84
BLE,1704635713642181293,D3:F4:55:AB:96:20,-78
BLE,1704635713919764959,DF:DF:EE:00:00:04,-55
BLE,1704635714117777198,DF:A6:DC:DC:2E:81,-82
BLE,1704635714117820823,DF:DF:EE:00:00:01,-82
BLE,1704635714220095884,D3:F4:55:AB:96:20,-62
BLE,1704635714466433459,DF:DF:EE:00:00:04,-56
BLE,1704635714599230281,D3:F4:55:AB:96:20,-62
BLE,1704635714987744422,D3:F4:55:AB:96:20,-63
BLE,1704635715178032325,D3:F4:55:AB:96:20,-62
BLE,1704635715560877287,D3:F4:55:AB:96:20,-61
BLE,1704635715947717437,D3:F4:55:AB:96:20,-64
BLE,1704635716136623805,D3:F4:55:AB:96:20,-64
BLE,1704635716522747500,D3:F4:55:AB:96:20,-63
BLE,1704635716661793457,DF:A6:DC:DC:2E:81,-84
BLE,1704635716661855207,DF:DF:EE:00:00:01,-84
BLE,1704635717293542481,D3:F4:55:AB:96:20,-62
BLE,1704635717687607511,D3:F4:55:AB:96:20,-63
BLE,1704635718072911585,D3:F4:55:AB:96:20,-63
BLE,1704635718462850885,D3:F4:55:AB:96:20,-48
BLE,1704635718475045031,DF:DF:EE:00:00:04,-56
BLE,1704635719208254204,DF:A6:DC:DC:2E:81,-79
BLE,1704635719208307328,DF:DF:EE:00:00:01,-79
BLE,1704635719226092446,D3:F4:55:AB:96:20,-62
BLE,1704635719425473886,D3:F4:55:AB:96:20,-82
BLE,1704635719480554438,DF:DF:EE:00:00:04,-55
BLE,1704635719617899862,D3:F4:55:AB:96:20,-63
BLE,1704635719813982777,D3:F4:55:AB:96:20,-63
BLE,1704635720198326065,D3:F4:55:AB:96:20,-63
BLE,1704635720777777148,D3:F4:55:AB:96:20,-53
BLE,1704635721021823318,DF:DF:EE:00:00:04,-55
BLE,1704635721162653640,D3:F4:55:AB:96:20,-48
BLE,1704635721737814120,D3:F4:55:AB:96:20,-63
BLE,1704635722013690878,DF:DF:EE:00:00:04,-55
BLE,1704635722115371776,D3:F4:55:AB:96:20,-54
BLE,1704635723077977902,D3:F4:55:AB:96:20,-61
BLE,1704635723660499594,D3:F4:55:AB:96:20,-61
BLE,1704635724238427934,D3:F4:55:AB:96:20,-47
BLE,1704635724427143471,D3:F4:55:AB:96:20,-63
BLE,1704635724793445934,DF:DF:EE:00:00:04,-54
BLE,1704635724818726554,D3:F4:55:AB:96:20,-64
BLE,1704635724819988756,D3:F4:55:AB:96:20,-64
BLE,1704635725195888503,D3:F4:55:AB:96:20,-64
BLE,1704635725390683134,D3:F4:55:AB:96:20,-62
BLE,1704635725581314785,D3:F4:55:AB:96:20,-63
BLE,1704635725970087342,D3:F4:55:AB:96:20,-62
BLE,1704635726156248974,D3:F4:55:AB:96:20,-62
BLE,1704635726524386220,DF:DF:EE:00:00:04,-54
BLE,1704635726726818769,D3:F4:55:AB:96:20,-48
BLE,1704635727687221490,D3:F4:55:AB:96:20,-62
BLE,1704635728114186977,DF:A6:DC:DC:2E:81,-82
BLE,1704635728114255518,DF:DF:EE:00:00:01,-82
BLE,1704635728265685703,D3:F4:55:AB:96:20,-64
BLE,1704635728522515516,DF:DF:EE:00:00:04,-54
BLE,1704635728656627040,D3:F4:55:AB:96:20,-61
BLE,1704635728853733408,D3:F4:55:AB:96:20,-63
BLE,1704635729235598125,D3:F4:55:AB:96:20,-63
BLE,1704635730065239972,DF:DF:EE:00:00:04,-41
BLE,1704635730964136965,D3:F4:55:AB:96:20,-64
BLE,1704635731155353447,D3:F4:55:AB:96:20,-61
BLE,1704635731350430826,D3:F4:55:AB:96:20,-64
BLE,1704635732134437739,D3:F4:55:AB:96:20,-63
BLE,1704635732324058229,D3:F4:55:AB:96:20,-64
BLE,1704635732899386208,D3:F4:55:AB:96:20,-64
BLE,1704635733021005795,DF:DF:EE:00:00:04,-69
BLE,1704635733667558494,D3:F4:55:AB:96:20,-63
BLE,1704635734028266277,DF:DF:EE:00:00:04,-55
BLE,1704635734047425012,D3:F4:55:AB:96:20,-62
BLE,1704635734235502469,D3:F4:55:AB:96:20,-75
BLE,1704635734427929611,D3:F4:55:AB:96:20,-63
BLE,1704635734624194109,D3:F4:55:AB:96:20,-48
BLE,1704635735399841106,D3:F4:55:AB:96:20,-48
BLE,1704635735564696473,DF:DF:EE:00:00:04,-53
BLE,1704635735586571403,D3:F4:55:AB:96:20,-63
BLE,1704635736028808561,DF:DF:EE:00:00:04,-56
BLE,1704635736163300708,D3:F4:55:AB:96:20,-62
BLE,1704635736350245378,D3:F4:55:AB:96:20,-62
BLE,1704635736932548821,D3:F4:55:AB:96:20,-62
BLE,1704635737023227067,DF:A6:DC:DC:2E:81,-83
BLE,1704635737023244275,DF:DF:EE:00:00:01,-83
BLE,1704635737296235173,DF:DF:EE:00:00:04,-38
BLE,1704635737699543946,D3:F4:55:AB:96:20,-62
BLE,1704635738279401444,D3:F4:55:AB:96:20,-48
BLE,1704635738299578632,DF:DF:EE:00:00:04,-55
BLE,1704635738466517822,D3:F4:55:AB:96:20,-63
BLE,1704635738658348092,D3:F4:55:AB:96:20,-64
BLE,1704635739040922180,D3:F4:55:AB:96:20,-63
BLE,1704635739231379291,D3:F4:55:AB:96:20,-62
BLE,1704635739305259664,DF:DF:EE:00:00:04,-55
BLE,1704635739421274988,D3:F4:55:AB:96:20,-63
BLE,1704635739567043327,DF:A6:DC:DC:2E:81,-84
BLE,1704635739567060952,DF:DF:EE:00:00:01,-84
BLE,1704635739615797786,D3:F4:55:AB:96:20,-48
BLE,1704635740008080533,D3:F4:55:AB:96:20,-59
BLE,1704635740388545757,D3:F4:55:AB:96:20,-64
BLE,1704635741151853943,D3:F4:55:AB:96:20,-48
BLE,1704635741343382006,D3:F4:55:AB:96:20,-62
BLE,1704635741538739842,D3:F4:55:AB:96:20,-47
BLE,1704635742298229547,D3:F4:55:AB:96:20,-62
BLE,1704635742487782454,D3:F4:55:AB:96:20,-59
BLE,1704635743070043564,D3:F4:55:AB:96:20,-47
BLE,1704635743129325803,DF:DF:EE:00:00:04,-56
BLE,1704635743257823480,D3:F4:55:AB:96:20,-62
BLE,1704635743453356648,D3:F4:55:AB:96:20,-48
BLE,1704635743640888399,D3:F4:55:AB:96:20,-47
BLE,1704635743665899355,DF:DF:EE:00:00:04,-54
BLE,1704635743834601368,D3:F4:55:AB:96:20,-62
BLE,1704635744020879375,D3:F4:55:AB:96:20,-57
BLE,1704635744122789813,DF:DF:EE:00:00:04,-55
BLE,1704635744218551908,D3:F4:55:AB:96:20,-53
BLE,1704635744404585499,D3:F4:55:AB:96:20,-47
BLE,1704635744665580625,DF:DF:EE:00:00:04,-55
BLE,1704635744787938917,D3:F4:55:AB:96:20,-62
BLE,1704635744976998576,D3:F4:55:AB:96:20,-62
BLE,1704635745166387901,D3:F4:55:AB:96:20,-64
BLE,1704635745361133740,D3:F4:55:AB:96:20,-62
BLE,1704635745362626232,D3:F4:55:AB:96:20,-64
BLE,1704635745558079276,D3:F4:55:AB:96:20,-48
BLE,1704635746134008168,D3:F4:55:AB:96:20,-64
BLE,1704635746321546627,D3:F4:55:AB:96:20,-61
BLE,1704635746404021456,DF:DF:EE:00:00:04,-56
BLE,1704635746709282689,D3:F4:55:AB:96:20,-62
BLE,1704635747090961907,D3:F4:55:AB:96:20,-62
BLE,1704635747286136702,D3:F4:55:AB:96:20,-61
BLE,1704635747675694837,DF:DF:EE:00:00:04,-55
BLE,1704635747875339776,D3:F4:55:AB:96:20,-62
BLE,1704635748450938004,D3:F4:55:AB:96:20,-62
BLE,1704635748838572358,D3:F4:55:AB:96:20,-62
BLE,1704635749031621372,D3:F4:55:AB:96:20,-47
BLE,1704635749217813421,DF:DF:EE:00:00:04,-54
BLE,1704635749226614251,D3:F4:55:AB:96:20,-63
BLE,1704635749605949647,D3:F4:55:AB:96:20,-64
BLE,1704635749671674187,DF:DF:EE:00:00:04,-53
BLE,1704635750383890258,D3:F4:55:AB:96:20,-62
BLE,1704635750768477836,D3:F4:55:AB:96:20,-63
BLE,1704635750952057815,DF:DF:EE:00:00:04,-48
BLE,1704635751020801381,DF:A6:DC:DC:2E:81,-73
BLE,1704635751020818714,DF:DF:EE:00:00:01,-73
BLE,1704635751718335527,D3:F4:55:AB:96:20,-63
BLE,1704635752297709027,D3:F4:55:AB:96:20,-64
BLE,1704635753230734346,DF:DF:EE:00:00:04,-54
BLE,1704635753451812092,D3:F4:55:AB:96:20,-63
BLE,1704635753764395496,DF:DF:EE:00:00:04,-53
BLE,1704635754764522847,DF:DF:EE:00:00:04,-54
BLE,1704635755197503303,D3:F4:55:AB:96:20,-62
BLE,1704635756223634605,DF:DF:EE:00:00:04,-40
BLE,1704635756924902441,D3:F4:55:AB:96:20,-62
BLE,1704635757314342910,D3:F4:55:AB:96:20,-64
BLE,1704635757387956076,DF:A6:DC:DC:2E:81,-83
BLE,1704635757387979368,DF:DF:EE:00:00:01,-83
BLE,1704635757503709777,D3:F4:55:AB:96:20,-62
BLE,1704635758082791986,D3:F4:55:AB:96:20,-61
BLE,1704635758282072510,D3:F4:55:AB:96:20,-64
BLE,1704635758469756885,D3:F4:55:AB:96:20,-62
BLE,1704635758498010658,DF:DF:EE:00:00:04,-54
BLE,1704635758658725129,D3:F4:55:AB:96:20,-62
BLE,1704635759044298785,D3:F4:55:AB:96:20,-64
BLE,1704635759235938556,D3:F4:55:AB:96:20,-49
BLE,1704635759430512063,D3:F4:55:AB:96:20,-59
BLE,1704635759818496456,D3:F4:55:AB:96:20,-63
BLE,1704635760016186780,D3:F4:55:AB:96:20,-62
BLE,1704635760598525890,D3:F4:55:AB:96:20,-63
BLE,1704635760779664632,DF:DF:EE:00:00:04,-56
BLE,1704635761212280381,DF:A6:DC:DC:2E:81,-82
BLE,1704635761212351422,DF:DF:EE:00:00:01,-82
BLE,1704635761752101249,D3:F4:55:AB:96:20,-63
BLE,1704635762708469616,D3:F4:55:AB:96:20,-62
BLE,1704635764248129920,D3:F4:55:AB:96:20,-57
BLE,1704635764444844666,D3:F4:55:AB:96:20,-63
BLE,1704635764829677992,D3:F4:55:AB:96:20,-64
BLE,1704635764873666059,DF:DF:EE:00:00:04,-56
BLE,1704635765017286493,D3:F4:55:AB:96:20,-61
BLE,1704635765212993577,D3:F4:55:AB:96:20,-63
BLE,1704635765596048704,D3:F4:55:AB:96:20,-62
BLE,1704635766561533357,D3:F4:55:AB:96:20,-64
BLE,1704635767326822616,D3:F4:55:AB:96:20,-83
BLE,1704635767516542189,D3:F4:55:AB:96:20,-62
BLE,1704635767871381293,DF:DF:EE:00:00:04,-54
BLE,1704635768093254619,D3:F4:55:AB:96:20,-54
BLE,1704635768279991874,D3:F4:55:AB:96:20,-62
BLE,1704635768338918323,DF:DF:EE:00:00:04,-55
BLE,1704635768473661010,D3:F4:55:AB:96:20,-63
BLE,1704635768662104881,D3:F4:55:AB:96:20,-57
BLE,1704635768855715767,D3:F4:55:AB:96:20,-63
BLE,1704635768875765290,DF:DF:EE:00:00:04,-77
BLE,1704635769046673750,D3:F4:55:AB:96:20,-63
BLE,1704635769615671761,D3:F4:55:AB:96:20,-48
BLE,1704635771339424543,D3:F4:55:AB:96:20,-52
BLE,1704635771529327906,D3:F4:55:AB:96:20,-62
BLE,1704635771916405471,D3:F4:55:AB:96:20,-64
BLE,1704635772116407450,DF:DF:EE:00:00:04,-56
BLE,1704635772301223506,D3:F4:55:AB:96:20,-64
BLE,1704635772682232769,D3:F4:55:AB:96:20,-53
BLE,1704635772876283861,D3:F4:55:AB:96:20,-64
BLE,1704635773066361099,D3:F4:55:AB:96:20,-48
BLE,1704635773255921089,D3:F4:55:AB:96:20,-64
BLE,1704635773446240368,D3:F4:55:AB:96:20,-63
BLE,1704635773641176206,D3:F4:55:AB:96:20,-64
BLE,1704635773648703125,DF:DF:EE:00:00:04,-40
BLE,1704635773837373162,D3:F4:55:AB:96:20,-63
BLE,1704635774108532861,DF:DF:EE:00:00:04,-53
BLE,1704635774218135884,D3:F4:55:AB:96:20,-61
BLE,1704635774658255429,DF:DF:EE:00:00:04,-65
BLE,1704635774983784850,D3:F4:55:AB:96:20,-52
BLE,1704635775206373130,DF:A6:DC:DC:2E:81,-82
BLE,1704635775206410754,DF:DF:EE:00:00:01,-82
BLE,1704635775367505765,D3:F4:55:AB:96:20,-58
BLE,1704635775751175264,D3:F4:55:AB:96:20,-61
BLE,1704635775948439965,D3:F4:55:AB:96:20,-48
BLE,1704635776334164121,D3:F4:55:AB:96:20,-48
BLE,1704635776526810804,D3:F4:55:AB:96:20,-59
BLE,1704635776914068868,D3:F4:55:AB:96:20,-62
BLE,1704635777384536674,DF:DF:EE:00:00:04,-56
BLE,1704635777880073935,D3:F4:55:AB:96:20,-62
BLE,1704635778067407687,D3:F4:55:AB:96:20,-62
BLE,1704635778255815225,D3:F4:55:AB:96:20,-64
BLE,1704635778383376573,DF:DF:EE:00:00:04,-38
BLE,1704635778831985866,D3:F4:55:AB:96:20,-62
BLE,1704635778921109619,DF:DF:EE:00:00:04,-53
BLE,1704635779024013260,D3:F4:55:AB:96:20,-63
BLE,1704635779211337345,D3:F4:55:AB:96:20,-52
BLE,1704635779387372736,DF:DF:EE:00:00:04,-55
BLE,1704635779402620675,D3:F4:55:AB:96:20,-64
BLE,1704635779986398096,D3:F4:55:AB:96:20,-64
BLE,1704635780571495509,D3:F4:55:AB:96:20,-63
BLE,1704635780663995299,DF:DF:EE:00:00:04,-56
BLE,1704635780959990128,D3:F4:55:AB:96:20,-63
BLE,1704635781145485705,D3:F4:55:AB:96:20,-63
BLE,1704635781524358556,D3:F4:55:AB:96:20,-62
BLE,1704635781720359104,D3:F4:55:AB:96:20,-63
BLE,1704635781937774590,DF:DF:EE:00:00:04,-54
BLE,1704635782099742076,D3:F4:55:AB:96:20,-63
BLE,1704635782296159746,D3:F4:55:AB:96:20,-48
BLE,1704635782874147290,D3:F4:55:AB:96:20,-62
BLE,1704635783067764021,D3:F4:55:AB:96:20,-48
BLE,1704635783457900962,D3:F4:55:AB:96:20,-62
BLE,1704635784792087219,D3:F4:55:AB:96:20,-61
BLE,1704635785573617759,D3:F4:55:AB:96:20,-62
BLE,1704635785760826867,D3:F4:55:AB:96:20,-48
BLE,1704635785957330744,D3:F4:55:AB:96:20,-54
BLE,1704635786528714458,D3:F4:55:AB:96:20,-63
BLE,1704635786720180953,D3:F4:55:AB:96:20,-80
BLE,1704635786909318714,D3:F4:55:AB:96:20,-48
BLE,1704635787495437828,D3:F4:55:AB:96:20,-62
BLE,1704635787883765406,D3:F4:55:AB:96:20,-64
BLE,1704635789430291433,D3:F4:55:AB:96:20,-61
BLE,1704635789999368329,D3:F4:55:AB:96:20,-64
BLE,1704635790577500706,DF:DF:EE:00:00:04,-54
BLE,1704635790957680798,D3:F4:55:AB:96:20,-62
BLE,1704635791035491521,DF:DF:EE:00:00:04,-53
BLE,1704635791346396666,D3:F4:55:AB:96:20,-62
BLE,1704635791582638941,DF:DF:EE:00:00:04,-56
BLE,1704635791728114789,D3:F4:55:AB:96:20,-48
BLE,1704635791749282312,DF:A6:DC:DC:2E:81,-82
BLE,1704635791749294687,DF:DF:EE:00:00:01,-82
BLE,1704635792040966254,DF:DF:EE:00:00:04,-54
BLE,1704635792112761809,D3:F4:55:AB:96:20,-62
BLE,1704635792577399079,DF:DF:EE:00:00:04,-54
BLE,1704635792878068043,D3:F4:55:AB:96:20,-63
BLE,1704635793072257895,D3:F4:55:AB:96:20,-61
BLE,1704635793455156385,D3:F4:55:AB:96:20,-61
BLE,1704635793650180189,D3:F4:55:AB:96:20,-58
BLE,1704635793841538602,D3:F4:55:AB:96:20,-62
BLE,1704635794422797915,D3:F4:55:AB:96:20,-61
BLE,1704635794617585929,D3:F4:55:AB:96:20,-63
BLE,1704635794812959440,D3:F4:55:AB:96:20,-62
BLE,1704635795199502947,D3:F4:55:AB:96:20,-64
BLE,1704635795585338834,D3:F4:55:AB:96:20,-62
BLE,1704635796335988459,D3:F4:55:AB:96:20,-62
BLE,1704635796533734453,D3:F4:55:AB:96:20,-64
BLE,1704635796595981073,DF:DF:EE:00:00:04,-57
BLE,1704635796721252433,D3:F4:55:AB:96:20,-62
BLE,1704635797304003403,D3:F4:55:AB:96:20,-61
BLE,1704635797685828026,D3:F4:55:AB:96:20,-64
BLE,1704635798263241074,D3:F4:55:AB:96:20,-80
BLE,1704635798456796180,D3:F4:55:AB:96:20,-48
BLE,1704635798842332111,D3:F4:55:AB:96:20,-63
BLE,1704635799038505657,D3:F4:55:AB:96:20,-63
BLE,1704635799422077143,D3:F4:55:AB:96:20,-61
BLE,1704635799864079316,DF:DF:EE:00:00:04,-55
BLE,1704635800002645545,D3:F4:55:AB:96:20,-61
BLE,1704635800198816508,D3:F4:55:AB:96:20,-64
BLE,1704635800388962137,D3:F4:55:AB:96:20,-62
BLE,1704635800404224658,DF:DF:EE:00:00:04,-55
BLE,1704635800581027211,D3:F4:55:AB:96:20,-63
BLE,1704635800776146390,D3:F4:55:AB:96:20,-62
BLE,1704635800970453241,D3:F4:55:AB:96:20,-61
BLE,1704635801159861375,D3:F4:55:AB:96:20,-64
BLE,1704635801355295676,D3:F4:55:AB:96:20,-62
BLE,1704635801549250571,D3:F4:55:AB:96:20,-63
BLE,1704635801743270965,D3:F4:55:AB:96:20,-64
BLE,1704635801937032611,D3:F4:55:AB:96:20,-64
BLE,1704635801940339047,DF:A6:DC:DC:2E:81,-83
BLE,1704635801940352547,DF:DF:EE:00:00:01,-83
BLE,1704635802134505774,D3:F4:55:AB:96:20,-62
BLE,1704635802136713926,DF:DF:EE:00:00:04,-55
BLE,1704635802326679931,D3:F4:55:AB:96:20,-62
BLE,1704635802708538012,D3:F4:55:AB:96:20,-63
BLE,1704635802898871389,D3:F4:55:AB:96:20,-62
BLE,1704635803086785200,D3:F4:55:AB:96:20,-61
BLE,1704635803140463045,DF:DF:EE:00:00:04,-55
BLE,1704635804825551009,D3:F4:55:AB:96:20,-62
BLE,1704635804959190853,DF:DF:EE:00:00:04,-30
BLE,1704635805015219349,D3:F4:55:AB:96:20,-62
BLE,1704635805403210555,D3:F4:55:AB:96:20,-62
BLE,1704635805763599739,DF:A6:DC:DC:2E:81,-83
BLE,1704635805763650822,DF:DF:EE:00:00:01,-83
BLE,1704635805958409170,DF:DF:EE:00:00:04,-55
BLE,1704635805982702672,D3:F4:55:AB:96:20,-58
BLE,1704635806370778002,D3:F4:55:AB:96:20,-49
BLE,1704635806419231049,DF:DF:EE:00:00:04,-71
BLE,1704635806943377333,D3:F4:55:AB:96:20,-63
BLE,1704635806957433155,DF:DF:EE:00:00:04,-55
BLE,1704635807331305039,D3:F4:55:AB:96:20,-62
BLE,1704635807413124319,DF:DF:EE:00:00:04,-56
BLE,1704635808282937428,D3:F4:55:AB:96:20,-61
BLE,1704635808478353771,D3:F4:55:AB:96:20,-63
BLE,1704635808668251194,D3:F4:55:AB:96:20,-63
BLE,1704635808688822638,DF:DF:EE:00:00:04,-38
BLE,1704635809056719813,D3:F4:55:AB:96:20,-62
BLE,1704635809440316549,D3:F4:55:AB:96:20,-62
BLE,1704635809634259402,D3:F4:55:AB:96:20,-61
BLE,1704635810023300476,D3:F4:55:AB:96:20,-63
BLE,1704635810686692275,DF:DF:EE:00:00:04,-54
BLE,1704635811177417035,D3:F4:55:AB:96:20,-82
BLE,1704635811224379425,DF:DF:EE:00:00:04,-51
BLE,1704635811364185728,D3:F4:55:AB:96:20,-62
BLE,1704635811556214970,D3:F4:55:AB:96:20,-64
BLE,1704635811690510185,DF:DF:EE:00:00:04,-53
BLE,1704635811746414265,D3:F4:55:AB:96:20,-63
BLE,1704635812717164774,D3:F4:55:AB:96:20,-61
BLE,1704635813105684435,D3:F4:55:AB:96:20,-64
BLE,1704635813495759918,D3:F4:55:AB:96:20,-63
BLE,1704635813503474908,DF:DF:EE:00:00:04,-53
BLE,1704635813685802548,D3:F4:55:AB:96:20,-62
BLE,1704635813880695186,D3:F4:55:AB:96:20,-64
BLE,1704635813966766020,DF:DF:EE:00:00:04,-56
BLE,1704635814077504395,D3:F4:55:AB:96:20,-62
BLE,1704635814078850844,D3:F4:55:AB:96:20,-63
BLE,1704635814498783667,DF:DF:EE:00:00:04,-55
BLE,1704635814650915054,D3:F4:55:AB:96:20,-63
BLE,1704635814676995752,DF:A6:DC:DC:2E:81,-84
BLE,1704635814677009294,DF:DF:EE:00:00:01,-84
BLE,1704635816186888860,D3:F4:55:AB:96:20,-62
BLE,1704635816375481250,D3:F4:55:AB:96:20,-47
BLE,1704635816570134181,D3:F4:55:AB:96:20,-62
BLE,1704635816766592143,D3:F4:55:AB:96:20,-62
BLE,1704635817161339303,D3:F4:55:AB:96:20,-62
BLE,1704635817353988707,D3:F4:55:AB:96:20,-62
BLE,1704635817504073815,DF:DF:EE:00:00:04,-55
BLE,1704635817740872295,D3:F4:55:AB:96:20,-62
BLE,1704635818317038060,D3:F4:55:AB:96:20,-61
BLE,1704635818896669759,D3:F4:55:AB:96:20,-64
BLE,1704635819279303418,D3:F4:55:AB:96:20,-64
BLE,1704635820044199488,D3:F4:55:AB:96:20,-80
BLE,1704635820622061116,D3:F4:55:AB:96:20,-48
BLE,1704635820774525834,DF:DF:EE:00:00:04,-53
BLE,1704635821003300410,D3:F4:55:AB:96:20,-63
BLE,1704635821392040402,D3:F4:55:AB:96:20,-53
BLE,1704635821579310342,D3:F4:55:AB:96:20,-63
BLE,1704635821770595255,D3:F4:55:AB:96:20,-63
BLE,1704635821775411681,DF:DF:EE:00:00:04,-40
BLE,1704635822160986861,D3:F4:55:AB:96:20,-62
BLE,1704635822234726820,DF:DF:EE:00:00:04,-53
BLE,1704635822542870192,D3:F4:55:AB:96:20,-63
BLE,1704635822778972926,DF:DF:EE:00:00:04,-54
BLE,1704635822924232609,D3:F4:55:AB:96:20,-62
BLE,1704635823238062609,DF:DF:EE:00:00:04,-55
BLE,1704635823307704012,D3:F4:55:AB:96:20,-64
BLE,1704635823501591908,D3:F4:55:AB:96:20,-62
BLE,1704635823778014827,DF:DF:EE:00:00:04,-40
BLE,1704635823883150199,D3:F4:55:AB:96:20,-62
BLE,1704635824238305710,DF:DF:EE:00:00:04,-53
BLE,1704635824460647538,D3:F4:55:AB:96:20,-61
BLE,1704635824659675023,D3:F4:55:AB:96:20,-59
BLE,1704635824777365226,DF:DF:EE:00:00:04,-53
BLE,1704635824846762423,DF:DF:EE:00:00:04,-54
BLE,1704635825041654603,D3:F4:55:AB:96:20,-62
BLE,1704635825229800287,D3:F4:55:AB:96:20,-63
BLE,1704635825280139447,DF:DF:EE:00:00:04,-54
BLE,1704635825611357037,D3:F4:55:AB:96:20,-62
BLE,1704635825734539828,DF:DF:EE:00:00:04,-55
BLE,1704635825991806002,D3:F4:55:AB:96:20,-61
BLE,1704635826279276430,DF:DF:EE:00:00:04,-40
BLE,1704635826384698591,D3:F4:55:AB:96:20,-64
BLE,1704635826575849255,D3:F4:55:AB:96:20,-61
BLE,1704635826735618090,DF:DF:EE:00:00:04,-53
BLE,1704635826766943128,D3:F4:55:AB:96:20,-62
BLE,1704635826960206444,D3:F4:55:AB:96:20,-57
BLE,1704635827730501019,D3:F4:55:AB:96:20,-63
BLE,1704635829286509440,DF:DF:EE:00:00:04,-55
BLE,1704635829657514094,D3:F4:55:AB:96:20,-63
BLE,1704635829826497158,DF:DF:EE:00:00:04,-55
BLE,1704635829847408975,D3:F4:55:AB:96:20,-63
BLE,1704635830227201028,D3:F4:55:AB:96:20,-48
BLE,1704635831292529230,DF:DF:EE:00:00:04,-73
BLE,1704635831968371945,D3:F4:55:AB:96:20,-81
BLE,1704635832155736384,D3:F4:55:AB:96:20,-61
BLE,1704635832292110253,DF:DF:EE:00:00:04,-54
BLE,1704635832831886889,DF:DF:EE:00:00:04,-54
BLE,1704635833284497574,DF:DF:EE:00:00:04,-53
BLE,1704635834090681156,D3:F4:55:AB:96:20,-62
BLE,1704635834285577253,D3:F4:55:AB:96:20,-63
BLE,1704635834292015667,DF:DF:EE:00:00:04,-48
BLE,1704635834480150768,D3:F4:55:AB:96:20,-62
BLE,1704635834672826172,D3:F4:55:AB:96:20,-59
BLE,1704635835060896085,D3:F4:55:AB:96:20,-61
BLE,1704635835253729904,D3:F4:55:AB:96:20,-64
BLE,1704635835440940470,D3:F4:55:AB:96:20,-62
BLE,1704635835560290953,DF:DF:EE:00:00:04,-54
BLE,1704635835635852067,D3:F4:55:AB:96:20,-62
BLE,1704635835824459373,D3:F4:55:AB:96:20,-61
BLE,1704635836014652501,D3:F4:55:AB:96:20,-64
BLE,1704635836586969501,D3:F4:55:AB:96:20,-57
BLE,1704635836829198860,DF:DF:EE:00:00:04,-56
BLE,1704635837169040600,D3:F4:55:AB:96:20,-62
BLE,1704635838514565405,D3:F4:55:AB:96:20,-53
BLE,1704635838707377474,D3:F4:55:AB:96:20,-62
BLE,1704635839089076723,D3:F4:55:AB:96:20,-61
BLE,1704635839466356376,D3:F4:55:AB:96:20,-63
BLE,1704635839854890787,D3:F4:55:AB:96:20,-62
BLE,1704635840243622821,D3:F4:55:AB:96:20,-62
BLE,1704635840370940875,DF:DF:EE:00:00:04,-55
BLE,1704635840438421543,D3:F4:55:AB:96:20,-52
BLE,1704635840827569991,D3:F4:55:AB:96:20,-62
BLE,1704635840833782574,DF:DF:EE:00:00:04,-41
BLE,1704635841207348919,D3:F4:55:AB:96:20,-63
BLE,1704635841373420003,DF:DF:EE:00:00:04,-56
BLE,1704635841402724888,D3:F4:55:AB:96:20,-61
BLE,1704635841595155335,D3:F4:55:AB:96:20,-64
BLE,1704635841789702184,D3:F4:55:AB:96:20,-61
BLE,1704635841833119473,DF:DF:EE:00:00:04,-54
BLE,1704635841980095228,D3:F4:55:AB:96:20,-64
BLE,1704635842175427322,D3:F4:55:AB:96:20,-53
BLE,1704635842875984994,DF:DF:EE:00:00:04,-54
BLE,1704635842941638716,D3:F4:55:AB:96:20,-62
BLE,1704635843513779550,D3:F4:55:AB:96:20,-64
BLE,1704635843702333856,D3:F4:55:AB:96:20,-61
BLE,1704635843897312161,D3:F4:55:AB:96:20,-64
BLE,1704635843926505463,DF:A6:DC:DC:2E:81,-84
BLE,1704635843926533296,DF:DF:EE:00:00:01,-84
BLE,1704635844479924007,D3:F4:55:AB:96:20,-64
BLE,1704635844600580898,DF:DF:EE:00:00:04,-53
BLE,1704635845250606705,D3:F4:55:AB:96:20,-61
BLE,1704635845635819596,D3:F4:55:AB:96:20,-61
BLE,1704635845829573242,D3:F4:55:AB:96:20,-62
BLE,1704635846589166806,D3:F4:55:AB:96:20,-62
BLE,1704635846607903805,DF:DF:EE:00:00:04,-53
BLE,1704635846974812278,D3:F4:55:AB:96:20,-64
BLE,1704635847601987073,DF:DF:EE:00:00:04,-55
BLE,1704635847748486164,DF:A6:DC:DC:2E:81,-68
BLE,1704635847748518955,DF:DF:EE:00:00:01,-68
BLE,1704635847934919401,D3:F4:55:AB:96:20,-62
BLE,1704635848322531943,D3:F4:55:AB:96:20,-64
BLE,1704635848904319378,D3:F4:55:AB:96:20,-62
BLE,1704635849096443077,D3:F4:55:AB:96:20,-61
BLE,1704635849137926129,DF:DF:EE:00:00:04,-56
BLE,1704635849289239105,D3:F4:55:AB:96:20,-62
BLE,1704635849598153054,DF:DF:EE:00:00:04,-54
BLE,1704635849599166464,DF:DF:EE:00:00:04,-52
BLE,1704635849664247315,D3:F4:55:AB:96:20,-61
BLE,1704635850050903197,D3:F4:55:AB:96:20,-48
BLE,1704635850245969792,D3:F4:55:AB:96:20,-61
BLE,1704635850439926729,D3:F4:55:AB:96:20,-62
BLE,1704635850824473500,D3:F4:55:AB:96:20,-64
BLE,1704635850878131470,DF:DF:EE:00:00:04,-49
BLE,1704635851018897141,D3:F4:55:AB:96:20,-48
BLE,1704635851209824348,D3:F4:55:AB:96:20,-64
BLE,1704635851595440195,D3:F4:55:AB:96:20,-53
BLE,1704635851794524472,D3:F4:55:AB:96:20,-58
BLE,1704635851985948884,D3:F4:55:AB:96:20,-62
BLE,1704635852155161113,DF:DF:EE:00:00:04,-52
BLE,1704635852177506337,D3:F4:55:AB:96:20,-64
BLE,1704635852369292913,D3:F4:55:AB:96:20,-64
BLE,1704635852558504257,D3:F4:55:AB:96:20,-62
BLE,1704635852749793711,D3:F4:55:AB:96:20,-62
BLE,1704635852835290882,DF:A6:DC:DC:2E:81,-82
BLE,1704635852835329882,DF:DF:EE:00:00:01,-82
BLE,1704635852944598392,D3:F4:55:AB:96:20,-62
BLE,1704635853327422133,D3:F4:55:AB:96:20,-48
BLE,1704635853435909815,DF:DF:EE:00:00:04,-55
BLE,1704635853525943122,D3:F4:55:AB:96:20,-64
BLE,1704635853721621713,D3:F4:55:AB:96:20,-64
BLE,1704635854107603516,D3:F4:55:AB:96:20,-58
BLE,1704635854295158038,D3:F4:55:AB:96:20,-61
BLE,1704635854487663151,D3:F4:55:AB:96:20,-48
BLE,1704635854874323449,D3:F4:55:AB:96:20,-62
BLE,1704635855061035768,D3:F4:55:AB:96:20,-61
BLE,1704635855257465687,D3:F4:55:AB:96:20,-63
BLE,1704635855444965626,D3:F4:55:AB:96:20,-63
BLE,1704635855635644626,D3:F4:55:AB:96:20,-64
BLE,1704635855636913618,D3:F4:55:AB:96:20,-63
BLE,1704635856017234750,D3:F4:55:AB:96:20,-62
BLE,1704635856592463855,D3:F4:55:AB:96:20,-63
BLE,1704635856707747241,DF:DF:EE:00:00:04,-53
BLE,1704635856987324223,D3:F4:55:AB:96:20,-48
BLE,1704635857365626327,D3:F4:55:AB:96:20,-48
BLE,1704635857556923324,D3:F4:55:AB:96:20,-48
BLE,1704635857755404271,D3:F4:55:AB:96:20,-63
BLE,1704635858524840227,D3:F4:55:AB:96:20,-48
BLE,1704635858909403206,D3:F4:55:AB:96:20,-61
BLE,1704635859108368400,D3:F4:55:AB:96:20,-63
BLE,1704635859304887611,D3:F4:55:AB:96:20,-77
BLE,1704635859891530430,D3:F4:55:AB:96:20,-64
BLE,1704635859982144108,DF:DF:EE:00:00:04,-56
BLE,1704635860079611823,D3:F4:55:AB:96:20,-62
BLE,1704635860277405150,D3:F4:55:AB:96:20,-63
BLE,1704635860467028533,D3:F4:55:AB:96:20,-62
BLE,1704635860520365421,DF:DF:EE:00:00:04,-56
BLE,1704635861048290221,D3:F4:55:AB:96:20,-61
BLE,1704635861438654619,D3:F4:55:AB:96:20,-48
BLE,1704635861984885004,DF:DF:EE:00:00:04,-55
BLE,1704635862520023213,DF:DF:EE:00:00:04,-54
BLE,1704635862790007968,D3:F4:55:AB:96:20,-62
BLE,1704635862976620871,DF:DF:EE:00:00:04,-55
BLE,1704635862981019174,D3:F4:55:AB:96:20,-48
BLE,1704635863178908709,D3:F4:55:AB:96:20,-62
BLE,1704635863370935659,D3:F4:55:AB:96:20,-48
BLE,1704635863950166445,D3:F4:55:AB:96:20,-48
BLE,1704635863979430288,DF:DF:EE:00:00:04,-55
BLE,1704635864145192540,D3:F4:55:AB:96:20,-64
BLE,1704635864727833970,D3:F4:55:AB:96:20,-64
BLE,1704635864918936009,D3:F4:55:AB:96:20,-61
BLE,1704635865111064916,D3:F4:55:AB:96:20,-63
BLE,1704635865248652484,DF:DF:EE:00:00:04,-55
BLE,1704635865498177878,D3:F4:55:AB:96:20,-64
BLE,1704635866072660904,D3:F4:55:AB:96:20,-63
BLE,1704635866246393686,DF:DF:EE:00:00:04,-54
BLE,1704635866265975845,D3:F4:55:AB:96:20,-62
BLE,1704635867048894876,D3:F4:55:AB:96:20,-62
BLE,1704635867521750549,DF:DF:EE:00:00:04,-55
BLE,1704635867631995553,D3:F4:55:AB:96:20,-64
BLE,1704635868019965675,D3:F4:55:AB:96:20,-63
BLE,1704635868058277499,DF:DF:EE:00:00:04,-55
BLE,1704635868113854831,DF:A6:DC:DC:2E:81,-83
BLE,1704635868113884206,DF:DF:EE:00:00:01,-83
BLE,1704635868212525079,D3:F4:55:AB:96:20,-62
BLE,1704635868403960116,D3:F4:55:AB:96:20,-62
BLE,1704635868597009809,D3:F4:55:AB:96:20,-63
BLE,1704635868784832287,D3:F4:55:AB:96:20,-61
BLE,1704635868975425705,D3:F4:55:AB:96:20,-62
BLE,1704635869524572653,DF:DF:EE:00:00:04,-55
BLE,1704635870654890665,DF:A6:DC:DC:2E:81,-84
BLE,1704635870654929914,DF:DF:EE:00:00:01,-84
BLE,1704635870798840565,DF:DF:EE:00:00:04,-55
BLE,1704635871276459164,D3:F4:55:AB:96:20,-59
BLE,1704635871661766013,D3:F4:55:AB:96:20,-64
BLE,1704635871797862091,DF:DF:EE:00:00:04,-55
BLE,1704635871847921877,D3:F4:55:AB:96:20,-61
BLE,1704635872240441302,D3:F4:55:AB:96:20,-64
BLE,1704635872816515901,D3:F4:55:AB:96:20,-63
BLE,1704635873062747358,DF:DF:EE:00:00:04,-53
BLE,1704635873592287772,D3:F4:55:AB:96:20,-63
BLE,1704635873611062645,DF:DF:EE:00:00:04,-55
BLE,1704635874066445436,DF:DF:EE:00:00:04,-55
BLE,1704635874174912160,D3:F4:55:AB:96:20,-63
BLE,1704635874554664380,D3:F4:55:AB:96:20,-64
BLE,1704635874603361883,DF:DF:EE:00:00:04,-55
BLE,1704635875524909684,D3:F4:55:AB:96:20,-48
BLE,1704635875612236468,DF:DF:EE:00:00:04,-55
BLE,1704635875741832632,DF:A6:DC:DC:2E:81,-81
BLE,1704635875741869757,DF:DF:EE:00:00:01,-81
BLE,1704635876069647787,DF:DF:EE:00:00:04,-55
BLE,1704635876102661480,D3:F4:55:AB:96:20,-62
BLE,1704635876294630263,D3:F4:55:AB:96:20,-64
BLE,1704635876481444998,D3:F4:55:AB:96:20,-63
BLE,1704635876608008474,DF:DF:EE:00:00:04,-55
BLE,1704635876680803523,D3:F4:55:AB:96:20,-64
BLE,1704635876867188011,D3:F4:55:AB:96:20,-62
BLE,1704635877058965212,D3:F4:55:AB:96:20,-63
BLE,1704635877070185470,DF:DF:EE:00:00:04,-54
BLE,1704635877442724238,D3:F4:55:AB:96:20,-62
BLE,1704635877830656278,D3:F4:55:AB:96:20,-62
BLE,1704635878020879823,D3:F4:55:AB:96:20,-64
BLE,1704635878064123072,DF:DF:EE:00:00:04,-55
BLE,1704635878282472468,DF:A6:DC:DC:2E:81,-84
BLE,1704635878282489468,DF:DF:EE:00:00:01,-84
BLE,1704635878610883078,DF:DF:EE:00:00:04,-40
BLE,1704635878982860642,D3:F4:55:AB:96:20,-61
BLE,1704635879174149888,D3:F4:55:AB:96:20,-63
BLE,1704635879364776305,D3:F4:55:AB:96:20,-62
BLE,1704635880133042603,D3:F4:55:AB:96:20,-63
BLE,1704635880895584564,D3:F4:55:AB:96:20,-62
BLE,1704635881103402948,DF:DF:EE:00:00:04,-55
BLE,1704635881281673324,D3:F4:55:AB:96:20,-48
BLE,1704635881667954791,D3:F4:55:AB:96:20,-48
BLE,1704635881860171198,D3:F4:55:AB:96:20,-62
BLE,1704635882112686280,DF:DF:EE:00:00:04,-54
BLE,1704635882242494984,D3:F4:55:AB:96:20,-48
BLE,1704635882437534913,D3:F4:55:AB:96:20,-64
BLE,1704635882821800686,D3:F4:55:AB:96:20,-63
BLE,1704635883211115299,D3:F4:55:AB:96:20,-62
BLE,1704635883369054105,DF:A6:DC:DC:2E:81,-83
BLE,1704635883369089021,DF:DF:EE:00:00:01,-83
BLE,1704635883405423692,D3:F4:55:AB:96:20,-64
BLE,1704635883600663078,D3:F4:55:AB:96:20,-62
BLE,1704635883793630896,D3:F4:55:AB:96:20,-57
BLE,1704635883843095269,DF:DF:EE:00:00:04,-54
BLE,1704635883990367522,D3:F4:55:AB:96:20,-64
BLE,1704635884180279653,D3:F4:55:AB:96:20,-58
BLE,1704635884370290866,D3:F4:55:AB:96:20,-63
BLE,1704635884562757396,D3:F4:55:AB:96:20,-63
BLE,1704635885720034517,D3:F4:55:AB:96:20,-64
BLE,1704635885907807329,D3:F4:55:AB:96:20,-48
BLE,1704635886105156492,D3:F4:55:AB:96:20,-62
BLE,1704635886126338432,DF:DF:EE:00:00:04,-55
BLE,1704635886295121414,D3:F4:55:AB:96:20,-62
BLE,1704635886661646932,DF:DF:EE:00:00:04,-56
BLE,1704635887453626485,D3:F4:55:AB:96:20,-62
BLE,1704635887835334150,D3:F4:55:AB:96:20,-64
BLE,1704635888595244087,D3:F4:55:AB:96:20,-64
BLE,1704635888656036384,DF:DF:EE:00:00:04,-43
BLE,1704635889117871840,DF:DF:EE:00:00:04,-56
BLE,1704635889174085626,D3:F4:55:AB:96:20,-48
BLE,1704635889565179102,D3:F4:55:AB:96:20,-64
BLE,1704635889662783441,DF:DF:EE:00:00:04,-55
BLE,1704635889754814943,D3:F4:55:AB:96:20,-62
BLE,1704635890716464889,D3:F4:55:AB:96:20,-53
BLE,1704635891665279672,DF:DF:EE:00:00:04,-54
BLE,1704635891685148871,D3:F4:55:AB:96:20,-63
BLE,1704635891727657541,DF:DF:EE:00:00:04,-58
BLE,1704635891871094361,D3:F4:55:AB:96:20,-63
BLE,1704635892064992965,D3:F4:55:AB:96:20,-53
BLE,1704635892163313758,DF:DF:EE:00:00:04,-54
BLE,1704635892450821352,D3:F4:55:AB:96:20,-64
BLE,1704635892839167264,D3:F4:55:AB:96:20,-63
BLE,1704635893034650398,D3:F4:55:AB:96:20,-62
BLE,1704635893162935113,DF:DF:EE:00:00:04,-40
BLE,1704635893416520729,D3:F4:55:AB:96:20,-64
BLE,1704635893621215718,DF:DF:EE:00:00:04,-55
BLE,1704635894180904011,D3:F4:55:AB:96:20,-53
BLE,1704635894566320692,D3:F4:55:AB:96:20,-64
BLE,1704635894624899921,DF:DF:EE:00:00:04,-40
BLE,1704635894754853957,D3:F4:55:AB:96:20,-61
BLE,1704635894945205460,D3:F4:55:AB:96:20,-64
BLE,1704635895161141039,DF:DF:EE:00:00:04,-54
BLE,1704635895327572912,D3:F4:55:AB:96:20,-64
BLE,1704635895616715287,DF:DF:EE:00:00:04,-55
BLE,1704635895903411721,D3:F4:55:AB:96:20,-63
BLE,1704635896098184610,D3:F4:55:AB:96:20,-63
BLE,1704635896103173660,DF:A6:DC:DC:2E:81,-82
BLE,1704635896103214826,DF:DF:EE:00:00:01,-82
BLE,1704635896289089692,D3:F4:55:AB:96:20,-63
BLE,1704635896866150035,D3:F4:55:AB:96:20,-62
BLE,1704635897061558211,D3:F4:55:AB:96:20,-62
BLE,1704635897252303586,D3:F4:55:AB:96:20,-61
BLE,1704635897442966628,D3:F4:55:AB:96:20,-58
BLE,1704635897819588619,D3:F4:55:AB:96:20,-64
BLE,1704635898009185919,D3:F4:55:AB:96:20,-62
BLE,1704635898171275738,DF:DF:EE:00:00:04,-53
BLE,1704635898202970315,D3:F4:55:AB:96:20,-64
BLE,1704635898396715211,D3:F4:55:AB:96:20,-57
BLE,1704635898778378751,D3:F4:55:AB:96:20,-47
BLE,1704635898977403154,D3:F4:55:AB:96:20,-62
BLE,1704635899163666309,D3:F4:55:AB:96:20,-63
BLE,1704635899359217901,D3:F4:55:AB:96:20,-64
BLE,1704635899548567244,D3:F4:55:AB:96:20,-63
BLE,1704635899742904594,D3:F4:55:AB:96:20,-63
BLE,1704635899933052848,D3:F4:55:AB:96:20,-62
BLE,1704635900128017736,D3:F4:55:AB:96:20,-62
BLE,1704635900327773634,D3:F4:55:AB:96:20,-64
BLE,1704635900512955713,D3:F4:55:AB:96:20,-61
BLE,1704635900725634939,DF:DF:EE:00:00:04,-55
BLE,1704635901085997291,D3:F4:55:AB:96:20,-64
BLE,1704635901275861088,D3:F4:55:AB:96:20,-48
BLE,1704635901468753865,D3:F4:55:AB:96:20,-64
BLE,1704635901846629390,D3:F4:55:AB:96:20,-62
BLE,1704635902011395274,DF:DF:EE:00:00:04,-56
BLE,1704635902038044052,D3:F4:55:AB:96:20,-58
BLE,1704635902224455164,D3:F4:55:AB:96:20,-61
BLE,1704635902416859653,D3:F4:55:AB:96:20,-81
BLE,1704635902604356717,D3:F4:55:AB:96:20,-62
BLE,1704635903190525914,D3:F4:55:AB:96:20,-62
BLE,1704635903384211227,D3:F4:55:AB:96:20,-59
BLE,1704635903573230530,D3:F4:55:AB:96:20,-63
BLE,1704635904141977345,D3:F4:55:AB:96:20,-63
BLE,1704635904332522138,D3:F4:55:AB:96:20,-62
BLE,1704635905103016004,D3:F4:55:AB:96:20,-49
BLE,1704635905880414239,D3:F4:55:AB:96:20,-61
BLE,1704635906554959421,DF:DF:EE:00:00:04,-54
BLE,1704635906648010832,D3:F4:55:AB:96:20,-63
BLE,1704635906844313170,D3:F4:55:AB:96:20,-63
BLE,1704635907423219124,D3:F4:55:AB:96:20,-62
BLE,1704635907613130130,D3:F4:55:AB:96:20,-58
BLE,1704635908195401228,D3:F4:55:AB:96:20,-63
BLE,1704635908387041722,D3:F4:55:AB:96:20,-57
BLE,1704635908772209447,D3:F4:55:AB:96:20,-61
BLE,1704635909090441542,DF:DF:EE:00:00:04,-53
BLE,1704635909157643295,D3:F4:55:AB:96:20,-62
BLE,1704635909550979757,D3:F4:55:AB:96:20,-63
BLE,1704635910316802029,D3:F4:55:AB:96:20,-80
BLE,1704635910366301152,DF:DF:EE:00:00:04,-51
BLE,1704635910888215784,D3:F4:55:AB:96:20,-61
BLE,1704635911270555612,D3:F4:55:AB:96:20,-58
BLE,1704635911464927795,D3:F4:55:AB:96:20,-64
BLE,1704635911850404976,D3:F4:55:AB:96:20,-61
BLE,1704635911899162730,DF:DF:EE:00:00:04,-53
BLE,1704635912812304587,D3:F4:55:AB:96:20,-64
BLE,1704635913195610117,D3:F4:55:AB:96:20,-62
BLE,1704635913970963991,D3:F4:55:AB:96:20,-63
BLE,1704635914163190397,D3:F4:55:AB:96:20,-47
BLE,1704635914637691226,DF:DF:EE:00:00:04,-56
BLE,1704635914738340836,D3:F4:55:AB:96:20,-64
BLE,1704635915120752121,D3:F4:55:AB:96:20,-62
BLE,1704635915700466362,D3:F4:55:AB:96:20,-61
BLE,1704635915898821143,D3:F4:55:AB:96:20,-64
BLE,1704635916094046030,D3:F4:55:AB:96:20,-64
BLE,1704635916173369284,DF:DF:EE:00:00:04,-54
BLE,1704635916288687962,D3:F4:55:AB:96:20,-61
BLE,1704635916483800140,D3:F4:55:AB:96:20,-62
BLE,1704635916635514488,DF:DF:EE:00:00:04,-50
BLE,1704635917058357416,D3:F4:55:AB:96:20,-64
BLE,1704635917638298822,D3:F4:55:AB:96:20,-63
BLE,1704635917905789385,DF:DF:EE:00:00:04,-38
BLE,1704635918214064881,D3:F4:55:AB:96:20,-63
BLE,1704635918402462147,D3:F4:55:AB:96:20,-63
BLE,1704635918445812687,DF:DF:EE:00:00:04,-39
BLE,1704635918786116840,D3:F4:55:AB:96:20,-63
BLE,1704635919172611390,D3:F4:55:AB:96:20,-62
BLE,1704635919560664387,D3:F4:55:AB:96:20,-47
BLE,1704635919749452525,D3:F4:55:AB:96:20,-61
BLE,1704635919947204519,D3:F4:55:AB:96:20,-63
BLE,1704635920134956831,D3:F4:55:AB:96:20,-62
BLE,1704635920329028017,D3:F4:55:AB:96:20,-58
BLE,1704635920447116342,DF:DF:EE:00:00:04,-48
BLE,1704635921571071147,DF:A6:DC:DC:2E:81,-82
BLE,1704635921571128980,DF:DF:EE:00:00:01,-82
BLE,1704635921681190776,D3:F4:55:AB:96:20,-63
BLE,1704635921904631847,DF:DF:EE:00:00:04,-56
BLE,1704635922070598473,D3:F4:55:AB:96:20,-47
BLE,1704635922457141480,D3:F4:55:AB:96:20,-62
BLE,1704635922834103094,D3:F4:55:AB:96:20,-63
BLE,1704635923217723621,D3:F4:55:AB:96:20,-58
BLE,1704635923414371956,D3:F4:55:AB:96:20,-64
BLE,1704635923442146268,DF:DF:EE:00:00:04,-47
BLE,1704635923607176733,D3:F4:55:AB:96:20,-63
BLE,1704635924115745081,DF:A6:DC:DC:2E:81,-82
BLE,1704635924115779623,DF:DF:EE:00:00:01,-82
BLE,1704635924687785290,DF:DF:EE:00:00:04,-56
BLE,1704635924760984920,D3:F4:55:AB:96:20,-59
BLE,1704635924947409741,D3:F4:55:AB:96:20,-48
BLE,1704635925138170740,D3:F4:55:AB:96:20,-64
BLE,1704635925707363844,D3:F4:55:AB:96:20,-63
BLE,1704635925893558083,D3:F4:55:AB:96:20,-64
BLE,1704635925957896314,DF:DF:EE:00:00:04,-53
BLE,1704635926083966460,D3:F4:55:AB:96:20,-62
BLE,1704635926468070068,D3:F4:55:AB:96:20,-63
BLE,1704635926499613354,DF:DF:EE:00:00:04,-54
BLE,1704635926655346424,D3:F4:55:AB:96:20,-62
BLE,1704635926845097306,D3:F4:55:AB:96:20,-62
BLE,1704635926964015001,DF:DF:EE:00:00:04,-54
BLE,1704635927039607030,D3:F4:55:AB:96:20,-63
BLE,1704635927230015408,D3:F4:55:AB:96:20,-48
BLE,1704635927424736672,D3:F4:55:AB:96:20,-62
BLE,1704635927499547707,DF:DF:EE:00:00:04,-54
BLE,1704635927960686543,DF:DF:EE:00:00:04,-53
BLE,1704635928203112984,D3:F4:55:AB:96:20,-63
BLE,1704635928583530741,D3:F4:55:AB:96:20,-64
BLE,1704635929203939832,DF:A6:DC:DC:2E:81,-83
BLE,1704635929204006040,DF:DF:EE:00:00:01,-83
BLE,1704635929551754601,D3:F4:55:AB:96:20,-64
BLE,1704635929739566996,D3:F4:55:AB:96:20,-62
BLE,1704635929934453051,D3:F4:55:AB:96:20,-64
BLE,1704635930711564497,D3:F4:55:AB:96:20,-62
BLE,1704635931506045617,DF:DF:EE:00:00:04,-54
BLE,1704635931670171797,D3:F4:55:AB:96:20,-63
BLE,1704635931861751833,D3:F4:55:AB:96:20,-64
BLE,1704635932440399331,D3:F4:55:AB:96:20,-64
BLE,1704635933020346278,D3:F4:55:AB:96:20,-71
BLE,1704635933024636791,DF:A6:DC:DC:2E:81,-74
BLE,1704635933024651124,DF:DF:EE:00:00:01,-74
BLE,1704635933510784790,DF:DF:EE:00:00:04,-64
BLE,1704635933603561995,D3:F4:55:AB:96:20,-64
BLE,1704635934045623418,DF:DF:EE:00:00:04,-54
BLE,1704635934508264702,DF:DF:EE:00:00:04,-52
BLE,1704635934556902081,D3:F4:55:AB:96:20,-70
BLE,1704635934937455545,D3:F4:55:AB:96:20,-62
BLE,1704635935131405815,D3:F4:55:AB:96:20,-78
BLE,1704635935318556840,D3:F4:55:AB:96:20,-61
BLE,1704635935512031779,D3:F4:55:AB:96:20,-48
BLE,1704635935512995939,D3:F4:55:AB:96:20,-63
BLE,1704635935567198406,DF:A6:DC:DC:2E:81,-84
BLE,1704635935567226822,DF:DF:EE:00:00:01,-84
BLE,1704635935901010437,D3:F4:55:AB:96:20,-62
BLE,1704635936051646875,DF:DF:EE:00:00:04,-55
BLE,1704635936277959842,D3:F4:55:AB:96:20,-64
BLE,1704635936657265524,D3:F4:55:AB:96:20,-64
BLE,1704635937033866807,D3:F4:55:AB:96:20,-61
BLE,1704635937228296323,D3:F4:55:AB:96:20,-48
BLE,1704635937422709382,D3:F4:55:AB:96:20,-62
BLE,1704635937550559141,DF:DF:EE:00:00:04,-54
BLE,1704635937799172374,D3:F4:55:AB:96:20,-61
BLE,1704635937993078061,D3:F4:55:AB:96:20,-71
BLE,1704635938010615234,DF:DF:EE:00:00:04,-55
BLE,1704635938375604345,D3:F4:55:AB:96:20,-63
BLE,1704635938565863474,D3:F4:55:AB:96:20,-62
BLE,1704635938758929833,D3:F4:55:AB:96:20,-63
BLE,1704635939140468416,D3:F4:55:AB:96:20,-47
BLE,1704635939332641031,D3:F4:55:AB:96:20,-63
BLE,1704635939718163378,D3:F4:55:AB:96:20,-64
BLE,1704635940100418331,D3:F4:55:AB:96:20,-64
BLE,1704635940279802950,DF:DF:EE:00:00:04,-56
BLE,1704635940482136330,D3:F4:55:AB:96:20,-62
BLE,1704635940820516080,DF:DF:EE:00:00:04,-55
BLE,1704635941284899643,DF:DF:EE:00:00:04,-55
BLE,1704635941440996920,D3:F4:55:AB:96:20,-62
BLE,1704635941822783459,D3:F4:55:AB:96:20,-61
BLE,1704635941824603863,DF:DF:EE:00:00:04,-53
BLE,1704635942018797798,D3:F4:55:AB:96:20,-63
BLE,1704635942289880504,DF:DF:EE:00:00:04,-56
BLE,1704635942829587433,DF:DF:EE:00:00:04,-55
BLE,1704635943168388013,D3:F4:55:AB:96:20,-59
BLE,1704635943287223875,DF:DF:EE:00:00:04,-53
BLE,1704635943355306247,D3:F4:55:AB:96:20,-61
BLE,1704635943546454911,D3:F4:55:AB:96:20,-64
BLE,1704635943826062434,DF:DF:EE:00:00:04,-54
BLE,1704635943921930160,D3:F4:55:AB:96:20,-62
BLE,1704635944111069046,D3:F4:55:AB:96:20,-64
BLE,1704635944281858431,DF:DF:EE:00:00:04,-55
BLE,1704635944296822871,D3:F4:55:AB:96:20,-61
BLE,1704635944690085458,D3:F4:55:AB:96:20,-64
BLE,1704635944881605911,D3:F4:55:AB:96:20,-62
BLE,1704635945077706416,D3:F4:55:AB:96:20,-63
BLE,1704635945268550041,D3:F4:55:AB:96:20,-63
BLE,1704635945465987454,D3:F4:55:AB:96:20,-52
BLE,1704635945844508390,D3:F4:55:AB:96:20,-63
BLE,1704635946037492708,D3:F4:55:AB:96:20,-62
BLE,1704635946226019807,D3:F4:55:AB:96:20,-64
BLE,1704635946411966839,D3:F4:55:AB:96:20,-62
BLE,1704635946556136279,DF:DF:EE:00:00:04,-55
BLE,1704635946609874832,D3:F4:55:AB:96:20,-63
BLE,1704635946796225528,D3:F4:55:AB:96:20,-61
BLE,1704635948147127588,D3:F4:55:AB:96:20,-62
BLE,1704635949120063166,DF:DF:EE:00:00:04,-54
BLE,1704635949490811447,D3:F4:55:AB:96:20,-64
BLE,1704635949564620739,DF:A6:DC:DC:2E:81,-85
BLE,1704635949564669239,DF:DF:EE:00:00:01,-85
BLE,1704635949656561991,DF:DF:EE:00:00:04,-53
BLE,1704635949658031231,DF:DF:EE:00:00:04,-54
BLE,1704635949869684173,D3:F4:55:AB:96:20,-63
BLE,1704635950058973391,D3:F4:55:AB:96:20,-61
BLE,1704635950121998339,DF:DF:EE:00:00:04,-55
BLE,1704635950255155354,D3:F4:55:AB:96:20,-62
BLE,1704635950451114277,D3:F4:55:AB:96:20,-62
BLE,1704635950640665410,D3:F4:55:AB:96:20,-62
BLE,1704635950839802353,D3:F4:55:AB:96:20,-70
BLE,1704635951118612715,DF:DF:EE:00:00:04,-54
BLE,1704635951419590594,D3:F4:55:AB:96:20,-62
BLE,1704635951610765716,D3:F4:55:AB:96:20,-62
BLE,1704635951657436066,DF:DF:EE:00:00:04,-38
BLE,1704635951991192181,D3:F4:55:AB:96:20,-61
BLE,1704635952768085045,D3:F4:55:AB:96:20,-64
BLE,1704635952964685547,D3:F4:55:AB:96:20,-62
BLE,1704635953351530510,D3:F4:55:AB:96:20,-62
BLE,1704635953387395226,DF:A6:DC:DC:2E:81,-82
BLE,1704635953387407184,DF:DF:EE:00:00:01,-82
BLE,1704635954111498239,D3:F4:55:AB:96:20,-52
BLE,1704635954300983830,D3:F4:55:AB:96:20,-64
BLE,1704635954492530533,D3:F4:55:AB:96:20,-63
BLE,1704635954664154746,DF:DF:EE:00:00:04,-56
BLE,1704635954684858898,D3:F4:55:AB:96:20,-64
BLE,1704635954880176741,D3:F4:55:AB:96:20,-62
BLE,1704635955265852630,D3:F4:55:AB:96:20,-63
BLE,1704635955459676400,D3:F4:55:AB:96:20,-62
BLE,1704635955652687718,D3:F4:55:AB:96:20,-64
BLE,1704635955846394531,D3:F4:55:AB:96:20,-62
BLE,1704635955932560531,DF:DF:EE:00:00:04,-54
BLE,1704635956037365238,D3:F4:55:AB:96:20,-64
BLE,1704635956223394978,D3:F4:55:AB:96:20,-63
BLE,1704635956413899980,D3:F4:55:AB:96:20,-64
BLE,1704635956938782592,DF:DF:EE:00:00:04,-40
BLE,1704635956987488721,D3:F4:55:AB:96:20,-61
BLE,1704635957181263492,D3:F4:55:AB:96:20,-64
BLE,1704635957216934833,DF:A6:DC:DC:2E:81,-84
BLE,1704635957216945000,DF:DF:EE:00:00:01,-84
BLE,1704635957476596367,DF:DF:EE:00:00:04,-55
BLE,1704635957941477218,DF:DF:EE:00:00:04,-54
BLE,1704635958145630128,D3:F4:55:AB:96:20,-64
BLE,1704635958473769030,DF:DF:EE:00:00:04,-55
BLE,1704635958535279072,D3:F4:55:AB:96:20,-64
BLE,1704635958939386335,DF:DF:EE:00:00:04,-56
BLE,1704635959106523579,D3:F4:55:AB:96:20,-61
BLE,1704635959492389257,D3:F4:55:AB:96:20,-62
BLE,1704635959687419145,D3:F4:55:AB:96:20,-62
BLE,1704635959758345123,DF:A6:DC:DC:2E:81,-83
BLE,1704635959758379206,DF:DF:EE:00:00:01,-83
BLE,1704635959883958230,D3:F4:55:AB:96:20,-62
BLE,1704635960653437103,D3:F4:55:AB:96:20,-61
BLE,1704635960750921109,DF:DF:EE:00:00:04,-54
BLE,1704635960850442310,D3:F4:55:AB:96:20,-64
BLE,1704635961214264846,DF:DF:EE:00:00:04,-55
BLE,1704635961238986971,D3:F4:55:AB:96:20,-48
BLE,1704635961427737484,D3:F4:55:AB:96:20,-48
BLE,1704635962201393787,D3:F4:55:AB:96:20,-62
BLE,1704635962390555130,D3:F4:55:AB:96:20,-61
BLE,1704635962586680636,D3:F4:55:AB:96:20,-63
BLE,1704635962972609564,D3:F4:55:AB:96:20,-62
BLE,1704635963027101111,DF:DF:EE:00:00:04,-55
BLE,1704635963169964519,D3:F4:55:AB:96:20,-64
BLE,1704635963357747997,D3:F4:55:AB:96:20,-57
BLE,1704635963488518653,DF:DF:EE:00:00:04,-54
BLE,1704635963548952661,D3:F4:55:AB:96:20,-64
BLE,1704635963580934361,DF:A6:DC:DC:2E:81,-82
BLE,1704635963580953319,DF:DF:EE:00:00:01,-82
BLE,1704635963924098287,D3:F4:55:AB:96:20,-62
BLE,1704635964023883653,DF:DF:EE:00:00:04,-51
BLE,1704635964314706225,D3:F4:55:AB:96:20,-59
BLE,1704635964487646345,DF:DF:EE:00:00:04,-54
BLE,1704635964500974630,D3:F4:55:AB:96:20,-53
BLE,1704635964884747323,D3:F4:55:AB:96:20,-61
BLE,1704635965083949641,D3:F4:55:AB:96:20,-64
BLE,1704635965470413065,D3:F4:55:AB:96:20,-64
BLE,1704635965660355612,D3:F4:55:AB:96:20,-48
BLE,1704635965757671328,DF:DF:EE:00:00:04,-51
BLE,1704635966047645781,D3:F4:55:AB:96:20,-63
BLE,1704635966238893319,D3:F4:55:AB:96:20,-62
BLE,1704635966428956615,D3:F4:55:AB:96:20,-64
BLE,1704635967004768133,D3:F4:55:AB:96:20,-62
BLE,1704635967195623798,D3:F4:55:AB:96:20,-63
BLE,1704635967302678823,DF:DF:EE:00:00:04,-54
BLE,1704635967771293608,D3:F4:55:AB:96:20,-62
BLE,1704635967964565383,D3:F4:55:AB:96:20,-64
BLE,1704635968159661562,D3:F4:55:AB:96:20,-62
BLE,1704635968160922428,D3:F4:55:AB:96:20,-64
BLE,1704635968663894480,DF:A6:DC:DC:2E:81,-84
BLE,1704635968663934772,DF:DF:EE:00:00:01,-84
BLE,1704635968738830889,D3:F4:55:AB:96:20,-63
BLE,1704635968761374362,DF:DF:EE:00:00:04,-50
BLE,1704635969125430855,D3:F4:55:AB:96:20,-64
BLE,1704635969702260198,D3:F4:55:AB:96:20,-58
BLE,1704635970296420383,DF:DF:EE:00:00:04,-40
BLE,1704635970756462851,DF:DF:EE:00:00:04,-54
BLE,1704635971246304325,D3:F4:55:AB:96:20,-63
BLE,1704635971436612703,D3:F4:55:AB:96:20,-48
BLE,1704635972206633363,D3:F4:55:AB:96:20,-63
BLE,1704635973308799566,DF:DF:EE:00:00:04,-53
BLE,1704635973367501752,D3:F4:55:AB:96:20,-61
BLE,1704635973560701069,D3:F4:55:AB:96:20,-64
BLE,1704635974136470753,D3:F4:55:AB:96:20,-63
BLE,1704635974330246941,D3:F4:55:AB:96:20,-65
BLE,1704635975100379350,D3:F4:55:AB:96:20,-48
BLE,1704635975577161121,DF:DF:EE:00:00:04,-54
BLE,1704635975578543070,DF:DF:EE:00:00:04,-54
BLE,1704635976126426152,DF:DF:EE:00:00:04,-73
BLE,1704635976256758561,D3:F4:55:AB:96:20,-63
BLE,1704635976586022831,DF:DF:EE:00:00:04,-54
BLE,1704635976634293046,D3:F4:55:AB:96:20,-61
BLE,1704635977125685176,DF:DF:EE:00:00:04,-48
BLE,1704635977210135271,D3:F4:55:AB:96:20,-63
BLE,1704635977397425669,D3:F4:55:AB:96:20,-48
BLE,1704635977584497694,DF:DF:EE:00:00:04,-54
BLE,1704635977590588403,D3:F4:55:AB:96:20,-63
BLE,1704635977778432839,D3:F4:55:AB:96:20,-53
BLE,1704635977967173144,D3:F4:55:AB:96:20,-64
BLE,1704635978159215135,D3:F4:55:AB:96:20,-61
BLE,1704635978351955663,D3:F4:55:AB:96:20,-62
BLE,1704635978931922569,D3:F4:55:AB:96:20,-62
BLE,1704635979318786283,D3:F4:55:AB:96:20,-48
BLE,1704635979509879114,D3:F4:55:AB:96:20,-62
BLE,1704635979709039890,D3:F4:55:AB:96:20,-64
BLE,1704635980093968241,D3:F4:55:AB:96:20,-62
BLE,1704635980291753319,D3:F4:55:AB:96:20,-64
BLE,1704635980479139800,D3:F4:55:AB:96:20,-64
BLE,1704635980676822086,D3:F4:55:AB:96:20,-64
BLE,1704635980874518122,D3:F4:55:AB:96:20,-53
BLE,1704635981401491303,DF:DF:EE:00:00:04,-54
BLE,1704635981447880948,D3:F4:55:AB:96:20,-63
BLE,1704635981830356107,D3:F4:55:AB:96:20,-63
BLE,1704635982024153795,D3:F4:55:AB:96:20,-54
BLE,1704635982402034569,DF:DF:EE:00:00:04,-56
BLE,1704635982778935934,D3:F4:55:AB:96:20,-48
BLE,1704635982971695253,D3:F4:55:AB:96:20,-63
BLE,1704635983159961395,D3:F4:55:AB:96:20,-63
BLE,1704635983551464952,D3:F4:55:AB:96:20,-53
BLE,1704635983924104470,DF:A6:DC:DC:2E:81,-81
BLE,1704635983924137762,DF:DF:EE:00:00:01,-81
BLE,1704635983929102728,D3:F4:55:AB:96:20,-48
BLE,1704635983941579518,DF:DF:EE:00:00:04,-39
BLE,1704635984688015672,D3:F4:55:AB:96:20,-62
BLE,1704635984882896435,D3:F4:55:AB:96:20,-62
BLE,1704635985272720879,D3:F4:55:AB:96:20,-62
BLE,1704635987221596222,DF:DF:EE:00:00:04,-55
BLE,1704635987576950524,D3:F4:55:AB:96:20,-48
BLE,1704635987676730265,DF:DF:EE:00:00:04,-54
BLE,1704635987957921319,D3:F4:55:AB:96:20,-63
BLE,1704635988151765132,D3:F4:55:AB:96:20,-63
BLE,1704635988348382133,D3:F4:55:AB:96:20,-62
BLE,1704635988536322861,D3:F4:55:AB:96:20,-57
BLE,1704635989304206036,D3:F4:55:AB:96:20,-62
BLE,1704635989690154339,D3:F4:55:AB:96:20,-63
BLE,1704635989884665730,D3:F4:55:AB:96:20,-62
BLE,1704635990080279447,D3:F4:55:AB:96:20,-63
BLE,1704635990272732560,D3:F4:55:AB:96:20,-48
BLE,1704635990468210278,D3:F4:55:AB:96:20,-62
BLE,1704635990673779177,DF:DF:EE:00:00:04,-53
BLE,1704635991053017067,D3:F4:55:AB:96:20,-48
BLE,1704635991248730534,D3:F4:55:AB:96:20,-64
BLE,1704635991824298178,D3:F4:55:AB:96:20,-48
BLE,1704635992599153472,D3:F4:55:AB:96:20,-63
BLE,1704635992788649730,D3:F4:55:AB:96:20,-62
BLE,1704635993369316798,D3:F4:55:AB:96:20,-61
BLE,1704635993565112264,D3:F4:55:AB:96:20,-64
BLE,1704635993752696160,D3:F4:55:AB:96:20,-64
BLE,1704635993771018994,DF:DF:EE:00:00:04,-40
BLE,1704635994146186120,D3:F4:55:AB:96:20,-62
BLE,1704635994230016844,DF:DF:EE:00:00:04,-54
BLE,1704635994231480459,DF:DF:EE:00:00:04,-54
BLE,1704635994723311545,D3:F4:55:AB:96:20,-61
BLE,1704635994917168857,D3:F4:55:AB:96:20,-63
BLE,1704635995229363076,DF:DF:EE:00:00:04,-55
BLE,1704635995306624470,D3:F4:55:AB:96:20,-62
BLE,1704635995690394788,D3:F4:55:AB:96:20,-61
BLE,1704635995765510696,DF:DF:EE:00:00:04,-53
BLE,1704635996467495233,D3:F4:55:AB:96:20,-58
BLE,1704635996662565746,D3:F4:55:AB:96:20,-48
BLE,1704635996852475210,D3:F4:55:AB:96:20,-59
BLE,1704635997047366931,D3:F4:55:AB:96:20,-63
BLE,1704635997231875515,DF:DF:EE:00:00:04,-56
BLE,1704635997430374171,D3:F4:55:AB:96:20,-64
BLE,1704635998199456379,D3:F4:55:AB:96:20,-58
BLE,1704635998225834784,DF:DF:EE:00:00:04,-55
BLE,1704635998966348978,D3:F4:55:AB:96:20,-64
BLE,1704635999924690321,D3:F4:55:AB:96:20,-62
