BLE,1705561200055642844,D3:F4:55:AB:96:20,-58
BLE,1705561200099738487,DF:DF:EE:00:00:04,-22
BLE,1705561200246099431,D3:F4:55:AB:96:20,-57
BLE,1705561200437086844,D3:F4:55:AB:96:20,-42
BLE,1705561200557612935,DF:DF:EE:00:00:04,-35
BLE,1705561200626319656,D3:F4:55:AB:96:20,-59
BLE,1705561200819522997,D3:F4:55:AB:96:20,-57
BLE,1705561201007273538,D3:F4:55:AB:96:20,-59
BLE,1705561201103029720,DF:DF:EE:00:00:04,-34
BLE,1705561201104444617,DF:DF:EE:00:00:04,-36
BLE,1705561201199242063,D3:F4:55:AB:96:20,-56
BLE,1705561201211246189,DF:A6:DC:DC:2E:81,-64
BLE,1705561201211273480,DF:DF:EE:00:00:01,-64
BLE,1705561201564837781,DF:DF:EE:00:00:04,-39
BLE,1705561201966856247,D3:F4:55:AB:96:20,-58
BLE,1705561202096172092,DF:DF:EE:00:00:04,-35
BLE,1705561202159864257,D3:F4:55:AB:96:20,-59
BLE,1705561202550532630,D3:F4:55:AB:96:20,-56
BLE,1705561202741190215,D3:F4:55:AB:96:20,-59
BLE,1705561202939966270,D3:F4:55:AB:96:20,-58
BLE,1705561203132742200,D3:F4:55:AB:96:20,-50
BLE,1705561203522557877,D3:F4:55:AB:96:20,-58
BLE,1705561203558609797,DF:DF:EE:00:00:04,-36
BLE,1705561203709954589,D3:F4:55:AB:96:20,-59
BLE,1705561203755240549,DF:A6:DC:DC:2E:81,-64
BLE,1705561203755272924,DF:DF:EE:00:00:01,-64
BLE,1705561203899032987,D3:F4:55:AB:96:20,-56
BLE,1705561204092450241,D3:F4:55:AB:96:20,-58
BLE,1705561204101384535,DF:DF:EE:00:00:04,-36
BLE,1705561204286214741,D3:F4:55:AB:96:20,-57
BLE,1705561204678648465,D3:F4:55:AB:96:20,-59
BLE,1705561205068659388,D3:F4:55:AB:96:20,-55
BLE,1705561205102584588,DF:DF:EE:00:00:04,-35
BLE,1705561205457639118,D3:F4:55:AB:96:20,-58
BLE,1705561206040632677,D3:F4:55:AB:96:20,-58
BLE,1705561206102275162,DF:DF:EE:00:00:04,-35
BLE,1705561206229492577,D3:F4:55:AB:96:20,-59
BLE,1705561206426055080,D3:F4:55:AB:96:20,-58
BLE,1705561206614520611,D3:F4:55:AB:96:20,-58
BLE,1705561207197553587,D3:F4:55:AB:96:20,-59
BLE,1705561207564631784,DF:DF:EE:00:00:04,-35
BLE,1705561207583127072,D3:F4:55:AB:96:20,-43
BLE,1705561207773350953,D3:F4:55:AB:96:20,-57
BLE,1705561208102521423,DF:DF:EE:00:00:04,-35
BLE,1705561208157425125,D3:F4:55:AB:96:20,-58
BLE,1705561208343903059,D3:F4:55:AB:96:20,-58
BLE,1705561208534740807,D3:F4:55:AB:96:20,-56
BLE,1705561208562615882,DF:DF:EE:00:00:04,-39
BLE,1705561209103899223,DF:DF:EE:00:00:04,-38
BLE,1705561209108872780,D3:F4:55:AB:96:20,-59
BLE,1705561209307358340,D3:F4:55:AB:96:20,-58
BLE,1705561209504526876,D3:F4:55:AB:96:20,-58
BLE,1705561209695711828,D3:F4:55:AB:96:20,-59
BLE,1705561209889532952,D3:F4:55:AB:96:20,-58
BLE,1705561210078626099,D3:F4:55:AB:96:20,-59
BLE,1705561210095824946,DF:DF:EE:00:00:04,-39
BLE,1705561210120399482,DF:A6:DC:DC:2E:81,-65
BLE,1705561210120427107,DF:DF:EE:00:00:01,-65
BLE,1705561210459004864,D3:F4:55:AB:96:20,-59
BLE,1705561210557047014,DF:DF:EE:00:00:04,-36
BLE,1705561211220198512,D3:F4:55:AB:96:20,-58
BLE,1705561211407395810,D3:F4:55:AB:96:20,-59
BLE,1705561211604968924,D3:F4:55:AB:96:20,-59
BLE,1705561211804091767,D3:F4:55:AB:96:20,-58
BLE,1705561211991774725,D3:F4:55:AB:96:20,-59
BLE,1705561212097766850,DF:DF:EE:00:00:04,-39
BLE,1705561212182906345,D3:F4:55:AB:96:20,-57
BLE,1705561212372841480,D3:F4:55:AB:96:20,-59
BLE,1705561212564760506,DF:DF:EE:00:00:04,-40
BLE,1705561212662100041,DF:A6:DC:DC:2E:81,-64
BLE,1705561212662131082,DF:DF:EE:00:00:01,-64
BLE,1705561212943894746,D3:F4:55:AB:96:20,-56
BLE,1705561213330897794,D3:F4:55:AB:96:20,-41
BLE,1705561213519738987,D3:F4:55:AB:96:20,-53
BLE,1705561213556792143,DF:DF:EE:00:00:04,-39
BLE,1705561213710132449,D3:F4:55:AB:96:20,-56
BLE,1705561214286100855,D3:F4:55:AB:96:20,-59
BLE,1705561214556386218,DF:DF:EE:00:00:04,-34
BLE,1705561214867749100,D3:F4:55:AB:96:20,-60
BLE,1705561215062639459,D3:F4:55:AB:96:20,-57
BLE,1705561215454231652,D3:F4:55:AB:96:20,-59
BLE,1705561215836064022,D3:F4:55:AB:96:20,-59
BLE,1705561216033343348,D3:F4:55:AB:96:20,-58
BLE,1705561216095470868,DF:DF:EE:00:00:04,-36
BLE,1705561216218739380,D3:F4:55:AB:96:20,-59
BLE,1705561216416987485,D3:F4:55:AB:96:20,-42
BLE,1705561216491100464,DF:A6:DC:DC:2E:81,-64
BLE,1705561216491117548,DF:DF:EE:00:00:01,-64
BLE,1705561216557484051,DF:DF:EE:00:00:04,-35
BLE,1705561216610867816,D3:F4:55:AB:96:20,-56
BLE,1705561216806225002,D3:F4:55:AB:96:20,-59
BLE,1705561217193779710,D3:F4:55:AB:96:20,-56
BLE,1705561217383792136,D3:F4:55:AB:96:20,-58
BLE,1705561217555813643,DF:DF:EE:00:00:04,-36
BLE,1705561217575662870,D3:F4:55:AB:96:20,-56
BLE,1705561217766904863,D3:F4:55:AB:96:20,-58
BLE,1705561217960906359,D3:F4:55:AB:96:20,-56
BLE,1705561218097570853,DF:DF:EE:00:00:04,-35
BLE,1705561218152207768,D3:F4:55:AB:96:20,-59
BLE,1705561218342178820,D3:F4:55:AB:96:20,-56
BLE,1705561218555714464,DF:DF:EE:00:00:04,-38
BLE,1705561218919814453,D3:F4:55:AB:96:20,-59
BLE,1705561219032782440,DF:A6:DC:DC:2E:81,-63
BLE,1705561219032813064,DF:DF:EE:00:00:01,-63
BLE,1705561219101127416,DF:DF:EE:00:00:04,-24
BLE,1705561219117254277,D3:F4:55:AB:96:20,-58
BLE,1705561219305286481,D3:F4:55:AB:96:20,-60
BLE,1705561219495710693,D3:F4:55:AB:96:20,-58
BLE,1705561219555916448,DF:DF:EE:00:00:04,-35
BLE,1705561219885634368,D3:F4:55:AB:96:20,-59
BLE,1705561220093124054,DF:DF:EE:00:00:04,-35
BLE,1705561220560034086,DF:DF:EE:00:00:04,-34
BLE,1705561220654154540,D3:F4:55:AB:96:20,-57
BLE,1705561221096445244,DF:DF:EE:00:00:04,-34
BLE,1705561221237905422,D3:F4:55:AB:96:20,-59
BLE,1705561221435520327,D3:F4:55:AB:96:20,-58
BLE,1705561221561015517,DF:DF:EE:00:00:04,-35
BLE,1705561221576141059,DF:A6:DC:DC:2E:81,-62
BLE,1705561221576167725,DF:DF:EE:00:00:01,-62
BLE,1705561221627203648,D3:F4:55:AB:96:20,-56
BLE,1705561221817206407,D3:F4:55:AB:96:20,-58
BLE,1705561222099813851,DF:DF:EE:00:00:04,-35
BLE,1705561222558266791,DF:DF:EE:00:00:04,-39
BLE,1705561222773896865,D3:F4:55:AB:96:20,-56
BLE,1705561223096598090,DF:DF:EE:00:00:04,-40
BLE,1705561223158889816,D3:F4:55:AB:96:20,-54
BLE,1705561223349916270,D3:F4:55:AB:96:20,-59
BLE,1705561223545181166,D3:F4:55:AB:96:20,-58
BLE,1705561223553549342,DF:DF:EE:00:00:04,-35
BLE,1705561223738489547,D3:F4:55:AB:96:20,-60
BLE,1705561224093171873,DF:DF:EE:00:00:04,-30
BLE,1705561224114843408,DF:A6:DC:DC:2E:81,-64
BLE,1705561224114876241,DF:DF:EE:00:00:01,-64
BLE,1705561224126840577,D3:F4:55:AB:96:20,-56
BLE,1705561224559441622,DF:DF:EE:00:00:04,-39
BLE,1705561224704927120,D3:F4:55:AB:96:20,-59
BLE,1705561224895525330,D3:F4:55:AB:96:20,-41
BLE,1705561225093550771,DF:DF:EE:00:00:04,-35
BLE,1705561225278602891,D3:F4:55:AB:96:20,-58
BLE,1705561225556173945,DF:DF:EE:00:00:04,-34
BLE,1705561225663912671,D3:F4:55:AB:96:20,-41
BLE,1705561226048223506,D3:F4:55:AB:96:20,-58
BLE,1705561226238155059,D3:F4:55:AB:96:20,-56
BLE,1705561226560673870,DF:DF:EE:00:00:04,-39
BLE,1705561226627718363,D3:F4:55:AB:96:20,-58
BLE,1705561226821028869,D3:F4:55:AB:96:20,-58
BLE,1705561227093964613,DF:DF:EE:00:00:04,-35
BLE,1705561227206540480,D3:F4:55:AB:96:20,-54
BLE,1705561227398321882,D3:F4:55:AB:96:20,-58
BLE,1705561227558238223,DF:DF:EE:00:00:04,-35
BLE,1705561227590309823,D3:F4:55:AB:96:20,-55
BLE,1705561227782990254,D3:F4:55:AB:96:20,-59
BLE,1705561227973066430,D3:F4:55:AB:96:20,-56
BLE,1705561228096060029,DF:DF:EE:00:00:04,-38
BLE,1705561228168363908,D3:F4:55:AB:96:20,-69
BLE,1705561228364631665,D3:F4:55:AB:96:20,-42
BLE,1705561228553049114,DF:DF:EE:00:00:04,-35
BLE,1705561228751912002,D3:F4:55:AB:96:20,-59
BLE,1705561228945231882,D3:F4:55:AB:96:20,-58
BLE,1705561229101121153,DF:DF:EE:00:00:04,-36
BLE,1705561229138128436,D3:F4:55:AB:96:20,-57
BLE,1705561229533109416,D3:F4:55:AB:96:20,-58
BLE,1705561229561134697,DF:DF:EE:00:00:04,-36
BLE,1705561229914295711,D3:F4:55:AB:96:20,-57
BLE,1705561230097800519,DF:DF:EE:00:00:04,-38
BLE,1705561230290856778,D3:F4:55:AB:96:20,-56
BLE,1705561230481153201,D3:F4:55:AB:96:20,-58
BLE,1705561230555856631,DF:DF:EE:00:00:04,-35
BLE,1705561230557480275,DF:DF:EE:00:00:04,-35
BLE,1705561230672638732,D3:F4:55:AB:96:20,-56
BLE,1705561230862417578,D3:F4:55:AB:96:20,-58
BLE,1705561231054062649,D3:F4:55:AB:96:20,-56
BLE,1705561231097409885,DF:DF:EE:00:00:04,-36
BLE,1705561231243370668,D3:F4:55:AB:96:20,-58
BLE,1705561231438811186,D3:F4:55:AB:96:20,-54
BLE,1705561231630529298,D3:F4:55:AB:96:20,-44
BLE,1705561231820848595,D3:F4:55:AB:96:20,-40
BLE,1705561232009571664,D3:F4:55:AB:96:20,-58
BLE,1705561232201171527,D3:F4:55:AB:96:20,-54
BLE,1705561232557849368,DF:DF:EE:00:00:04,-29
BLE,1705561232591820358,D3:F4:55:AB:96:20,-58
BLE,1705561232782365694,D3:F4:55:AB:96:20,-59
BLE,1705561232973150193,D3:F4:55:AB:96:20,-57
BLE,1705561233092229638,DF:DF:EE:00:00:04,-34
BLE,1705561233364522765,D3:F4:55:AB:96:20,-59
BLE,1705561233556179585,DF:DF:EE:00:00:04,-35
BLE,1705561233559007005,D3:F4:55:AB:96:20,-57
BLE,1705561233748141276,D3:F4:55:AB:96:20,-59
BLE,1705561233940084718,D3:F4:55:AB:96:20,-58
BLE,1705561234093498481,DF:DF:EE:00:00:04,-30
BLE,1705561234127243809,D3:F4:55:AB:96:20,-59
BLE,1705561234513485659,D3:F4:55:AB:96:20,-60
BLE,1705561234708130813,D3:F4:55:AB:96:20,-58
BLE,1705561234900644664,D3:F4:55:AB:96:20,-56
BLE,1705561235092850143,D3:F4:55:AB:96:20,-58
BLE,1705561235095679563,DF:DF:EE:00:00:04,-35
BLE,1705561235284344341,D3:F4:55:AB:96:20,-56
BLE,1705561235472780539,D3:F4:55:AB:96:20,-57
BLE,1705561235850396217,D3:F4:55:AB:96:20,-56
BLE,1705561236044120509,D3:F4:55:AB:96:20,-57
BLE,1705561236097713063,DF:DF:EE:00:00:04,-35
BLE,1705561236240469806,D3:F4:55:AB:96:20,-57
BLE,1705561236433289152,D3:F4:55:AB:96:20,-55
BLE,1705561236628854002,D3:F4:55:AB:96:20,-59
BLE,1705561236821832888,D3:F4:55:AB:96:20,-58
BLE,1705561237096345651,DF:DF:EE:00:00:04,-38
BLE,1705561237207921115,D3:F4:55:AB:96:20,-57
BLE,1705561237564200170,DF:DF:EE:00:00:04,-40
BLE,1705561237596044190,D3:F4:55:AB:96:20,-43
BLE,1705561237791410251,D3:F4:55:AB:96:20,-58
BLE,1705561237983047197,D3:F4:55:AB:96:20,-56
BLE,1705561238092046696,DF:DF:EE:00:00:04,-34
BLE,1705561238366352713,D3:F4:55:AB:96:20,-56
BLE,1705561238556424263,D3:F4:55:AB:96:20,-58
BLE,1705561238744366801,D3:F4:55:AB:96:20,-59
BLE,1705561239128784802,D3:F4:55:AB:96:20,-59
BLE,1705561239319618884,D3:F4:55:AB:96:20,-57
BLE,1705561239510684921,D3:F4:55:AB:96:20,-59
BLE,1705561239561407764,DF:DF:EE:00:00:04,-35
BLE,1705561240087140612,D3:F4:55:AB:96:20,-58
BLE,1705561240098215667,DF:DF:EE:00:00:04,-35
BLE,1705561240468327907,D3:F4:55:AB:96:20,-58
BLE,1705561241048017803,D3:F4:55:AB:96:20,-56
BLE,1705561241095594023,DF:DF:EE:00:00:04,-39
BLE,1705561241243335448,D3:F4:55:AB:96:20,-59
BLE,1705561241435794674,D3:F4:55:AB:96:20,-58
BLE,1705561241556176392,DF:DF:EE:00:00:04,-35
BLE,1705561241621996944,D3:F4:55:AB:96:20,-59
BLE,1705561242011579707,D3:F4:55:AB:96:20,-56
BLE,1705561242097749605,DF:DF:EE:00:00:04,-34
BLE,1705561242206833895,D3:F4:55:AB:96:20,-57
BLE,1705561242559046047,DF:DF:EE:00:00:04,-39
BLE,1705561242593649113,D3:F4:55:AB:96:20,-60
BLE,1705561242985350096,D3:F4:55:AB:96:20,-58
BLE,1705561243370283590,D3:F4:55:AB:96:20,-58
BLE,1705561243555475166,DF:DF:EE:00:00:04,-35
BLE,1705561243945755461,D3:F4:55:AB:96:20,-55
BLE,1705561244099492053,DF:DF:EE:00:00:04,-35
BLE,1705561244519657354,D3:F4:55:AB:96:20,-56
BLE,1705561244555906771,DF:DF:EE:00:00:04,-36
BLE,1705561244906444863,D3:F4:55:AB:96:20,-59
BLE,1705561245094517441,DF:DF:EE:00:00:04,-35
BLE,1705561245104012894,D3:F4:55:AB:96:20,-58
BLE,1705561245299038168,D3:F4:55:AB:96:20,-56
BLE,1705561245491568851,D3:F4:55:AB:96:20,-59
BLE,1705561245687464655,D3:F4:55:AB:96:20,-58
BLE,1705561245875890103,D3:F4:55:AB:96:20,-58
BLE,1705561246561580457,DF:DF:EE:00:00:04,-35
BLE,1705561247032699306,D3:F4:55:AB:96:20,-56
BLE,1705561247092140863,DF:DF:EE:00:00:04,-35
BLE,1705561247223513347,D3:F4:55:AB:96:20,-59
BLE,1705561247608479048,D3:F4:55:AB:96:20,-59
BLE,1705561248094698023,DF:DF:EE:00:00:04,-39
BLE,1705561248191505440,D3:F4:55:AB:96:20,-59
BLE,1705561248303213319,DF:A6:DC:DC:2E:81,-64
BLE,1705561248303245652,DF:DF:EE:00:00:01,-64
BLE,1705561248385655143,D3:F4:55:AB:96:20,-58
BLE,1705561248556609498,DF:DF:EE:00:00:04,-36
BLE,1705561248557959480,DF:DF:EE:00:00:04,-36
BLE,1705561248577811498,D3:F4:55:AB:96:20,-59
BLE,1705561248771552165,D3:F4:55:AB:96:20,-58
BLE,1705561249092302125,DF:DF:EE:00:00:04,-35
BLE,1705561249353436573,D3:F4:55:AB:96:20,-58
BLE,1705561249560301309,DF:DF:EE:00:00:04,-38
BLE,1705561249739706423,D3:F4:55:AB:96:20,-58
BLE,1705561249934132538,D3:F4:55:AB:96:20,-56
BLE,1705561250127169507,D3:F4:55:AB:96:20,-59
BLE,1705561250325317029,D3:F4:55:AB:96:20,-58
BLE,1705561250558372363,DF:DF:EE:00:00:04,-34
BLE,1705561251093189127,DF:DF:EE:00:00:04,-41
BLE,1705561251094543275,D3:F4:55:AB:96:20,-57
BLE,1705561251287841906,D3:F4:55:AB:96:20,-58
BLE,1705561251562631208,DF:DF:EE:00:00:04,-36
BLE,1705561251672152033,D3:F4:55:AB:96:20,-57
BLE,1705561251866113489,D3:F4:55:AB:96:20,-56
BLE,1705561252055666713,D3:F4:55:AB:96:20,-58
BLE,1705561252100390973,DF:DF:EE:00:00:04,-39
BLE,1705561252241870400,D3:F4:55:AB:96:20,-59
BLE,1705561252433213142,D3:F4:55:AB:96:20,-46
BLE,1705561252561032299,DF:DF:EE:00:00:04,-36
BLE,1705561252625105792,D3:F4:55:AB:96:20,-58
BLE,1705561252822171788,D3:F4:55:AB:96:20,-58
BLE,1705561253007418614,D3:F4:55:AB:96:20,-57
BLE,1705561253098492652,DF:DF:EE:00:00:04,-21
BLE,1705561253200893284,D3:F4:55:AB:96:20,-58
BLE,1705561253387919710,D3:F4:55:AB:96:20,-59
BLE,1705561253558742567,DF:DF:EE:00:00:04,-36
BLE,1705561253584835624,D3:F4:55:AB:96:20,-58
BLE,1705561253966605537,D3:F4:55:AB:96:20,-58
BLE,1705561254097196239,DF:DF:EE:00:00:04,-36
BLE,1705561254154781072,D3:F4:55:AB:96:20,-60
BLE,1705561254348512155,D3:F4:55:AB:96:20,-57
BLE,1705561254556038965,DF:DF:EE:00:00:04,-39
BLE,1705561254730404982,D3:F4:55:AB:96:20,-58
BLE,1705561255099213781,DF:DF:EE:00:00:04,-35
BLE,1705561255122465003,D3:F4:55:AB:96:20,-60
BLE,1705561255321474389,D3:F4:55:AB:96:20,-58
BLE,1705561255508778019,D3:F4:55:AB:96:20,-59
BLE,1705561255555438710,DF:DF:EE:00:00:04,-34
BLE,1705561255698511116,D3:F4:55:AB:96:20,-57
BLE,1705561256264771030,D3:F4:55:AB:96:20,-57
BLE,1705561256453031647,D3:F4:55:AB:96:20,-59
BLE,1705561256557473002,DF:DF:EE:00:00:04,-39
BLE,1705561256650508471,D3:F4:55:AB:96:20,-59
BLE,1705561256846263777,D3:F4:55:AB:96:20,-58
BLE,1705561257093133879,DF:DF:EE:00:00:04,-39
BLE,1705561257233283617,D3:F4:55:AB:96:20,-57
BLE,1705561257426770162,D3:F4:55:AB:96:20,-56
BLE,1705561257552384683,DF:DF:EE:00:00:04,-34
BLE,1705561257619757172,D3:F4:55:AB:96:20,-59
BLE,1705561257810941957,D3:F4:55:AB:96:20,-56
BLE,1705561258190215529,D3:F4:55:AB:96:20,-54
BLE,1705561258475567768,DF:A6:DC:DC:2E:81,-64
BLE,1705561258475603518,DF:DF:EE:00:00:01,-64
BLE,1705561258552925412,DF:DF:EE:00:00:04,-35
BLE,1705561258963389804,D3:F4:55:AB:96:20,-58
BLE,1705561259100691122,DF:DF:EE:00:00:04,-38
BLE,1705561259155918737,D3:F4:55:AB:96:20,-56
BLE,1705561259347998177,D3:F4:55:AB:96:20,-58
BLE,1705561259729875087,D3:F4:55:AB:96:20,-57
BLE,1705561259916935096,D3:F4:55:AB:96:20,-57
BLE,1705561260096054464,DF:DF:EE:00:00:04,-35
BLE,1705561260304830716,D3:F4:55:AB:96:20,-56
BLE,1705561260498572091,D3:F4:55:AB:96:20,-58
BLE,1705561260561137188,DF:DF:EE:00:00:04,-40
BLE,1705561260689315049,D3:F4:55:AB:96:20,-56
BLE,1705561261073688967,D3:F4:55:AB:96:20,-56
BLE,1705561261101156214,DF:DF:EE:00:00:04,-39
BLE,1705561261267251344,D3:F4:55:AB:96:20,-59
BLE,1705561261463826138,D3:F4:55:AB:96:20,-58
BLE,1705561261651276100,D3:F4:55:AB:96:20,-58
BLE,1705561261844348401,D3:F4:55:AB:96:20,-58
BLE,1705561262031186246,D3:F4:55:AB:96:20,-59
BLE,1705561262225246492,D3:F4:55:AB:96:20,-58
BLE,1705561262564044412,DF:DF:EE:00:00:04,-40
BLE,1705561262996117423,D3:F4:55:AB:96:20,-59
BLE,1705561263091031742,DF:DF:EE:00:00:04,-34
BLE,1705561263191784564,D3:F4:55:AB:96:20,-58
BLE,1705561263379496855,D3:F4:55:AB:96:20,-60
BLE,1705561263558480475,DF:DF:EE:00:00:04,-35
BLE,1705561263577416964,D3:F4:55:AB:96:20,-58
BLE,1705561263768759247,D3:F4:55:AB:96:20,-56
BLE,1705561263959460289,D3:F4:55:AB:96:20,-56
BLE,1705561264341584863,D3:F4:55:AB:96:20,-58
BLE,1705561264563776513,DF:DF:EE:00:00:04,-39
BLE,1705561264918973958,D3:F4:55:AB:96:20,-56
BLE,1705561265094457209,DF:DF:EE:00:00:04,-34
BLE,1705561265095949355,DF:DF:EE:00:00:04,-36
BLE,1705561265296467887,D3:F4:55:AB:96:20,-60
BLE,1705561265557346338,DF:DF:EE:00:00:04,-39
BLE,1705561265685421409,D3:F4:55:AB:96:20,-55
BLE,1705561265878736081,D3:F4:55:AB:96:20,-59
BLE,1705561266076142822,D3:F4:55:AB:96:20,-58
BLE,1705561266095797094,DF:DF:EE:00:00:04,-39
BLE,1705561266261546521,D3:F4:55:AB:96:20,-60
BLE,1705561266455149314,D3:F4:55:AB:96:20,-58
BLE,1705561266651642151,D3:F4:55:AB:96:20,-55
BLE,1705561267039951015,D3:F4:55:AB:96:20,-58
BLE,1705561267099938690,DF:DF:EE:00:00:04,-35
BLE,1705561267231082593,D3:F4:55:AB:96:20,-59
BLE,1705561267363844807,DF:A6:DC:DC:2E:81,-64
BLE,1705561267363877515,DF:DF:EE:00:00:01,-64
BLE,1705561267423214948,D3:F4:55:AB:96:20,-58
BLE,1705561267608853435,D3:F4:55:AB:96:20,-59
BLE,1705561267991045800,D3:F4:55:AB:96:20,-66
BLE,1705561268183765064,D3:F4:55:AB:96:20,-55
BLE,1705561268377660937,D3:F4:55:AB:96:20,-59
BLE,1705561268569970331,D3:F4:55:AB:96:20,-56
BLE,1705561268761969564,D3:F4:55:AB:96:20,-59
BLE,1705561268958278403,D3:F4:55:AB:96:20,-60
BLE,1705561269156343594,D3:F4:55:AB:96:20,-58
BLE,1705561269348862778,D3:F4:55:AB:96:20,-56
BLE,1705561269562905123,DF:DF:EE:00:00:04,-38
BLE,1705561269733636773,D3:F4:55:AB:96:20,-56
BLE,1705561270093648402,DF:DF:EE:00:00:04,-35
BLE,1705561270304200129,D3:F4:55:AB:96:20,-58
BLE,1705561270493263776,D3:F4:55:AB:96:20,-59
BLE,1705561270883736652,D3:F4:55:AB:96:20,-55
BLE,1705561271261502536,D3:F4:55:AB:96:20,-56
BLE,1705561271551524044,DF:DF:EE:00:00:04,-36
BLE,1705561271553053273,DF:DF:EE:00:00:04,-34
BLE,1705561271647313184,D3:F4:55:AB:96:20,-56
BLE,1705561272034594895,D3:F4:55:AB:96:20,-58
BLE,1705561272102025884,DF:DF:EE:00:00:04,-38
BLE,1705561272230331451,D3:F4:55:AB:96:20,-56
BLE,1705561272611274833,D3:F4:55:AB:96:20,-56
BLE,1705561272996205035,D3:F4:55:AB:96:20,-46
BLE,1705561273186576748,D3:F4:55:AB:96:20,-47
BLE,1705561273373736964,D3:F4:55:AB:96:20,-59
BLE,1705561273567539796,D3:F4:55:AB:96:20,-58
BLE,1705561273755146214,D3:F4:55:AB:96:20,-59
BLE,1705561274091799497,DF:DF:EE:00:00:04,-35
BLE,1705561274145823587,D3:F4:55:AB:96:20,-56
BLE,1705561274336430505,D3:F4:55:AB:96:20,-59
BLE,1705561274903744405,D3:F4:55:AB:96:20,-59
BLE,1705561275096497044,DF:DF:EE:00:00:04,-38
BLE,1705561275288971603,D3:F4:55:AB:96:20,-56
BLE,1705561275482107070,D3:F4:55:AB:96:20,-58
BLE,1705561275559949873,DF:DF:EE:00:00:04,-36
BLE,1705561275676529102,D3:F4:55:AB:96:20,-54
BLE,1705561276058323305,D3:F4:55:AB:96:20,-56
BLE,1705561276098987829,DF:DF:EE:00:00:04,-35
BLE,1705561276246823378,D3:F4:55:AB:96:20,-58
BLE,1705561276433333561,D3:F4:55:AB:96:20,-60
BLE,1705561276555880415,DF:DF:EE:00:00:04,-37
BLE,1705561276626907896,D3:F4:55:AB:96:20,-41
BLE,1705561276818700381,D3:F4:55:AB:96:20,-56
BLE,1705561277010141580,D3:F4:55:AB:96:20,-58
BLE,1705561277100296714,DF:DF:EE:00:00:04,-39
BLE,1705561277198946106,D3:F4:55:AB:96:20,-59
BLE,1705561277395962644,D3:F4:55:AB:96:20,-58
BLE,1705561277558276660,DF:DF:EE:00:00:04,-36
BLE,1705561277973507070,D3:F4:55:AB:96:20,-42
BLE,1705561278093934621,DF:DF:EE:00:00:04,-35
BLE,1705561278162491969,D3:F4:55:AB:96:20,-58
BLE,1705561278352530104,D3:F4:55:AB:96:20,-55
BLE,1705561278559172009,DF:DF:EE:00:00:04,-22
BLE,1705561278739334488,D3:F4:55:AB:96:20,-58
BLE,1705561279095366171,DF:DF:EE:00:00:04,-35
BLE,1705561279118403271,D3:F4:55:AB:96:20,-56
BLE,1705561279497299264,D3:F4:55:AB:96:20,-56
BLE,1705561279884155981,D3:F4:55:AB:96:20,-56
BLE,1705561280076098797,D3:F4:55:AB:96:20,-44
BLE,1705561280271223528,D3:F4:55:AB:96:20,-41
BLE,1705561280457262593,D3:F4:55:AB:96:20,-43
BLE,1705561280550699307,DF:DF:EE:00:00:04,-35
BLE,1705561280651740083,D3:F4:55:AB:96:20,-41
BLE,1705561280840936645,D3:F4:55:AB:96:20,-59
BLE,1705561281031345233,D3:F4:55:AB:96:20,-45
BLE,1705561281101617474,DF:DF:EE:00:00:04,-38
BLE,1705561281228971846,D3:F4:55:AB:96:20,-56
BLE,1705561281424785943,D3:F4:55:AB:96:20,-59
BLE,1705561281616106643,D3:F4:55:AB:96:20,-56
BLE,1705561281806060028,D3:F4:55:AB:96:20,-59
BLE,1705561282004286050,D3:F4:55:AB:96:20,-58
BLE,1705561282194159812,D3:F4:55:AB:96:20,-59
BLE,1705561282388907090,D3:F4:55:AB:96:20,-58
BLE,1705561282559122080,DF:DF:EE:00:00:04,-35
BLE,1705561282970290296,D3:F4:55:AB:96:20,-41
BLE,1705561283093668014,DF:DF:EE:00:00:04,-34
BLE,1705561283165346778,D3:F4:55:AB:96:20,-56
BLE,1705561283355479994,D3:F4:55:AB:96:20,-58
BLE,1705561283550413478,D3:F4:55:AB:96:20,-56
BLE,1705561283559035401,DF:DF:EE:00:00:04,-39
BLE,1705561283743700193,D3:F4:55:AB:96:20,-60
BLE,1705561283940089906,D3:F4:55:AB:96:20,-57
BLE,1705561284094929817,DF:DF:EE:00:00:04,-22
BLE,1705561284131522271,D3:F4:55:AB:96:20,-54
BLE,1705561284327572781,D3:F4:55:AB:96:20,-58
BLE,1705561284519498265,D3:F4:55:AB:96:20,-56
BLE,1705561284521024410,D3:F4:55:AB:96:20,-58
BLE,1705561284559345258,DF:DF:EE:00:00:04,-36
BLE,1705561284716369430,D3:F4:55:AB:96:20,-55
BLE,1705561284907914960,D3:F4:55:AB:96:20,-58
BLE,1705561285099092037,DF:DF:EE:00:00:04,-36
BLE,1705561285102357992,D3:F4:55:AB:96:20,-56
BLE,1705561285554604309,DF:DF:EE:00:00:04,-35
BLE,1705561285679831961,D3:F4:55:AB:96:20,-59
BLE,1705561286062983479,D3:F4:55:AB:96:20,-59
BLE,1705561286097340589,DF:DF:EE:00:00:04,-40
BLE,1705561286255414414,D3:F4:55:AB:96:20,-58
BLE,1705561286451433424,D3:F4:55:AB:96:20,-55
BLE,1705561286554187926,DF:DF:EE:00:00:04,-35
BLE,1705561286642354380,D3:F4:55:AB:96:20,-56
BLE,1705561286837425653,D3:F4:55:AB:96:20,-56
BLE,1705561286838561846,D3:F4:55:AB:96:20,-58
BLE,1705561287095263896,DF:DF:EE:00:00:04,-35
BLE,1705561287222965680,D3:F4:55:AB:96:20,-58
BLE,1705561287412918982,D3:F4:55:AB:96:20,-59
BLE,1705561287553090511,DF:DF:EE:00:00:04,-36
BLE,1705561287800449440,D3:F4:55:AB:96:20,-56
BLE,1705561288186140006,D3:F4:55:AB:96:20,-54
BLE,1705561288557557061,DF:DF:EE:00:00:04,-35
BLE,1705561288565234664,D3:F4:55:AB:96:20,-56
BLE,1705561288760232563,D3:F4:55:AB:96:20,-59
BLE,1705561288955884662,D3:F4:55:AB:96:20,-58
BLE,1705561289341211067,D3:F4:55:AB:96:20,-58
BLE,1705561289724165796,D3:F4:55:AB:96:20,-58
BLE,1705561289915639119,D3:F4:55:AB:96:20,-56
BLE,1705561290096803458,DF:DF:EE:00:00:04,-36
BLE,1705561290110194357,D3:F4:55:AB:96:20,-53
BLE,1705561290309903192,D3:F4:55:AB:96:20,-57
BLE,1705561290506652817,D3:F4:55:AB:96:20,-58
BLE,1705561290555435188,DF:DF:EE:00:00:04,-40
BLE,1705561290892462799,D3:F4:55:AB:96:20,-58
BLE,1705561291078057828,D3:F4:55:AB:96:20,-59
BLE,1705561291095099385,DF:DF:EE:00:00:04,-39
BLE,1705561291271708496,D3:F4:55:AB:96:20,-58
BLE,1705561291459732824,D3:F4:55:AB:96:20,-59
BLE,1705561291558053430,DF:DF:EE:00:00:04,-36
BLE,1705561291573091431,DF:A6:DC:DC:2E:81,-64
BLE,1705561291573116014,DF:DF:EE:00:00:01,-64
BLE,1705561291650304368,D3:F4:55:AB:96:20,-40
BLE,1705561291844652235,D3:F4:55:AB:96:20,-59
BLE,1705561292042220599,D3:F4:55:AB:96:20,-41
BLE,1705561292098172995,DF:DF:EE:00:00:04,-35
BLE,1705561292228725074,D3:F4:55:AB:96:20,-59
BLE,1705561292424064593,D3:F4:55:AB:96:20,-58
BLE,1705561292559739393,DF:DF:EE:00:00:04,-38
BLE,1705561292616678442,D3:F4:55:AB:96:20,-56
BLE,1705561293092446311,DF:DF:EE:00:00:04,-36
BLE,1705561293188700402,D3:F4:55:AB:96:20,-56
BLE,1705561293375953033,D3:F4:55:AB:96:20,-59
BLE,1705561293554319703,DF:DF:EE:00:00:04,-35
BLE,1705561293770393021,D3:F4:55:AB:96:20,-57
BLE,1705561294097557101,DF:DF:EE:00:00:04,-34
BLE,1705561294099048664,DF:DF:EE:00:00:04,-36
BLE,1705561294154752439,D3:F4:55:AB:96:20,-58
BLE,1705561294350210666,D3:F4:55:AB:96:20,-56
BLE,1705561294543896833,D3:F4:55:AB:96:20,-59
BLE,1705561294553002583,DF:DF:EE:00:00:04,-35
BLE,1705561294740682083,D3:F4:55:AB:96:20,-57
BLE,1705561294933071560,D3:F4:55:AB:96:20,-54
BLE,1705561295094475172,DF:DF:EE:00:00:04,-36
BLE,1705561295125060876,D3:F4:55:AB:96:20,-58
BLE,1705561295313965234,D3:F4:55:AB:96:20,-56
BLE,1705561295556359981,DF:DF:EE:00:00:04,-35
BLE,1705561295697635495,D3:F4:55:AB:96:20,-56
BLE,1705561295886959598,D3:F4:55:AB:96:20,-58
BLE,1705561296079108161,D3:F4:55:AB:96:20,-56
BLE,1705561296094263453,DF:DF:EE:00:00:04,-34
BLE,1705561296473189362,D3:F4:55:AB:96:20,-57
BLE,1705561296560097291,DF:DF:EE:00:00:04,-40
BLE,1705561296660314745,D3:F4:55:AB:96:20,-59
BLE,1705561296849799220,D3:F4:55:AB:96:20,-56
BLE,1705561297042111740,D3:F4:55:AB:96:20,-59
BLE,1705561297097647101,DF:DF:EE:00:00:04,-36
BLE,1705561297431614921,D3:F4:55:AB:96:20,-55
BLE,1705561297558818628,DF:DF:EE:00:00:04,-34
BLE,1705561297621056397,D3:F4:55:AB:96:20,-58
BLE,1705561297816932826,D3:F4:55:AB:96:20,-56
BLE,1705561297940165505,DF:A6:DC:DC:2E:81,-64
BLE,1705561297940193129,DF:DF:EE:00:00:01,-64
BLE,1705561298094611670,DF:DF:EE:00:00:04,-22
BLE,1705561298202709599,D3:F4:55:AB:96:20,-67
BLE,1705561298389357989,D3:F4:55:AB:96:20,-59
BLE,1705561298550341940,DF:DF:EE:00:00:04,-34
BLE,1705561298585534997,D3:F4:55:AB:96:20,-42
BLE,1705561298775503674,D3:F4:55:AB:96:20,-59
BLE,1705561298968142064,D3:F4:55:AB:96:20,-58
BLE,1705561299096519505,DF:DF:EE:00:00:04,-36
BLE,1705561299154860077,D3:F4:55:AB:96:20,-59
BLE,1705561299352726104,D3:F4:55:AB:96:20,-58
BLE,1705561299553350051,DF:DF:EE:00:00:04,-40
BLE,1705561299735778207,D3:F4:55:AB:96:20,-58
BLE,1705561299926761620,D3:F4:55:AB:96:20,-56
BLE,1705561300099055582,DF:DF:EE:00:00:04,-36
BLE,1705561300116681631,D3:F4:55:AB:96:20,-58
BLE,1705561300313130635,D3:F4:55:AB:96:20,-54
BLE,1705561300483533248,DF:A6:DC:DC:2E:81,-62
BLE,1705561300483567998,DF:DF:EE:00:00:01,-62
BLE,1705561300560736436,DF:DF:EE:00:00:04,-35
BLE,1705561300696900353,D3:F4:55:AB:96:20,-56
BLE,1705561300886375245,D3:F4:55:AB:96:20,-44
BLE,1705561301079875832,D3:F4:55:AB:96:20,-55
BLE,1705561301276944495,D3:F4:55:AB:96:20,-54
BLE,1705561301468840520,D3:F4:55:AB:96:20,-58
BLE,1705561301552748324,DF:DF:EE:00:00:04,-35
BLE,1705561301657657421,D3:F4:55:AB:96:20,-60
BLE,1705561301658995320,D3:F4:55:AB:96:20,-56
BLE,1705561301849005204,D3:F4:55:AB:96:20,-57
BLE,1705561302035328348,D3:F4:55:AB:96:20,-59
BLE,1705561302092133900,DF:DF:EE:00:00:04,-34
BLE,1705561302234099654,D3:F4:55:AB:96:20,-56
BLE,1705561302425216440,D3:F4:55:AB:96:20,-54
BLE,1705561302554432120,DF:DF:EE:00:00:04,-35
BLE,1705561302809811438,D3:F4:55:AB:96:20,-55
BLE,1705561303003966849,D3:F4:55:AB:96:20,-59
BLE,1705561303197720058,D3:F4:55:AB:96:20,-42
BLE,1705561303584309653,D3:F4:55:AB:96:20,-58
BLE,1705561303774563076,D3:F4:55:AB:96:20,-56
BLE,1705561303970264216,D3:F4:55:AB:96:20,-59
BLE,1705561304093502228,DF:DF:EE:00:00:04,-35
BLE,1705561304165767400,D3:F4:55:AB:96:20,-58
BLE,1705561304309905583,DF:A6:DC:DC:2E:81,-64
BLE,1705561304309937083,DF:DF:EE:00:00:01,-64
BLE,1705561304554146221,DF:DF:EE:00:00:04,-34
BLE,1705561304744737223,D3:F4:55:AB:96:20,-55
BLE,1705561304938672804,D3:F4:55:AB:96:20,-59
BLE,1705561305130298375,D3:F4:55:AB:96:20,-56
BLE,1705561305131405859,D3:F4:55:AB:96:20,-47
BLE,1705561305324878822,D3:F4:55:AB:96:20,-60
BLE,1705561305326258219,D3:F4:55:AB:96:20,-55
BLE,1705561305552794560,DF:DF:EE:00:00:04,-36
BLE,1705561305712077909,D3:F4:55:AB:96:20,-56
BLE,1705561306088760391,DF:DF:EE:00:00:04,-35
BLE,1705561306093178955,D3:F4:55:AB:96:20,-56
BLE,1705561306288223937,D3:F4:55:AB:96:20,-58
BLE,1705561306487304697,D3:F4:55:AB:96:20,-58
BLE,1705561306559654076,DF:DF:EE:00:00:04,-34
BLE,1705561306679013600,D3:F4:55:AB:96:20,-56
BLE,1705561307063944761,D3:F4:55:AB:96:20,-51
BLE,1705561307098638616,DF:DF:EE:00:00:04,-19
BLE,1705561307445658465,D3:F4:55:AB:96:20,-56
BLE,1705561307550745644,DF:DF:EE:00:00:04,-35
BLE,1705561307637110288,D3:F4:55:AB:96:20,-59
BLE,1705561307836882372,D3:F4:55:AB:96:20,-64
BLE,1705561308024668579,D3:F4:55:AB:96:20,-60
BLE,1705561308418280536,D3:F4:55:AB:96:20,-42
BLE,1705561308613362935,D3:F4:55:AB:96:20,-46
BLE,1705561308803773064,D3:F4:55:AB:96:20,-58
BLE,1705561308997335775,D3:F4:55:AB:96:20,-56
BLE,1705561309094079527,DF:DF:EE:00:00:04,-39
BLE,1705561309192232634,D3:F4:55:AB:96:20,-59
BLE,1705561309384491321,D3:F4:55:AB:96:20,-57
BLE,1705561309392471253,DF:A6:DC:DC:2E:81,-64
BLE,1705561309392497919,DF:DF:EE:00:00:01,-64
BLE,1705561309766608812,D3:F4:55:AB:96:20,-56
BLE,1705561309961710835,D3:F4:55:AB:96:20,-56
BLE,1705561310096691560,DF:DF:EE:00:00:04,-35
BLE,1705561310354077768,D3:F4:55:AB:96:20,-58
BLE,1705561310542906377,D3:F4:55:AB:96:20,-60
BLE,1705561310551045390,DF:DF:EE:00:00:04,-35
BLE,1705561310738770681,D3:F4:55:AB:96:20,-57
BLE,1705561310934994314,D3:F4:55:AB:96:20,-56
BLE,1705561310936367837,D3:F4:55:AB:96:20,-58
BLE,1705561311097407953,DF:DF:EE:00:00:04,-39
BLE,1705561311319707894,D3:F4:55:AB:96:20,-58
BLE,1705561311509520198,D3:F4:55:AB:96:20,-60
BLE,1705561311560839325,DF:DF:EE:00:00:04,-36
BLE,1705561311702862537,D3:F4:55:AB:96:20,-57
BLE,1705561311934668513,DF:A6:DC:DC:2E:81,-64
BLE,1705561311934701721,DF:DF:EE:00:00:01,-64
BLE,1705561312092102221,DF:DF:EE:00:00:04,-36
BLE,1705561312466700857,D3:F4:55:AB:96:20,-58
BLE,1705561312553329706,DF:DF:EE:00:00:04,-36
BLE,1705561312852025887,D3:F4:55:AB:96:20,-58
BLE,1705561313041616527,D3:F4:55:AB:96:20,-59
BLE,1705561313093351648,DF:DF:EE:00:00:04,-36
BLE,1705561313236704550,D3:F4:55:AB:96:20,-58
BLE,1705561313424182595,D3:F4:55:AB:96:20,-60
BLE,1705561313557935712,DF:DF:EE:00:00:04,-34
BLE,1705561313617901845,D3:F4:55:AB:96:20,-57
BLE,1705561313804199031,D3:F4:55:AB:96:20,-59
BLE,1705561314094988820,DF:DF:EE:00:00:04,-36
BLE,1705561314189920805,D3:F4:55:AB:96:20,-59
BLE,1705561314386753096,D3:F4:55:AB:96:20,-59
BLE,1705561314476700525,DF:A6:DC:DC:2E:81,-64
BLE,1705561314476730816,DF:DF:EE:00:00:01,-64
BLE,1705561314560618370,DF:DF:EE:00:00:04,-40
BLE,1705561314584803454,D3:F4:55:AB:96:20,-58
BLE,1705561314780180098,D3:F4:55:AB:96:20,-56
BLE,1705561314970462021,D3:F4:55:AB:96:20,-58
BLE,1705561315092362343,DF:DF:EE:00:00:04,-35
BLE,1705561315162094591,D3:F4:55:AB:96:20,-56
BLE,1705561315354868438,D3:F4:55:AB:96:20,-59
BLE,1705561315544282081,D3:F4:55:AB:96:20,-56
BLE,1705561315554562398,DF:DF:EE:00:00:04,-40
BLE,1705561315737145552,D3:F4:55:AB:96:20,-59
BLE,1705561315928135006,D3:F4:55:AB:96:20,-54
BLE,1705561316091992959,DF:DF:EE:00:00:04,-40
BLE,1705561316303531006,D3:F4:55:AB:96:20,-59
BLE,1705561316495585154,D3:F4:55:AB:96:20,-57
BLE,1705561316560206973,DF:DF:EE:00:00:04,-36
BLE,1705561316561777577,DF:DF:EE:00:00:04,-40
BLE,1705561316682042630,D3:F4:55:AB:96:20,-48
BLE,1705561316872461050,D3:F4:55:AB:96:20,-56
BLE,1705561317021729663,DF:A6:DC:DC:2E:81,-64
BLE,1705561317021758912,DF:DF:EE:00:00:01,-64
BLE,1705561317097360247,DF:DF:EE:00:00:04,-36
BLE,1705561317638743920,D3:F4:55:AB:96:20,-56
BLE,1705561317834265146,D3:F4:55:AB:96:20,-59
BLE,1705561318031880092,D3:F4:55:AB:96:20,-60
BLE,1705561318094720186,DF:DF:EE:00:00:04,-38
BLE,1705561318226886450,D3:F4:55:AB:96:20,-57
BLE,1705561318423431203,D3:F4:55:AB:96:20,-56
BLE,1705561318554232653,DF:DF:EE:00:00:04,-34
BLE,1705561318613736292,D3:F4:55:AB:96:20,-58
BLE,1705561318801723288,D3:F4:55:AB:96:20,-59
BLE,1705561318996069738,D3:F4:55:AB:96:20,-58
BLE,1705561319186901945,D3:F4:55:AB:96:20,-56
BLE,1705561319567361458,DF:A6:DC:DC:2E:81,-64
BLE,1705561319567421041,DF:DF:EE:00:00:01,-64
BLE,1705561319570788911,D3:F4:55:AB:96:20,-56
BLE,1705561319766819630,D3:F4:55:AB:96:20,-60
BLE,1705561320096171388,DF:DF:EE:00:00:04,-22
BLE,1705561320153085730,D3:F4:55:AB:96:20,-59
BLE,1705561320154405379,D3:F4:55:AB:96:20,-56
BLE,1705561320547369762,D3:F4:55:AB:96:20,-58
BLE,1705561320743628769,D3:F4:55:AB:96:20,-54
BLE,1705561321097524981,DF:DF:EE:00:00:04,-35
BLE,1705561321099059168,DF:DF:EE:00:00:04,-34
BLE,1705561321132781121,D3:F4:55:AB:96:20,-58
BLE,1705561321321009280,D3:F4:55:AB:96:20,-59
BLE,1705561321512513936,D3:F4:55:AB:96:20,-58
BLE,1705561321555084267,DF:DF:EE:00:00:04,-35
BLE,1705561321896126698,D3:F4:55:AB:96:20,-58
BLE,1705561322083124707,D3:F4:55:AB:96:20,-59
BLE,1705561322092396538,DF:DF:EE:00:00:04,-36
BLE,1705561322276813000,D3:F4:55:AB:96:20,-58
BLE,1705561322470028757,D3:F4:55:AB:96:20,-58
BLE,1705561322664910241,D3:F4:55:AB:96:20,-58
BLE,1705561322859772268,D3:F4:55:AB:96:20,-56
BLE,1705561323053917804,D3:F4:55:AB:96:20,-59
BLE,1705561323246935480,D3:F4:55:AB:96:20,-58
BLE,1705561323433682827,D3:F4:55:AB:96:20,-58
BLE,1705561323628753267,D3:F4:55:AB:96:20,-57
BLE,1705561323818225117,D3:F4:55:AB:96:20,-59
BLE,1705561324211635619,D3:F4:55:AB:96:20,-58
BLE,1705561324399644615,D3:F4:55:AB:96:20,-59
BLE,1705561324558642968,DF:DF:EE:00:00:04,-35
BLE,1705561324590740776,D3:F4:55:AB:96:20,-55
BLE,1705561324780332625,D3:F4:55:AB:96:20,-58
BLE,1705561324973476300,D3:F4:55:AB:96:20,-56
BLE,1705561325097905338,DF:DF:EE:00:00:04,-35
BLE,1705561325165278369,D3:F4:55:AB:96:20,-60
BLE,1705561325360954467,D3:F4:55:AB:96:20,-57
BLE,1705561325547584898,D3:F4:55:AB:96:20,-53
BLE,1705561325744774768,D3:F4:55:AB:96:20,-58
BLE,1705561325931865942,D3:F4:55:AB:96:20,-59
BLE,1705561326096953837,DF:DF:EE:00:00:04,-35
BLE,1705561326124834745,D3:F4:55:AB:96:20,-58
BLE,1705561326503597448,D3:F4:55:AB:96:20,-50
BLE,1705561326882819562,D3:F4:55:AB:96:20,-56
BLE,1705561327077259053,D3:F4:55:AB:96:20,-66
BLE,1705561327095408178,DF:DF:EE:00:00:04,-39
BLE,1705561327270639683,D3:F4:55:AB:96:20,-55
BLE,1705561327463728192,D3:F4:55:AB:96:20,-59
BLE,1705561327559526706,DF:DF:EE:00:00:04,-35
BLE,1705561327857566771,D3:F4:55:AB:96:20,-58
BLE,1705561328045078690,D3:F4:55:AB:96:20,-60
BLE,1705561328091627633,DF:DF:EE:00:00:04,-34
BLE,1705561328242740886,D3:F4:55:AB:96:20,-58
BLE,1705561328430709007,D3:F4:55:AB:96:20,-57
BLE,1705561328559939020,DF:DF:EE:00:00:04,-39
BLE,1705561328819888067,D3:F4:55:AB:96:20,-45
BLE,1705561329095103613,DF:DF:EE:00:00:04,-39
BLE,1705561329197557369,D3:F4:55:AB:96:20,-59
BLE,1705561329552971436,DF:DF:EE:00:00:04,-19
BLE,1705561329778719912,D3:F4:55:AB:96:20,-58
BLE,1705561329975071459,D3:F4:55:AB:96:20,-56
BLE,1705561330097143196,DF:DF:EE:00:00:04,-19
BLE,1705561330162692835,D3:F4:55:AB:96:20,-59
BLE,1705561330542533941,D3:F4:55:AB:96:20,-59
BLE,1705561330560275988,DF:DF:EE:00:00:04,-39
BLE,1705561330740810503,D3:F4:55:AB:96:20,-42
BLE,1705561330928708167,D3:F4:55:AB:96:20,-59
BLE,1705561331092377664,DF:DF:EE:00:00:04,-35
BLE,1705561331310515120,D3:F4:55:AB:96:20,-59
BLE,1705561331505561561,D3:F4:55:AB:96:20,-57
BLE,1705561331702018315,D3:F4:55:AB:96:20,-54
BLE,1705561331893585929,D3:F4:55:AB:96:20,-59
BLE,1705561332089898727,D3:F4:55:AB:96:20,-58
BLE,1705561332096471886,DF:DF:EE:00:00:04,-35
BLE,1705561332282474201,D3:F4:55:AB:96:20,-56
BLE,1705561332560863411,DF:DF:EE:00:00:04,-38
BLE,1705561332675154421,D3:F4:55:AB:96:20,-58
BLE,1705561332870491941,D3:F4:55:AB:96:20,-56
BLE,1705561333063291746,D3:F4:55:AB:96:20,-59
BLE,1705561333094874519,DF:DF:EE:00:00:04,-36
BLE,1705561333257761361,D3:F4:55:AB:96:20,-58
BLE,1705561333445538985,D3:F4:55:AB:96:20,-58
BLE,1705561333637781547,D3:F4:55:AB:96:20,-55
BLE,1705561334020675277,D3:F4:55:AB:96:20,-54
BLE,1705561334093947143,DF:DF:EE:00:00:04,-39
BLE,1705561334211859729,D3:F4:55:AB:96:20,-58
BLE,1705561334549093337,DF:DF:EE:00:00:04,-34
BLE,1705561334607390243,D3:F4:55:AB:96:20,-42
BLE,1705561334800903496,D3:F4:55:AB:96:20,-58
BLE,1705561334802212728,D3:F4:55:AB:96:20,-55
BLE,1705561335097604829,DF:DF:EE:00:00:04,-35
BLE,1705561335192766811,D3:F4:55:AB:96:20,-58
BLE,1705561335379630989,D3:F4:55:AB:96:20,-66
BLE,1705561335553683344,DF:DF:EE:00:00:04,-39
BLE,1705561335569665332,D3:F4:55:AB:96:20,-56
BLE,1705561335765032185,D3:F4:55:AB:96:20,-59
BLE,1705561335953870002,D3:F4:55:AB:96:20,-56
BLE,1705561336096393541,DF:DF:EE:00:00:04,-38
BLE,1705561336146497643,D3:F4:55:AB:96:20,-59
BLE,1705561336543772800,D3:F4:55:AB:96:20,-58
BLE,1705561336553479624,DF:DF:EE:00:00:04,-35
BLE,1705561336731380259,D3:F4:55:AB:96:20,-59
BLE,1705561336921301187,D3:F4:55:AB:96:20,-55
BLE,1705561337303876088,D3:F4:55:AB:96:20,-56
BLE,1705561337385243884,DF:A6:DC:DC:2E:81,-65
BLE,1705561337385273217,DF:DF:EE:00:00:01,-65
BLE,1705561337497672545,D3:F4:55:AB:96:20,-44
BLE,1705561337553523610,DF:DF:EE:00:00:04,-36
BLE,1705561337555021339,DF:DF:EE:00:00:04,-39
BLE,1705561337692603987,D3:F4:55:AB:96:20,-58
BLE,1705561337888369126,D3:F4:55:AB:96:20,-56
BLE,1705561338082695327,D3:F4:55:AB:96:20,-57
BLE,1705561338092663689,DF:DF:EE:00:00:04,-35
BLE,1705561338278543881,D3:F4:55:AB:96:20,-58
BLE,1705561338470238951,D3:F4:55:AB:96:20,-56
BLE,1705561338855313442,D3:F4:55:AB:96:20,-55
BLE,1705561339051221788,D3:F4:55:AB:96:20,-59
BLE,1705561339092794424,DF:DF:EE:00:00:04,-34
BLE,1705561339246483267,D3:F4:55:AB:96:20,-58
BLE,1705561339552778551,DF:DF:EE:00:00:04,-35
BLE,1705561339629038835,D3:F4:55:AB:96:20,-57
BLE,1705561339817312243,D3:F4:55:AB:96:20,-59
BLE,1705561340090987810,DF:DF:EE:00:00:04,-36
BLE,1705561340200406387,D3:F4:55:AB:96:20,-59
BLE,1705561340395106374,D3:F4:55:AB:96:20,-58
BLE,1705561340585695126,D3:F4:55:AB:96:20,-54
BLE,1705561340781413390,D3:F4:55:AB:96:20,-59
BLE,1705561340978736050,D3:F4:55:AB:96:20,-58
BLE,1705561341093020685,DF:DF:EE:00:00:04,-40
BLE,1705561341165279940,D3:F4:55:AB:96:20,-44
BLE,1705561341209793411,DF:A6:DC:DC:2E:81,-64
BLE,1705561341209819536,DF:DF:EE:00:00:01,-64
BLE,1705561341358577738,D3:F4:55:AB:96:20,-58
BLE,1705561341546352820,D3:F4:55:AB:96:20,-59
BLE,1705561341558509736,DF:DF:EE:00:00:04,-36
BLE,1705561341559992174,DF:DF:EE:00:00:04,-39
BLE,1705561341740933059,D3:F4:55:AB:96:20,-58
BLE,1705561341928868264,D3:F4:55:AB:96:20,-59
BLE,1705561342313803716,D3:F4:55:AB:96:20,-60
BLE,1705561342507584299,D3:F4:55:AB:96:20,-58
BLE,1705561342554034868,DF:DF:EE:00:00:04,-22
BLE,1705561342699916276,D3:F4:55:AB:96:20,-56
BLE,1705561343280398162,D3:F4:55:AB:96:20,-59
BLE,1705561343471096287,D3:F4:55:AB:96:20,-56
BLE,1705561343472606516,D3:F4:55:AB:96:20,-57
BLE,1705561343556095534,DF:DF:EE:00:00:04,-36
BLE,1705561343662733524,D3:F4:55:AB:96:20,-59
BLE,1705561343855972948,D3:F4:55:AB:96:20,-58
BLE,1705561344049954528,D3:F4:55:AB:96:20,-56
BLE,1705561344097457708,DF:DF:EE:00:00:04,-36
BLE,1705561344433689163,D3:F4:55:AB:96:20,-56
BLE,1705561344554863704,DF:DF:EE:00:00:04,-38
BLE,1705561344816500061,D3:F4:55:AB:96:20,-56
BLE,1705561345203269779,D3:F4:55:AB:96:20,-55
BLE,1705561345393554244,D3:F4:55:AB:96:20,-59
BLE,1705561345590432367,D3:F4:55:AB:96:20,-58
BLE,1705561345778654860,D3:F4:55:AB:96:20,-44
BLE,1705561345974119919,D3:F4:55:AB:96:20,-58
BLE,1705561346090791647,DF:DF:EE:00:00:04,-35
BLE,1705561346162462660,D3:F4:55:AB:96:20,-59
BLE,1705561346551688595,D3:F4:55:AB:96:20,-56
BLE,1705561346556753525,DF:DF:EE:00:00:04,-38
BLE,1705561346744240153,D3:F4:55:AB:96:20,-60
BLE,1705561346934124539,D3:F4:55:AB:96:20,-55
BLE,1705561347095904563,DF:DF:EE:00:00:04,-40
BLE,1705561347129847137,D3:F4:55:AB:96:20,-59
BLE,1705561347321394043,D3:F4:55:AB:96:20,-58
BLE,1705561347512355164,D3:F4:55:AB:96:20,-59
BLE,1705561347556664138,DF:DF:EE:00:00:04,-34
BLE,1705561347704073692,D3:F4:55:AB:96:20,-41
BLE,1705561347890547376,D3:F4:55:AB:96:20,-59
BLE,1705561348086158600,D3:F4:55:AB:96:20,-41
BLE,1705561348281691534,D3:F4:55:AB:96:20,-56
BLE,1705561348473400770,D3:F4:55:AB:96:20,-58
BLE,1705561348552787594,DF:DF:EE:00:00:04,-36
BLE,1705561348670158895,D3:F4:55:AB:96:20,-57
BLE,1705561349094992840,DF:DF:EE:00:00:04,-35
BLE,1705561349252978665,D3:F4:55:AB:96:20,-56
BLE,1705561349446312337,D3:F4:55:AB:96:20,-60
BLE,1705561349841225235,D3:F4:55:AB:96:20,-56
BLE,1705561350036763044,D3:F4:55:AB:96:20,-56
BLE,1705561350089557109,DF:DF:EE:00:00:04,-38
BLE,1705561350227759332,D3:F4:55:AB:96:20,-58
BLE,1705561350412962866,D3:F4:55:AB:96:20,-59
BLE,1705561350560361796,DF:DF:EE:00:00:04,-40
BLE,1705561350603070208,D3:F4:55:AB:96:20,-54
BLE,1705561350988255115,D3:F4:55:AB:96:20,-58
BLE,1705561351090073296,DF:DF:EE:00:00:04,-35
BLE,1705561351177221764,D3:F4:55:AB:96:20,-60
BLE,1705561351373682518,D3:F4:55:AB:96:20,-56
BLE,1705561351560225784,D3:F4:55:AB:96:20,-59
BLE,1705561351752509429,D3:F4:55:AB:96:20,-58
BLE,1705561351940864961,D3:F4:55:AB:96:20,-59
BLE,1705561352094405640,DF:DF:EE:00:00:04,-39
BLE,1705561352137612712,D3:F4:55:AB:96:20,-58
BLE,1705561352325074465,D3:F4:55:AB:96:20,-59
BLE,1705561352521836215,D3:F4:55:AB:96:20,-57
BLE,1705561352559293241,DF:DF:EE:00:00:04,-36
BLE,1705561352662512529,DF:A6:DC:DC:2E:81,-63
BLE,1705561352662541445,DF:DF:EE:00:00:01,-63
BLE,1705561352706746128,D3:F4:55:AB:96:20,-57
BLE,1705561353086216239,D3:F4:55:AB:96:20,-58
BLE,1705561353091004923,DF:DF:EE:00:00:04,-34
BLE,1705561353280735811,D3:F4:55:AB:96:20,-55
BLE,1705561353473792654,D3:F4:55:AB:96:20,-59
BLE,1705561353553169812,DF:DF:EE:00:00:04,-39
BLE,1705561353665689638,D3:F4:55:AB:96:20,-58
BLE,1705561353858304570,D3:F4:55:AB:96:20,-59
BLE,1705561354052478273,D3:F4:55:AB:96:20,-58
BLE,1705561354244710127,D3:F4:55:AB:96:20,-55
BLE,1705561354438403794,D3:F4:55:AB:96:20,-59
BLE,1705561354552061105,DF:DF:EE:00:00:04,-34
BLE,1705561354636660024,D3:F4:55:AB:96:20,-42
BLE,1705561354822946127,D3:F4:55:AB:96:20,-59
BLE,1705561355020106663,D3:F4:55:AB:96:20,-58
BLE,1705561355098054882,DF:DF:EE:00:00:04,-36
BLE,1705561355217590945,D3:F4:55:AB:96:20,-58
BLE,1705561355405714564,D3:F4:55:AB:96:20,-59
BLE,1705561355551395059,DF:DF:EE:00:00:04,-36
BLE,1705561355603059848,D3:F4:55:AB:96:20,-58
BLE,1705561355795400825,D3:F4:55:AB:96:20,-56
BLE,1705561355990459849,D3:F4:55:AB:96:20,-59
BLE,1705561356189369028,D3:F4:55:AB:96:20,-58
BLE,1705561356380859517,D3:F4:55:AB:96:20,-56
BLE,1705561356557111091,DF:DF:EE:00:00:04,-34
BLE,1705561356573182287,D3:F4:55:AB:96:20,-57
BLE,1705561356763093381,D3:F4:55:AB:96:20,-54
BLE,1705561356956410137,D3:F4:55:AB:96:20,-56
BLE,1705561357149701268,D3:F4:55:AB:96:20,-56
BLE,1705561357530875522,D3:F4:55:AB:96:20,-56
BLE,1705561357552205353,DF:DF:EE:00:00:04,-36
BLE,1705561357912090233,D3:F4:55:AB:96:20,-55
BLE,1705561358095807705,DF:DF:EE:00:00:04,-36
BLE,1705561358108240742,D3:F4:55:AB:96:20,-68
BLE,1705561358504323915,D3:F4:55:AB:96:20,-58
BLE,1705561358556134202,DF:DF:EE:00:00:04,-35
BLE,1705561358690184066,D3:F4:55:AB:96:20,-57
BLE,1705561358880669444,D3:F4:55:AB:96:20,-56
BLE,1705561359028496117,DF:A6:DC:DC:2E:81,-63
BLE,1705561359028527742,DF:DF:EE:00:00:01,-63
BLE,1705561359072879923,D3:F4:55:AB:96:20,-59
BLE,1705561359090160227,DF:DF:EE:00:00:04,-40
BLE,1705561359271550772,D3:F4:55:AB:96:20,-42
BLE,1705561359460770334,D3:F4:55:AB:96:20,-59
BLE,1705561359548346129,DF:DF:EE:00:00:04,-41
BLE,1705561359658004328,D3:F4:55:AB:96:20,-59
BLE,1705561359856790592,D3:F4:55:AB:96:20,-58
BLE,1705561360042623034,D3:F4:55:AB:96:20,-59
BLE,1705561360096155047,DF:DF:EE:00:00:04,-35
BLE,1705561360233008331,D3:F4:55:AB:96:20,-56
BLE,1705561360423157838,D3:F4:55:AB:96:20,-59
BLE,1705561360615471900,D3:F4:55:AB:96:20,-56
BLE,1705561360809945931,D3:F4:55:AB:96:20,-59
BLE,1705561361000131064,D3:F4:55:AB:96:20,-58
BLE,1705561361087955147,DF:DF:EE:00:00:04,-36
BLE,1705561361190430486,D3:F4:55:AB:96:20,-44
BLE,1705561361555634376,DF:DF:EE:00:00:04,-35
BLE,1705561361578869723,D3:F4:55:AB:96:20,-56
BLE,1705561361965712649,D3:F4:55:AB:96:20,-56
BLE,1705561362093470349,DF:DF:EE:00:00:04,-34
BLE,1705561362161511829,D3:F4:55:AB:96:20,-59
BLE,1705561362162853019,D3:F4:55:AB:96:20,-56
BLE,1705561362546880775,D3:F4:55:AB:96:20,-56
BLE,1705561362555619321,DF:DF:EE:00:00:04,-39
BLE,1705561362738394889,D3:F4:55:AB:96:20,-58
BLE,1705561362932209388,D3:F4:55:AB:96:20,-56
BLE,1705561363093653874,DF:DF:EE:00:00:04,-39
BLE,1705561363314477335,D3:F4:55:AB:96:20,-56
BLE,1705561363505491247,D3:F4:55:AB:96:20,-57
BLE,1705561363704954252,D3:F4:55:AB:96:20,-58
BLE,1705561363899317077,D3:F4:55:AB:96:20,-56
BLE,1705561364092401419,DF:DF:EE:00:00:04,-35
BLE,1705561364095590667,D3:F4:55:AB:96:20,-57
BLE,1705561364289346083,D3:F4:55:AB:96:20,-58
BLE,1705561364475290941,D3:F4:55:AB:96:20,-59
BLE,1705561364558656918,DF:DF:EE:00:00:04,-46
BLE,1705561364669479435,D3:F4:55:AB:96:20,-58
BLE,1705561364860641387,D3:F4:55:AB:96:20,-59
BLE,1705561365096826220,DF:DF:EE:00:00:04,-39
BLE,1705561365248119762,D3:F4:55:AB:96:20,-56
BLE,1705561365437765777,D3:F4:55:AB:96:20,-58
BLE,1705561365554750458,DF:DF:EE:00:00:04,-34
BLE,1705561365629180017,D3:F4:55:AB:96:20,-56
BLE,1705561365823201764,D3:F4:55:AB:96:20,-59
BLE,1705561366018298912,D3:F4:55:AB:96:20,-58
BLE,1705561366095439308,DF:DF:EE:00:00:04,-34
BLE,1705561366208617500,D3:F4:55:AB:96:20,-59
BLE,1705561366558667307,DF:DF:EE:00:00:04,-39
BLE,1705561366793368119,D3:F4:55:AB:96:20,-59
BLE,1705561366986574960,D3:F4:55:AB:96:20,-58
BLE,1705561367098285172,DF:DF:EE:00:00:04,-39
BLE,1705561367177901451,D3:F4:55:AB:96:20,-59
BLE,1705561367373419927,D3:F4:55:AB:96:20,-58
BLE,1705561367563370021,D3:F4:55:AB:96:20,-56
BLE,1705561367954591594,D3:F4:55:AB:96:20,-57
BLE,1705561368095983940,DF:DF:EE:00:00:04,-34
BLE,1705561368142426926,D3:F4:55:AB:96:20,-59
BLE,1705561368535878177,D3:F4:55:AB:96:20,-54
BLE,1705561368921214707,D3:F4:55:AB:96:20,-42
BLE,1705561369094652986,DF:DF:EE:00:00:04,-36
BLE,1705561369111595836,D3:F4:55:AB:96:20,-60
BLE,1705561369550615210,DF:DF:EE:00:00:04,-38
BLE,1705561369697763393,D3:F4:55:AB:96:20,-58
BLE,1705561369888215980,D3:F4:55:AB:96:20,-58
BLE,1705561370081278156,D3:F4:55:AB:96:20,-48
BLE,1705561370082817094,D3:F4:55:AB:96:20,-54
BLE,1705561370087817108,DF:DF:EE:00:00:04,-36
BLE,1705561370274149960,D3:F4:55:AB:96:20,-58
BLE,1705561370465773323,D3:F4:55:AB:96:20,-56
BLE,1705561370856093534,D3:F4:55:AB:96:20,-57
BLE,1705561371050456317,D3:F4:55:AB:96:20,-50
BLE,1705561371093381393,DF:DF:EE:00:00:04,-35
BLE,1705561371240975528,D3:F4:55:AB:96:20,-58
BLE,1705561371428429323,D3:F4:55:AB:96:20,-59
BLE,1705561371548617294,DF:DF:EE:00:00:04,-35
BLE,1705561371624881452,D3:F4:55:AB:96:20,-57
BLE,1705561371745370586,DF:A6:DC:DC:2E:81,-64
BLE,1705561371745399877,DF:DF:EE:00:00:01,-64
BLE,1705561371810943558,D3:F4:55:AB:96:20,-60
BLE,1705561372008736419,D3:F4:55:AB:96:20,-58
BLE,1705561372089384017,DF:DF:EE:00:00:04,-36
BLE,1705561372201145896,D3:F4:55:AB:96:20,-56
BLE,1705561372582347566,D3:F4:55:AB:96:20,-58
BLE,1705561372776003442,D3:F4:55:AB:96:20,-59
BLE,1705561372967160269,D3:F4:55:AB:96:20,-55
BLE,1705561373092967038,DF:DF:EE:00:00:04,-35
BLE,1705561373156360249,D3:F4:55:AB:96:20,-56
BLE,1705561373345481021,D3:F4:55:AB:96:20,-56
BLE,1705561373555969873,DF:DF:EE:00:00:04,-39
BLE,1705561373732251447,D3:F4:55:AB:96:20,-56
BLE,1705561374118329967,D3:F4:55:AB:96:20,-58
BLE,1705561374285769912,DF:A6:DC:DC:2E:81,-64
BLE,1705561374285800037,DF:DF:EE:00:00:01,-64
BLE,1705561374308522974,D3:F4:55:AB:96:20,-59
BLE,1705561374500799952,D3:F4:55:AB:96:20,-58
BLE,1705561374689790184,D3:F4:55:AB:96:20,-59
BLE,1705561374879352742,D3:F4:55:AB:96:20,-54
BLE,1705561375091414865,DF:DF:EE:00:00:04,-39
BLE,1705561375266371249,D3:F4:55:AB:96:20,-58
BLE,1705561375457960778,D3:F4:55:AB:96:20,-44
BLE,1705561375549225855,DF:DF:EE:00:00:04,-35
BLE,1705561375550640419,DF:DF:EE:00:00:04,-36
BLE,1705561375648903858,D3:F4:55:AB:96:20,-58
BLE,1705561375837441889,D3:F4:55:AB:96:20,-57
BLE,1705561376092031343,DF:DF:EE:00:00:04,-36
BLE,1705561376227394521,D3:F4:55:AB:96:20,-56
BLE,1705561376418114396,D3:F4:55:AB:96:20,-58
BLE,1705561376552934457,DF:DF:EE:00:00:04,-23
BLE,1705561376612318390,D3:F4:55:AB:96:20,-40
BLE,1705561376807911990,D3:F4:55:AB:96:20,-59
BLE,1705561377003779002,D3:F4:55:AB:96:20,-58
BLE,1705561377091029093,DF:DF:EE:00:00:04,-38
BLE,1705561377195650820,D3:F4:55:AB:96:20,-56
BLE,1705561377391804786,D3:F4:55:AB:96:20,-59
BLE,1705561377550485727,DF:DF:EE:00:00:04,-36
BLE,1705561377585985280,D3:F4:55:AB:96:20,-58
BLE,1705561377779349994,D3:F4:55:AB:96:20,-56
BLE,1705561378087316089,DF:DF:EE:00:00:04,-34
BLE,1705561378156398763,D3:F4:55:AB:96:20,-60
BLE,1705561378543987845,D3:F4:55:AB:96:20,-56
BLE,1705561378550695794,DF:DF:EE:00:00:04,-39
BLE,1705561379122239719,D3:F4:55:AB:96:20,-44
BLE,1705561379373614801,DF:A6:DC:DC:2E:81,-64
BLE,1705561379373647134,DF:DF:EE:00:00:01,-64
BLE,1705561379552762793,DF:DF:EE:00:00:04,-35
BLE,1705561379706959338,D3:F4:55:AB:96:20,-59
BLE,1705561379898049291,D3:F4:55:AB:96:20,-56
BLE,1705561380089745319,DF:DF:EE:00:00:04,-35
BLE,1705561380284927341,D3:F4:55:AB:96:20,-56
BLE,1705561380473489788,D3:F4:55:AB:96:20,-59
BLE,1705561380557319050,DF:DF:EE:00:00:04,-39
BLE,1705561380866156966,D3:F4:55:AB:96:20,-56
BLE,1705561381253584801,D3:F4:55:AB:96:20,-56
BLE,1705561381448097957,D3:F4:55:AB:96:20,-54
BLE,1705561381555941972,DF:DF:EE:00:00:04,-34
BLE,1705561381642415657,D3:F4:55:AB:96:20,-60
BLE,1705561381838127172,D3:F4:55:AB:96:20,-56
BLE,1705561382023621202,D3:F4:55:AB:96:20,-59
BLE,1705561382094357312,DF:DF:EE:00:00:04,-34
BLE,1705561382213683086,D3:F4:55:AB:96:20,-56
BLE,1705561382407801123,D3:F4:55:AB:96:20,-59
BLE,1705561382548530811,DF:DF:EE:00:00:04,-36
BLE,1705561382604434166,D3:F4:55:AB:96:20,-58
BLE,1705561382797867712,D3:F4:55:AB:96:20,-55
BLE,1705561383091004261,DF:DF:EE:00:00:04,-36
BLE,1705561383189071453,D3:F4:55:AB:96:20,-58
BLE,1705561383193695389,DF:A6:DC:DC:2E:81,-63
BLE,1705561383193721597,DF:DF:EE:00:00:01,-63
BLE,1705561383577793311,D3:F4:55:AB:96:20,-53
BLE,1705561383968765971,D3:F4:55:AB:96:20,-56
BLE,1705561384356162514,D3:F4:55:AB:96:20,-58
BLE,1705561384551230204,DF:DF:EE:00:00:04,-34
BLE,1705561384742914108,D3:F4:55:AB:96:20,-42
BLE,1705561384929471165,D3:F4:55:AB:96:20,-58
BLE,1705561385091401936,DF:DF:EE:00:00:04,-36
BLE,1705561385124142444,D3:F4:55:AB:96:20,-58
BLE,1705561385311644988,D3:F4:55:AB:96:20,-58
BLE,1705561385506226352,D3:F4:55:AB:96:20,-58
BLE,1705561385698855284,D3:F4:55:AB:96:20,-56
BLE,1705561385739146104,DF:A6:DC:DC:2E:81,-64
BLE,1705561385739178937,DF:DF:EE:00:00:01,-64
BLE,1705561386089533198,D3:F4:55:AB:96:20,-57
BLE,1705561386092507532,DF:DF:EE:00:00:04,-39
BLE,1705561386280750525,D3:F4:55:AB:96:20,-59
BLE,1705561386472303180,D3:F4:55:AB:96:20,-58
BLE,1705561386550653601,DF:DF:EE:00:00:04,-34
BLE,1705561386659615602,D3:F4:55:AB:96:20,-58
BLE,1705561386858693487,D3:F4:55:AB:96:20,-58
BLE,1705561387054147505,D3:F4:55:AB:96:20,-55
BLE,1705561387088244535,DF:DF:EE:00:00:04,-30
BLE,1705561387552938306,DF:DF:EE:00:00:04,-38
BLE,1705561387638186633,D3:F4:55:AB:96:20,-56
BLE,1705561387829499750,D3:F4:55:AB:96:20,-59
BLE,1705561388092362340,DF:DF:EE:00:00:04,-39
BLE,1705561388211304495,D3:F4:55:AB:96:20,-59
BLE,1705561388550872071,DF:DF:EE:00:00:04,-34
BLE,1705561388790274942,D3:F4:55:AB:96:20,-57
BLE,1705561389092412492,DF:DF:EE:00:00:04,-35
BLE,1705561389375297807,D3:F4:55:AB:96:20,-57
BLE,1705561389955816109,D3:F4:55:AB:96:20,-56
BLE,1705561390090763960,DF:DF:EE:00:00:04,-34
BLE,1705561390147105476,D3:F4:55:AB:96:20,-58
BLE,1705561390543981722,D3:F4:55:AB:96:20,-64
BLE,1705561390733899149,D3:F4:55:AB:96:20,-57
BLE,1705561390926124545,D3:F4:55:AB:96:20,-58
BLE,1705561391113578382,D3:F4:55:AB:96:20,-59
BLE,1705561391496357655,D3:F4:55:AB:96:20,-59
BLE,1705561391558688255,DF:DF:EE:00:00:04,-39
BLE,1705561391693085531,D3:F4:55:AB:96:20,-58
BLE,1705561391886244330,D3:F4:55:AB:96:20,-56
BLE,1705561392090152232,DF:DF:EE:00:00:04,-36
BLE,1705561392271526152,D3:F4:55:AB:96:20,-55
BLE,1705561392466282014,D3:F4:55:AB:96:20,-59
BLE,1705561392663034931,D3:F4:55:AB:96:20,-58
BLE,1705561392850143605,D3:F4:55:AB:96:20,-59
BLE,1705561393046246573,D3:F4:55:AB:96:20,-58
BLE,1705561393088323744,DF:DF:EE:00:00:04,-38
BLE,1705561393237556356,D3:F4:55:AB:96:20,-55
BLE,1705561393431351647,D3:F4:55:AB:96:20,-57
BLE,1705561393553528716,DF:DF:EE:00:00:04,-36
BLE,1705561394008402497,D3:F4:55:AB:96:20,-57
BLE,1705561394088989179,DF:DF:EE:00:00:04,-34
BLE,1705561394390608903,D3:F4:55:AB:96:20,-57
BLE,1705561394551792559,DF:DF:EE:00:00:04,-39
BLE,1705561394965878401,D3:F4:55:AB:96:20,-59
BLE,1705561395092671740,DF:DF:EE:00:00:04,-39
BLE,1705561395353944310,D3:F4:55:AB:96:20,-56
BLE,1705561395549649242,D3:F4:55:AB:96:20,-59
BLE,1705561395556230443,DF:DF:EE:00:00:04,-35
BLE,1705561395739605919,D3:F4:55:AB:96:20,-55
BLE,1705561395928886272,D3:F4:55:AB:96:20,-59
BLE,1705561396094706115,DF:DF:EE:00:00:04,-36
BLE,1705561396312071373,D3:F4:55:AB:96:20,-59
BLE,1705561396501379642,D3:F4:55:AB:96:20,-56
BLE,1705561396886896711,D3:F4:55:AB:96:20,-55
BLE,1705561397087817654,DF:DF:EE:00:00:04,-36
BLE,1705561397191214064,DF:A6:DC:DC:2E:81,-63
BLE,1705561397191241022,DF:DF:EE:00:00:01,-63
BLE,1705561397264001104,D3:F4:55:AB:96:20,-56
BLE,1705561397452794797,D3:F4:55:AB:96:20,-57
BLE,1705561397549840045,DF:DF:EE:00:00:04,-35
BLE,1705561397639142399,D3:F4:55:AB:96:20,-59
BLE,1705561397834429461,D3:F4:55:AB:96:20,-57
BLE,1705561398021565052,D3:F4:55:AB:96:20,-59
BLE,1705561398092679782,DF:DF:EE:00:00:04,-35
BLE,1705561398548962085,DF:DF:EE:00:00:04,-36
BLE,1705561398787565134,D3:F4:55:AB:96:20,-59
BLE,1705561398986426230,D3:F4:55:AB:96:20,-41
BLE,1705561399087716336,DF:DF:EE:00:00:04,-36
BLE,1705561399178632960,D3:F4:55:AB:96:20,-56
BLE,1705561399550720880,DF:DF:EE:00:00:04,-33
BLE,1705561399566114543,D3:F4:55:AB:96:20,-58
BLE,1705561399734773472,DF:A6:DC:DC:2E:81,-64
BLE,1705561399734803097,DF:DF:EE:00:00:01,-64
BLE,1705561399753959041,D3:F4:55:AB:96:20,-57
BLE,1705561400093850405,DF:DF:EE:00:00:04,-48
BLE,1705561400132789160,D3:F4:55:AB:96:20,-58
BLE,1705561400327900017,D3:F4:55:AB:96:20,-56
BLE,1705561400523483033,D3:F4:55:AB:96:20,-60
BLE,1705561400556642368,DF:DF:EE:00:00:04,-38
BLE,1705561400916322543,D3:F4:55:AB:96:20,-58
BLE,1705561401096770976,DF:DF:EE:00:00:04,-40
BLE,1705561401109411510,D3:F4:55:AB:96:20,-59
BLE,1705561401306162760,D3:F4:55:AB:96:20,-60
BLE,1705561401548996085,DF:DF:EE:00:00:04,-38
BLE,1705561401684742591,D3:F4:55:AB:96:20,-56
BLE,1705561401876431745,D3:F4:55:AB:96:20,-56
BLE,1705561402071068441,D3:F4:55:AB:96:20,-59
BLE,1705561402261426487,D3:F4:55:AB:96:20,-56
BLE,1705561402552655854,DF:DF:EE:00:00:04,-36
BLE,1705561402638448965,D3:F4:55:AB:96:20,-59
BLE,1705561402828714263,D3:F4:55:AB:96:20,-58
BLE,1705561403019834716,D3:F4:55:AB:96:20,-59
BLE,1705561403092368967,DF:DF:EE:00:00:04,-36
BLE,1705561403399459199,D3:F4:55:AB:96:20,-60
BLE,1705561403598613833,D3:F4:55:AB:96:20,-58
BLE,1705561403789066128,D3:F4:55:AB:96:20,-56
BLE,1705561403984476564,D3:F4:55:AB:96:20,-60
BLE,1705561404092764990,DF:DF:EE:00:00:04,-23
BLE,1705561404177250452,D3:F4:55:AB:96:20,-56
BLE,1705561404546508411,DF:DF:EE:00:00:04,-34
BLE,1705561404563608051,D3:F4:55:AB:96:20,-58
BLE,1705561404754795628,D3:F4:55:AB:96:20,-59
BLE,1705561404756128359,D3:F4:55:AB:96:20,-56
BLE,1705561405087845210,DF:DF:EE:00:00:04,-34
BLE,1705561405141630012,D3:F4:55:AB:96:20,-55
BLE,1705561405336110252,D3:F4:55:AB:96:20,-57
BLE,1705561405528627810,D3:F4:55:AB:96:20,-56
BLE,1705561405719641264,D3:F4:55:AB:96:20,-59
BLE,1705561405909588942,D3:F4:55:AB:96:20,-56
BLE,1705561406088269441,DF:DF:EE:00:00:04,-35
BLE,1705561406099251540,D3:F4:55:AB:96:20,-60
BLE,1705561406550369414,DF:DF:EE:00:00:04,-35
BLE,1705561406863682768,D3:F4:55:AB:96:20,-59
BLE,1705561407092337288,DF:DF:EE:00:00:04,-36
BLE,1705561407246507707,D3:F4:55:AB:96:20,-59
BLE,1705561407442849422,D3:F4:55:AB:96:20,-58
BLE,1705561407553674480,DF:DF:EE:00:00:04,-39
BLE,1705561407638650227,D3:F4:55:AB:96:20,-54
BLE,1705561408030469001,D3:F4:55:AB:96:20,-57
BLE,1705561408096719464,DF:DF:EE:00:00:04,-39
BLE,1705561408226465386,D3:F4:55:AB:96:20,-55
BLE,1705561408548398622,DF:DF:EE:00:00:04,-39
BLE,1705561408606782443,D3:F4:55:AB:96:20,-56
BLE,1705561408800027575,D3:F4:55:AB:96:20,-60
BLE,1705561408993703659,D3:F4:55:AB:96:20,-57
BLE,1705561409092982501,DF:DF:EE:00:00:04,-35
BLE,1705561409381723736,D3:F4:55:AB:96:20,-58
BLE,1705561409549998378,DF:DF:EE:00:00:04,-35
BLE,1705561409567828424,D3:F4:55:AB:96:20,-59
BLE,1705561409764046473,D3:F4:55:AB:96:20,-58
BLE,1705561409949324507,D3:F4:55:AB:96:20,-59
BLE,1705561410096585396,DF:DF:EE:00:00:04,-39
BLE,1705561410143362544,D3:F4:55:AB:96:20,-58
BLE,1705561410528092957,D3:F4:55:AB:96:20,-58
BLE,1705561410721659085,D3:F4:55:AB:96:20,-44
BLE,1705561410910569776,D3:F4:55:AB:96:20,-56
BLE,1705561411090465384,DF:DF:EE:00:00:04,-40
BLE,1705561411101500773,D3:F4:55:AB:96:20,-56
BLE,1705561411187492298,DF:A6:DC:DC:2E:81,-65
BLE,1705561411187534839,DF:DF:EE:00:00:01,-65
BLE,1705561411290696461,D3:F4:55:AB:96:20,-58
BLE,1705561411479243949,D3:F4:55:AB:96:20,-59
BLE,1705561411554219626,DF:DF:EE:00:00:04,-36
BLE,1705561411672084837,D3:F4:55:AB:96:20,-58
BLE,1705561411863824323,D3:F4:55:AB:96:20,-59
BLE,1705561412054171953,D3:F4:55:AB:96:20,-57
BLE,1705561412093815449,DF:DF:EE:00:00:04,-35
BLE,1705561412437731048,D3:F4:55:AB:96:20,-58
BLE,1705561412549115640,DF:DF:EE:00:00:04,-39
BLE,1705561412816282338,D3:F4:55:AB:96:20,-55
BLE,1705561413546226333,DF:DF:EE:00:00:04,-33
BLE,1705561413578420265,D3:F4:55:AB:96:20,-56
BLE,1705561413726863847,DF:A6:DC:DC:2E:81,-65
BLE,1705561413726895680,DF:DF:EE:00:00:01,-65
BLE,1705561414086818768,DF:DF:EE:00:00:04,-35
BLE,1705561414343740106,D3:F4:55:AB:96:20,-56
BLE,1705561414534402899,D3:F4:55:AB:96:20,-57
BLE,1705561414553049309,DF:DF:EE:00:00:04,-39
BLE,1705561414720690168,D3:F4:55:AB:96:20,-60
BLE,1705561414915976314,D3:F4:55:AB:96:20,-57
BLE,1705561415088443148,DF:DF:EE:00:00:04,-35
BLE,1705561415110978796,D3:F4:55:AB:96:20,-56
BLE,1705561415307188762,D3:F4:55:AB:96:20,-59
BLE,1705561415497987720,D3:F4:55:AB:96:20,-58
BLE,1705561415684519152,D3:F4:55:AB:96:20,-60
BLE,1705561415876012308,D3:F4:55:AB:96:20,-55
BLE,1705561416068116331,D3:F4:55:AB:96:20,-53
BLE,1705561416264185632,D3:F4:55:AB:96:20,-58
BLE,1705561416270648835,DF:A6:DC:DC:2E:81,-63
BLE,1705561416270675501,DF:DF:EE:00:00:01,-63
BLE,1705561416452888952,D3:F4:55:AB:96:20,-59
BLE,1705561416553974810,DF:DF:EE:00:00:04,-39
BLE,1705561416836092552,D3:F4:55:AB:96:20,-59
BLE,1705561417028094118,D3:F4:55:AB:96:20,-58
BLE,1705561417096943629,DF:DF:EE:00:00:04,-39
BLE,1705561417222125531,D3:F4:55:AB:96:20,-56
BLE,1705561417554359291,DF:DF:EE:00:00:04,-34
BLE,1705561417608401631,D3:F4:55:AB:96:20,-40
BLE,1705561417801051604,D3:F4:55:AB:96:20,-59
BLE,1705561417998131683,D3:F4:55:AB:96:20,-58
BLE,1705561418183960959,D3:F4:55:AB:96:20,-59
BLE,1705561418382031566,D3:F4:55:AB:96:20,-58
BLE,1705561418571917411,D3:F4:55:AB:96:20,-56
BLE,1705561418761399553,D3:F4:55:AB:96:20,-58
BLE,1705561418953847362,D3:F4:55:AB:96:20,-56
BLE,1705561419088931795,DF:DF:EE:00:00:04,-36
BLE,1705561419149505878,D3:F4:55:AB:96:20,-44
BLE,1705561419339155226,D3:F4:55:AB:96:20,-56
BLE,1705561419533894337,D3:F4:55:AB:96:20,-59
BLE,1705561419550535525,DF:DF:EE:00:00:04,-22
BLE,1705561419728017582,D3:F4:55:AB:96:20,-58
BLE,1705561419921649292,D3:F4:55:AB:96:20,-56
BLE,1705561420086856060,DF:DF:EE:00:00:04,-39
BLE,1705561420551998824,DF:DF:EE:00:00:04,-35
BLE,1705561420697877275,D3:F4:55:AB:96:20,-58
BLE,1705561420887685787,D3:F4:55:AB:96:20,-58
BLE,1705561421077822587,D3:F4:55:AB:96:20,-58
BLE,1705561421086119848,DF:DF:EE:00:00:04,-34
BLE,1705561421467719762,D3:F4:55:AB:96:20,-59
BLE,1705561421552191724,DF:DF:EE:00:00:04,-38
BLE,1705561421660133072,D3:F4:55:AB:96:20,-56
BLE,1705561421661470512,D3:F4:55:AB:96:20,-58
BLE,1705561421850842614,D3:F4:55:AB:96:20,-59
BLE,1705561422040446504,D3:F4:55:AB:96:20,-54
BLE,1705561422086691034,DF:DF:EE:00:00:04,-36
BLE,1705561422229878522,D3:F4:55:AB:96:20,-58
BLE,1705561422416156833,D3:F4:55:AB:96:20,-57
BLE,1705561422551118684,DF:DF:EE:00:00:04,-35
BLE,1705561422609013845,D3:F4:55:AB:96:20,-58
BLE,1705561422994445249,D3:F4:55:AB:96:20,-58
BLE,1705561423088294332,DF:DF:EE:00:00:04,-35
BLE,1705561423184508549,D3:F4:55:AB:96:20,-56
BLE,1705561423376977025,D3:F4:55:AB:96:20,-57
BLE,1705561423553625302,DF:DF:EE:00:00:04,-40
BLE,1705561423568341891,D3:F4:55:AB:96:20,-56
BLE,1705561423756806547,D3:F4:55:AB:96:20,-57
BLE,1705561423946607393,D3:F4:55:AB:96:20,-59
BLE,1705561424095650050,DF:DF:EE:00:00:04,-38
BLE,1705561424143953219,D3:F4:55:AB:96:20,-59
BLE,1705561424339780607,D3:F4:55:AB:96:20,-58
BLE,1705561424528065265,D3:F4:55:AB:96:20,-59
BLE,1705561424550607163,DF:DF:EE:00:00:04,-35
BLE,1705561424913289088,D3:F4:55:AB:96:20,-60
BLE,1705561425105990228,D3:F4:55:AB:96:20,-57
BLE,1705561425300757255,D3:F4:55:AB:96:20,-56
BLE,1705561425496626393,D3:F4:55:AB:96:20,-59
BLE,1705561425549322292,DF:DF:EE:00:00:04,-36
BLE,1705561425689560445,D3:F4:55:AB:96:20,-58
BLE,1705561426067103041,D3:F4:55:AB:96:20,-56
BLE,1705561426092271861,DF:DF:EE:00:00:04,-35
BLE,1705561426259419519,D3:F4:55:AB:96:20,-59
BLE,1705561426455727942,D3:F4:55:AB:96:20,-58
BLE,1705561426642837116,D3:F4:55:AB:96:20,-60
BLE,1705561427025709805,D3:F4:55:AB:96:20,-57
BLE,1705561427093201418,DF:DF:EE:00:00:04,-35
BLE,1705561427215311945,D3:F4:55:AB:96:20,-56
BLE,1705561427409634229,D3:F4:55:AB:96:20,-59
BLE,1705561427546592552,DF:DF:EE:00:00:04,-34
BLE,1705561427799023995,D3:F4:55:AB:96:20,-55
BLE,1705561427992501415,D3:F4:55:AB:96:20,-59
BLE,1705561428086959490,DF:DF:EE:00:00:04,-34
BLE,1705561428189109584,D3:F4:55:AB:96:20,-58
BLE,1705561428374773487,D3:F4:55:AB:96:20,-59
BLE,1705561428957765796,D3:F4:55:AB:96:20,-58
BLE,1705561429090342471,DF:DF:EE:00:00:04,-40
BLE,1705561429143398699,D3:F4:55:AB:96:20,-59
BLE,1705561429339886912,D3:F4:55:AB:96:20,-58
BLE,1705561429553579429,DF:DF:EE:00:00:04,-36
BLE,1705561429722589228,D3:F4:55:AB:96:20,-57
BLE,1705561429914461253,D3:F4:55:AB:96:20,-56
BLE,1705561430088409484,DF:DF:EE:00:00:04,-36
BLE,1705561430552579346,DF:DF:EE:00:00:04,-39
BLE,1705561430685844303,D3:F4:55:AB:96:20,-57
BLE,1705561430877177128,D3:F4:55:AB:96:20,-59
BLE,1705561431072070570,D3:F4:55:AB:96:20,-58
BLE,1705561431093631732,DF:DF:EE:00:00:04,-39
BLE,1705561431266335105,D3:F4:55:AB:96:20,-56
BLE,1705561431528239667,DF:A6:DC:DC:2E:81,-65
BLE,1705561431528272708,DF:DF:EE:00:00:01,-65
BLE,1705561431646030129,D3:F4:55:AB:96:20,-56
BLE,1705561432030772875,D3:F4:55:AB:96:20,-56
BLE,1705561432417943005,D3:F4:55:AB:96:20,-58
BLE,1705561432547160226,DF:DF:EE:00:00:04,-35
BLE,1705561432800457115,D3:F4:55:AB:96:20,-58
BLE,1705561433088034157,DF:DF:EE:00:00:04,-36
BLE,1705561433759700829,D3:F4:55:AB:96:20,-56
BLE,1705561434071573244,DF:A6:DC:DC:2E:81,-64
BLE,1705561434071612202,DF:DF:EE:00:00:01,-64
BLE,1705561434085804215,DF:DF:EE:00:00:04,-39
BLE,1705561434146115802,D3:F4:55:AB:96:20,-56
BLE,1705561434341997397,D3:F4:55:AB:96:20,-59
BLE,1705561434555536167,DF:DF:EE:00:00:04,-38
BLE,1705561434922956651,D3:F4:55:AB:96:20,-59
BLE,1705561435087999463,DF:DF:EE:00:00:04,-36
BLE,1705561435878026089,D3:F4:55:AB:96:20,-56
BLE,1705561436069195583,D3:F4:55:AB:96:20,-60
BLE,1705561436258275647,D3:F4:55:AB:96:20,-55
BLE,1705561436449757595,D3:F4:55:AB:96:20,-58
BLE,1705561436552528972,DF:DF:EE:00:00:04,-35
BLE,1705561436836495564,D3:F4:55:AB:96:20,-60
BLE,1705561437034135218,D3:F4:55:AB:96:20,-58
BLE,1705561437088022768,DF:DF:EE:00:00:04,-34
BLE,1705561437419011171,D3:F4:55:AB:96:20,-59
BLE,1705561437548395890,DF:DF:EE:00:00:04,-39
BLE,1705561437804303576,D3:F4:55:AB:96:20,-60
BLE,1705561437892410072,DF:A6:DC:DC:2E:81,-64
BLE,1705561437892438155,DF:DF:EE:00:00:01,-64
BLE,1705561438087190724,DF:DF:EE:00:00:04,-51
BLE,1705561438546145157,DF:DF:EE:00:00:04,-35
BLE,1705561438568061189,D3:F4:55:AB:96:20,-57
BLE,1705561438756974756,D3:F4:55:AB:96:20,-56
BLE,1705561438951187333,D3:F4:55:AB:96:20,-60
BLE,1705561439145232120,D3:F4:55:AB:96:20,-57
BLE,1705561439524107530,D3:F4:55:AB:96:20,-49
BLE,1705561439554830983,DF:DF:EE:00:00:04,-39
BLE,1705561440093445486,DF:DF:EE:00:00:04,-39
BLE,1705561440097180809,D3:F4:55:AB:96:20,-59
BLE,1705561440292245500,D3:F4:55:AB:96:20,-58
BLE,1705561440434857537,DF:A6:DC:DC:2E:81,-64
BLE,1705561440434894120,DF:DF:EE:00:00:01,-64
BLE,1705561440481110192,D3:F4:55:AB:96:20,-59
BLE,1705561440550739775,DF:DF:EE:00:00:04,-36
BLE,1705561440670284171,D3:F4:55:AB:96:20,-55
BLE,1705561440860047435,D3:F4:55:AB:96:20,-58
BLE,1705561441087365597,DF:DF:EE:00:00:04,-72
BLE,1705561441245025719,D3:F4:55:AB:96:20,-57
BLE,1705561441546856523,DF:DF:EE:00:00:04,-36
BLE,1705561441630162502,D3:F4:55:AB:96:20,-58
BLE,1705561441823787045,D3:F4:55:AB:96:20,-58
BLE,1705561442015569989,D3:F4:55:AB:96:20,-57
BLE,1705561442016901137,D3:F4:55:AB:96:20,-54
BLE,1705561442090147462,DF:DF:EE:00:00:04,-36
BLE,1705561442396863866,D3:F4:55:AB:96:20,-57
BLE,1705561442587164455,D3:F4:55:AB:96:20,-58
BLE,1705561442777268463,D3:F4:55:AB:96:20,-44
BLE,1705561442965889700,D3:F4:55:AB:96:20,-54
BLE,1705561442978740232,DF:A6:DC:DC:2E:81,-62
BLE,1705561442978767106,DF:DF:EE:00:00:01,-62
BLE,1705561443156919613,D3:F4:55:AB:96:20,-43
BLE,1705561443536020770,D3:F4:55:AB:96:20,-58
BLE,1705561443551790053,DF:DF:EE:00:00:04,-36
BLE,1705561443922411993,D3:F4:55:AB:96:20,-59
BLE,1705561444089992603,DF:DF:EE:00:00:04,-36
BLE,1705561444117653223,D3:F4:55:AB:96:20,-57
BLE,1705561444548914412,DF:DF:EE:00:00:04,-39
BLE,1705561444688140996,D3:F4:55:AB:96:20,-60
BLE,1705561445073897103,D3:F4:55:AB:96:20,-59
BLE,1705561445456927289,D3:F4:55:AB:96:20,-58
BLE,1705561445544106339,DF:DF:EE:00:00:04,-35
BLE,1705561445840348929,D3:F4:55:AB:96:20,-58
BLE,1705561446035695240,D3:F4:55:AB:96:20,-52
BLE,1705561446083667205,DF:DF:EE:00:00:04,-35
BLE,1705561446550061369,DF:DF:EE:00:00:04,-38
BLE,1705561446808259607,D3:F4:55:AB:96:20,-59
BLE,1705561447091714247,DF:DF:EE:00:00:04,-52
BLE,1705561447192695607,D3:F4:55:AB:96:20,-54
BLE,1705561447388759992,D3:F4:55:AB:96:20,-60
BLE,1705561447585400785,D3:F4:55:AB:96:20,-58
BLE,1705561447775771165,D3:F4:55:AB:96:20,-57
BLE,1705561447966111754,D3:F4:55:AB:96:20,-58
BLE,1705561448155714519,D3:F4:55:AB:96:20,-59
BLE,1705561448348584032,D3:F4:55:AB:96:20,-58
BLE,1705561448538741428,D3:F4:55:AB:96:20,-59
BLE,1705561448552638562,DF:DF:EE:00:00:04,-40
BLE,1705561448734762489,D3:F4:55:AB:96:20,-58
BLE,1705561448930397890,D3:F4:55:AB:96:20,-56
BLE,1705561449092358149,DF:DF:EE:00:00:04,-38
BLE,1705561449124859724,D3:F4:55:AB:96:20,-58
BLE,1705561449319477556,D3:F4:55:AB:96:20,-58
BLE,1705561449506262917,D3:F4:55:AB:96:20,-59
BLE,1705561449701876651,D3:F4:55:AB:96:20,-64
BLE,1705561449887629318,D3:F4:55:AB:96:20,-58
BLE,1705561450084733323,D3:F4:55:AB:96:20,-57
BLE,1705561450089278716,DF:DF:EE:00:00:04,-20
BLE,1705561450270306743,D3:F4:55:AB:96:20,-54
BLE,1705561450460118894,D3:F4:55:AB:96:20,-55
BLE,1705561450553416305,DF:DF:EE:00:00:04,-39
BLE,1705561450655233510,D3:F4:55:AB:96:20,-57
BLE,1705561451086290573,DF:DF:EE:00:00:04,-35
BLE,1705561451232172146,D3:F4:55:AB:96:20,-58
BLE,1705561451417980104,D3:F4:55:AB:96:20,-59
BLE,1705561451799094051,D3:F4:55:AB:96:20,-59
BLE,1705561451891321561,DF:A6:DC:DC:2E:81,-64
BLE,1705561451891356852,DF:DF:EE:00:00:01,-64
BLE,1705561452182693213,D3:F4:55:AB:96:20,-60
BLE,1705561452548019136,DF:DF:EE:00:00:04,-35
BLE,1705561452760449837,D3:F4:55:AB:96:20,-58
BLE,1705561452952648704,D3:F4:55:AB:96:20,-45
BLE,1705561453145788765,D3:F4:55:AB:96:20,-58
BLE,1705561453529658881,D3:F4:55:AB:96:20,-57
BLE,1705561453727818620,D3:F4:55:AB:96:20,-42
BLE,1705561453915502760,D3:F4:55:AB:96:20,-58
BLE,1705561454087215170,DF:DF:EE:00:00:04,-34
BLE,1705561454299939451,D3:F4:55:AB:96:20,-53
BLE,1705561454433140747,DF:A6:DC:DC:2E:81,-64
BLE,1705561454433172455,DF:DF:EE:00:00:01,-64
BLE,1705561454497151787,D3:F4:55:AB:96:20,-58
BLE,1705561454545146223,DF:DF:EE:00:00:04,-34
BLE,1705561455071562334,D3:F4:55:AB:96:20,-54
BLE,1705561455460303297,D3:F4:55:AB:96:20,-58
BLE,1705561455551338657,DF:DF:EE:00:00:04,-39
BLE,1705561455650382819,D3:F4:55:AB:96:20,-60
BLE,1705561455841915861,D3:F4:55:AB:96:20,-58
BLE,1705561456092889676,DF:DF:EE:00:00:04,-38
BLE,1705561456227140999,D3:F4:55:AB:96:20,-58
BLE,1705561456554180639,DF:DF:EE:00:00:04,-36
BLE,1705561456615555258,D3:F4:55:AB:96:20,-58
BLE,1705561456975032474,DF:A6:DC:DC:2E:81,-64
BLE,1705561456975071265,DF:DF:EE:00:00:01,-64
BLE,1705561457000407693,D3:F4:55:AB:96:20,-59
BLE,1705561457085664053,DF:DF:EE:00:00:04,-35
BLE,1705561457191043874,D3:F4:55:AB:96:20,-58
BLE,1705561457384731385,D3:F4:55:AB:96:20,-54
BLE,1705561457544814671,DF:DF:EE:00:00:04,-35
BLE,1705561457575282151,D3:F4:55:AB:96:20,-58
BLE,1705561457761022777,D3:F4:55:AB:96:20,-57
BLE,1705561458094079871,DF:DF:EE:00:00:04,-39
BLE,1705561458143993905,D3:F4:55:AB:96:20,-59
BLE,1705561458338863775,D3:F4:55:AB:96:20,-58
BLE,1705561458525994131,D3:F4:55:AB:96:20,-60
BLE,1705561458549735665,DF:DF:EE:00:00:04,-34
BLE,1705561458716484939,D3:F4:55:AB:96:20,-55
BLE,1705561459091646388,DF:DF:EE:00:00:04,-34
BLE,1705561459100218598,D3:F4:55:AB:96:20,-56
BLE,1705561459293770820,D3:F4:55:AB:96:20,-58
BLE,1705561459681006846,D3:F4:55:AB:96:20,-50
BLE,1705561459871358280,D3:F4:55:AB:96:20,-58
BLE,1705561460056500957,D3:F4:55:AB:96:20,-59
BLE,1705561460092777686,DF:DF:EE:00:00:04,-39
BLE,1705561460253547170,D3:F4:55:AB:96:20,-58
BLE,1705561460440365447,D3:F4:55:AB:96:20,-58
BLE,1705561460798746220,DF:A6:DC:DC:2E:81,-64
BLE,1705561460798791386,DF:DF:EE:00:00:01,-64
BLE,1705561460833263767,D3:F4:55:AB:96:20,-56
BLE,1705561461027275024,D3:F4:55:AB:96:20,-59
BLE,1705561461089905625,DF:DF:EE:00:00:04,-35
BLE,1705561461223170587,D3:F4:55:AB:96:20,-58
BLE,1705561461416835808,D3:F4:55:AB:96:20,-56
BLE,1705561461613000117,D3:F4:55:AB:96:20,-59
BLE,1705561462092304988,DF:DF:EE:00:00:04,-35
BLE,1705561462189042600,D3:F4:55:AB:96:20,-58
BLE,1705561462377358939,D3:F4:55:AB:96:20,-59
BLE,1705561462567361545,D3:F4:55:AB:96:20,-57
BLE,1705561462948094289,D3:F4:55:AB:96:20,-56
BLE,1705561463332916933,D3:F4:55:AB:96:20,-58
BLE,1705561463525698333,D3:F4:55:AB:96:20,-59
BLE,1705561463552746528,DF:DF:EE:00:00:04,-35
BLE,1705561463719773506,D3:F4:55:AB:96:20,-58
BLE,1705561464082700172,DF:DF:EE:00:00:04,-35
BLE,1705561464106232459,D3:F4:55:AB:96:20,-60
BLE,1705561464300390214,D3:F4:55:AB:96:20,-58
BLE,1705561464547371878,DF:DF:EE:00:00:04,-38
BLE,1705561464677453719,D3:F4:55:AB:96:20,-56
BLE,1705561464871622099,D3:F4:55:AB:96:20,-58
BLE,1705561465065113572,D3:F4:55:AB:96:20,-57
BLE,1705561465092660385,DF:DF:EE:00:00:04,-38
BLE,1705561465442974982,D3:F4:55:AB:96:20,-56
BLE,1705561465553343107,DF:DF:EE:00:00:04,-37
BLE,1705561465827899291,D3:F4:55:AB:96:20,-56
BLE,1705561465883078208,DF:A6:DC:DC:2E:81,-64
BLE,1705561465883108790,DF:DF:EE:00:00:01,-64
BLE,1705561466090582854,DF:DF:EE:00:00:04,-34
BLE,1705561466210783879,D3:F4:55:AB:96:20,-54
BLE,1705561466408252712,D3:F4:55:AB:96:20,-56
BLE,1705561466553999203,DF:DF:EE:00:00:04,-39
BLE,1705561466801498985,D3:F4:55:AB:96:20,-58
BLE,1705561466987485190,D3:F4:55:AB:96:20,-59
BLE,1705561467084647254,DF:DF:EE:00:00:04,-36
BLE,1705561467182910094,D3:F4:55:AB:96:20,-57
BLE,1705561467566651003,D3:F4:55:AB:96:20,-57
BLE,1705561467758784079,D3:F4:55:AB:96:20,-56
BLE,1705561468137896971,D3:F4:55:AB:96:20,-59
BLE,1705561468430244067,DF:A6:DC:DC:2E:81,-64
BLE,1705561468430276692,DF:DF:EE:00:00:01,-64
BLE,1705561468529885179,D3:F4:55:AB:96:20,-58
BLE,1705561468554169913,DF:DF:EE:00:00:04,-39
BLE,1705561468719670538,D3:F4:55:AB:96:20,-58
BLE,1705561469499288474,D3:F4:55:AB:96:20,-56
BLE,1705561469692768739,D3:F4:55:AB:96:20,-56
BLE,1705561469884356739,D3:F4:55:AB:96:20,-58
BLE,1705561470072286000,D3:F4:55:AB:96:20,-59
BLE,1705561470087440033,DF:DF:EE:00:00:04,-38
BLE,1705561470266792375,D3:F4:55:AB:96:20,-58
BLE,1705561470455371085,D3:F4:55:AB:96:20,-59
BLE,1705561470553046059,DF:DF:EE:00:00:04,-36
BLE,1705561470646603091,D3:F4:55:AB:96:20,-41
BLE,1705561471030556247,D3:F4:55:AB:96:20,-58
BLE,1705561471081920260,DF:DF:EE:00:00:04,-34
BLE,1705561471220784308,D3:F4:55:AB:96:20,-59
BLE,1705561471545594438,DF:DF:EE:00:00:04,-39
BLE,1705561471609304316,D3:F4:55:AB:96:20,-56
BLE,1705561471798443184,D3:F4:55:AB:96:20,-58
BLE,1705561471995251776,D3:F4:55:AB:96:20,-58
BLE,1705561472087255998,DF:DF:EE:00:00:04,-38
BLE,1705561472185581087,D3:F4:55:AB:96:20,-59
BLE,1705561472377536457,D3:F4:55:AB:96:20,-57
BLE,1705561472544014692,DF:DF:EE:00:00:04,-34
BLE,1705561472567991640,D3:F4:55:AB:96:20,-59
BLE,1705561472956968015,D3:F4:55:AB:96:20,-56
BLE,1705561473087263020,DF:DF:EE:00:00:04,-35
BLE,1705561473340960338,D3:F4:55:AB:96:20,-55
BLE,1705561473548140281,DF:DF:EE:00:00:04,-39
BLE,1705561474086010770,DF:DF:EE:00:00:04,-34
BLE,1705561474118115934,D3:F4:55:AB:96:20,-60
BLE,1705561474314228327,D3:F4:55:AB:96:20,-58
BLE,1705561474501227560,D3:F4:55:AB:96:20,-59
BLE,1705561474549056499,DF:DF:EE:00:00:04,-35
BLE,1705561474690567635,D3:F4:55:AB:96:20,-56
BLE,1705561474883772362,D3:F4:55:AB:96:20,-59
BLE,1705561475077856034,D3:F4:55:AB:96:20,-57
BLE,1705561475450850390,D3:F4:55:AB:96:20,-59
BLE,1705561475545396074,DF:DF:EE:00:00:04,-35
BLE,1705561475831238305,D3:F4:55:AB:96:20,-57
BLE,1705561476026394004,D3:F4:55:AB:96:20,-58
BLE,1705561476083069358,DF:DF:EE:00:00:04,-36
BLE,1705561476214981089,D3:F4:55:AB:96:20,-58
BLE,1705561476405625478,D3:F4:55:AB:96:20,-57
BLE,1705561476547910311,DF:DF:EE:00:00:04,-35
BLE,1705561476796753156,D3:F4:55:AB:96:20,-58
BLE,1705561476992025229,D3:F4:55:AB:96:20,-58
BLE,1705561477181320304,D3:F4:55:AB:96:20,-57
BLE,1705561477339422618,DF:A6:DC:DC:2E:81,-64
BLE,1705561477339457534,DF:DF:EE:00:00:01,-64
BLE,1705561477370617628,D3:F4:55:AB:96:20,-55
BLE,1705561477545065208,DF:DF:EE:00:00:04,-33
BLE,1705561477562619664,D3:F4:55:AB:96:20,-59
BLE,1705561477946066869,D3:F4:55:AB:96:20,-59
BLE,1705561478082115750,DF:DF:EE:00:00:04,-34
BLE,1705561478135900478,D3:F4:55:AB:96:20,-56
BLE,1705561478328649004,D3:F4:55:AB:96:20,-53
BLE,1705561478521969604,D3:F4:55:AB:96:20,-58
BLE,1705561478904462364,D3:F4:55:AB:96:20,-58
BLE,1705561479090681359,D3:F4:55:AB:96:20,-59
BLE,1705561479477587889,D3:F4:55:AB:96:20,-57
BLE,1705561479543181031,DF:DF:EE:00:00:04,-34
BLE,1705561479672298261,D3:F4:55:AB:96:20,-58
BLE,1705561479860876763,D3:F4:55:AB:96:20,-58
BLE,1705561480051884480,D3:F4:55:AB:96:20,-58
BLE,1705561480083243446,DF:DF:EE:00:00:04,-35
BLE,1705561480630945794,D3:F4:55:AB:96:20,-54
BLE,1705561481018205819,D3:F4:55:AB:96:20,-57
BLE,1705561481161374390,DF:A6:DC:DC:2E:81,-64
BLE,1705561481161402931,DF:DF:EE:00:00:01,-64
BLE,1705561481401592025,D3:F4:55:AB:96:20,-58
BLE,1705561481590329316,D3:F4:55:AB:96:20,-59
BLE,1705561481976399776,D3:F4:55:AB:96:20,-59
BLE,1705561481977727298,D3:F4:55:AB:96:20,-56
BLE,1705561482169311257,D3:F4:55:AB:96:20,-58
BLE,1705561482363348180,D3:F4:55:AB:96:20,-56
BLE,1705561482549414218,DF:DF:EE:00:00:04,-39
BLE,1705561482558249966,D3:F4:55:AB:96:20,-59
BLE,1705561482752112059,D3:F4:55:AB:96:20,-56
BLE,1705561482941848628,D3:F4:55:AB:96:20,-59
BLE,1705561483084500080,DF:DF:EE:00:00:04,-35
BLE,1705561483335926763,D3:F4:55:AB:96:20,-58
BLE,1705561483526850815,D3:F4:55:AB:96:20,-60
BLE,1705561483705511459,DF:A6:DC:DC:2E:81,-64
BLE,1705561483705541167,DF:DF:EE:00:00:01,-64
BLE,1705561483909687695,D3:F4:55:AB:96:20,-57
BLE,1705561484083507409,DF:DF:EE:00:00:04,-23
BLE,1705561484554261819,DF:DF:EE:00:00:04,-38
BLE,1705561484874106354,D3:F4:55:AB:96:20,-59
BLE,1705561485089035019,DF:DF:EE:00:00:04,-35
BLE,1705561485255834542,D3:F4:55:AB:96:20,-58
BLE,1705561485552092665,DF:DF:EE:00:00:04,-34
BLE,1705561485825775654,D3:F4:55:AB:96:20,-56
BLE,1705561486014538403,D3:F4:55:AB:96:20,-56
BLE,1705561486089420953,DF:DF:EE:00:00:04,-35
BLE,1705561486201767591,D3:F4:55:AB:96:20,-59
BLE,1705561486399321797,D3:F4:55:AB:96:20,-58
BLE,1705561486550395629,DF:DF:EE:00:00:04,-36
BLE,1705561486591559913,D3:F4:55:AB:96:20,-55
BLE,1705561486781635143,D3:F4:55:AB:96:20,-58
BLE,1705561487088389699,DF:DF:EE:00:00:04,-36
BLE,1705561487359215646,D3:F4:55:AB:96:20,-56
BLE,1705561487550505942,D3:F4:55:AB:96:20,-59
BLE,1705561487748806887,D3:F4:55:AB:96:20,-58
BLE,1705561487935746121,D3:F4:55:AB:96:20,-59
BLE,1705561488129961709,D3:F4:55:AB:96:20,-58
BLE,1705561488316862110,D3:F4:55:AB:96:20,-58
BLE,1705561488548529743,DF:DF:EE:00:00:04,-36
BLE,1705561488887022385,D3:F4:55:AB:96:20,-55
BLE,1705561489077811897,D3:F4:55:AB:96:20,-58
BLE,1705561489092139274,DF:DF:EE:00:00:04,-36
BLE,1705561489273136468,D3:F4:55:AB:96:20,-56
BLE,1705561489464762926,D3:F4:55:AB:96:20,-59
BLE,1705561489547348491,DF:DF:EE:00:00:04,-38
BLE,1705561489846987774,D3:F4:55:AB:96:20,-59
BLE,1705561490229706240,D3:F4:55:AB:96:20,-59
BLE,1705561490420979453,D3:F4:55:AB:96:20,-56
BLE,1705561490544826134,DF:DF:EE:00:00:04,-35
BLE,1705561491005931016,D3:F4:55:AB:96:20,-56
BLE,1705561491084078686,DF:DF:EE:00:00:04,-35
BLE,1705561491330997975,DF:A6:DC:DC:2E:81,-74
BLE,1705561491331030725,DF:DF:EE:00:00:01,-74
BLE,1705561491391782061,D3:F4:55:AB:96:20,-58
BLE,1705561491546409384,DF:DF:EE:00:00:04,-35
BLE,1705561491577623894,D3:F4:55:AB:96:20,-59
BLE,1705561491769663430,D3:F4:55:AB:96:20,-56
BLE,1705561491960442233,D3:F4:55:AB:96:20,-59
BLE,1705561492083611924,DF:DF:EE:00:00:04,-35
BLE,1705561492341012938,D3:F4:55:AB:96:20,-58
BLE,1705561492538543811,D3:F4:55:AB:96:20,-57
BLE,1705561492727840219,D3:F4:55:AB:96:20,-59
BLE,1705561493086616070,DF:DF:EE:00:00:04,-35
BLE,1705561493123451291,D3:F4:55:AB:96:20,-57
BLE,1705561493544729620,DF:DF:EE:00:00:04,-36
BLE,1705561493698523038,D3:F4:55:AB:96:20,-59
BLE,1705561493895576751,D3:F4:55:AB:96:20,-59
BLE,1705561494090896323,DF:DF:EE:00:00:04,-39
BLE,1705561494283667306,D3:F4:55:AB:96:20,-59
BLE,1705561494548225218,DF:DF:EE:00:00:04,-34
BLE,1705561494867588509,D3:F4:55:AB:96:20,-58
BLE,1705561495063002121,D3:F4:55:AB:96:20,-58
BLE,1705561495083218040,DF:DF:EE:00:00:04,-39
BLE,1705561495157199478,DF:A6:DC:DC:2E:81,-64
BLE,1705561495157227602,DF:DF:EE:00:00:01,-64
BLE,1705561495454198590,D3:F4:55:AB:96:20,-58
BLE,1705561495455525655,D3:F4:55:AB:96:20,-56
BLE,1705561495553662579,DF:DF:EE:00:00:04,-38
BLE,1705561496030449736,D3:F4:55:AB:96:20,-56
BLE,1705561496082091870,DF:DF:EE:00:00:04,-34
BLE,1705561496412711542,D3:F4:55:AB:96:20,-58
BLE,1705561496600201684,D3:F4:55:AB:96:20,-59
BLE,1705561496794881390,D3:F4:55:AB:96:20,-57
BLE,1705561496980845513,D3:F4:55:AB:96:20,-59
BLE,1705561497363389731,D3:F4:55:AB:96:20,-57
BLE,1705561497543111610,DF:DF:EE:00:00:04,-34
BLE,1705561497749173361,D3:F4:55:AB:96:20,-57
BLE,1705561497943473864,D3:F4:55:AB:96:20,-58
BLE,1705561498087929749,DF:DF:EE:00:00:04,-35
BLE,1705561498518493861,D3:F4:55:AB:96:20,-56
BLE,1705561498711101680,D3:F4:55:AB:96:20,-59
BLE,1705561499083116466,DF:DF:EE:00:00:04,-36
BLE,1705561499102992764,D3:F4:55:AB:96:20,-56
BLE,1705561499296064993,D3:F4:55:AB:96:20,-60
BLE,1705561499544760507,DF:DF:EE:00:00:04,-34
BLE,1705561499680835721,D3:F4:55:AB:96:20,-59
BLE,1705561499874061614,D3:F4:55:AB:96:20,-42
BLE,1705561500553983939,DF:DF:EE:00:00:04,-40
BLE,1705561500648375751,D3:F4:55:AB:96:20,-57
BLE,1705561500846144038,D3:F4:55:AB:96:20,-58
BLE,1705561501043362290,D3:F4:55:AB:96:20,-58
BLE,1705561501085069317,DF:DF:EE:00:00:04,-35
BLE,1705561501236190440,D3:F4:55:AB:96:20,-59
BLE,1705561501551336042,DF:DF:EE:00:00:04,-34
BLE,1705561502196532490,D3:F4:55:AB:96:20,-58
BLE,1705561502382741817,D3:F4:55:AB:96:20,-59
BLE,1705561502551960305,DF:DF:EE:00:00:04,-38
BLE,1705561502575951753,D3:F4:55:AB:96:20,-58
BLE,1705561502764009262,D3:F4:55:AB:96:20,-59
BLE,1705561502953678040,D3:F4:55:AB:96:20,-48
BLE,1705561503087326872,DF:DF:EE:00:00:04,-36
BLE,1705561503143901018,D3:F4:55:AB:96:20,-60
BLE,1705561503534320915,D3:F4:55:AB:96:20,-56
BLE,1705561503912416655,D3:F4:55:AB:96:20,-59
BLE,1705561504090265186,DF:DF:EE:00:00:04,-35
BLE,1705561504101598398,D3:F4:55:AB:96:20,-56
BLE,1705561504298616195,D3:F4:55:AB:96:20,-56
BLE,1705561504491275972,D3:F4:55:AB:96:20,-57
BLE,1705561504677519841,D3:F4:55:AB:96:20,-59
BLE,1705561505061959115,D3:F4:55:AB:96:20,-60
BLE,1705561505063292221,D3:F4:55:AB:96:20,-56
BLE,1705561505083107186,DF:DF:EE:00:00:04,-34
BLE,1705561505546373579,DF:DF:EE:00:00:04,-39
BLE,1705561505641596837,D3:F4:55:AB:96:20,-59
BLE,1705561505836215211,D3:F4:55:AB:96:20,-58
BLE,1705561506023461982,D3:F4:55:AB:96:20,-60
BLE,1705561506214402617,D3:F4:55:AB:96:20,-56
BLE,1705561506408426207,D3:F4:55:AB:96:20,-59
BLE,1705561506552040687,DF:DF:EE:00:00:04,-36
BLE,1705561506992507449,D3:F4:55:AB:96:20,-59
BLE,1705561507088621736,DF:DF:EE:00:00:04,-36
BLE,1705561507374996709,D3:F4:55:AB:96:20,-57
BLE,1705561507548712216,DF:DF:EE:00:00:04,-40
BLE,1705561507571386224,D3:F4:55:AB:96:20,-58
BLE,1705561507955041010,D3:F4:55:AB:96:20,-58
BLE,1705561508082471639,DF:DF:EE:00:00:04,-35
BLE,1705561508142226698,D3:F4:55:AB:96:20,-59
BLE,1705561508522008372,D3:F4:55:AB:96:20,-57
BLE,1705561508713850577,D3:F4:55:AB:96:20,-56
BLE,1705561508905963654,D3:F4:55:AB:96:20,-60
BLE,1705561509088722947,DF:DF:EE:00:00:04,-35
BLE,1705561509099527084,D3:F4:55:AB:96:20,-57
BLE,1705561509152912401,DF:A6:DC:DC:2E:81,-48
BLE,1705561509152937984,DF:DF:EE:00:00:01,-48
BLE,1705561509287298764,D3:F4:55:AB:96:20,-59
BLE,1705561509482273466,D3:F4:55:AB:96:20,-58
BLE,1705561509550157283,DF:DF:EE:00:00:04,-38
BLE,1705561510089249379,DF:DF:EE:00:00:04,-36
BLE,1705561510448400058,D3:F4:55:AB:96:20,-58
BLE,1705561510545932033,DF:DF:EE:00:00:04,-34
BLE,1705561510639524232,D3:F4:55:AB:96:20,-59
BLE,1705561510830777320,D3:F4:55:AB:96:20,-58
BLE,1705561511022200614,D3:F4:55:AB:96:20,-59
BLE,1705561511211403982,D3:F4:55:AB:96:20,-56
BLE,1705561511546503548,DF:DF:EE:00:00:04,-36
BLE,1705561511984481470,D3:F4:55:AB:96:20,-57
BLE,1705561512084470743,DF:DF:EE:00:00:04,-35
BLE,1705561512754516169,D3:F4:55:AB:96:20,-59
BLE,1705561513137616837,D3:F4:55:AB:96:20,-59
BLE,1705561513330086991,D3:F4:55:AB:96:20,-57
BLE,1705561513518353456,D3:F4:55:AB:96:20,-58
BLE,1705561513544099961,DF:DF:EE:00:00:04,-35
BLE,1705561513907145917,D3:F4:55:AB:96:20,-55
BLE,1705561514081125545,DF:DF:EE:00:00:04,-34
BLE,1705561514241409745,DF:A6:DC:DC:2E:81,-65
BLE,1705561514241439661,DF:DF:EE:00:00:01,-65
BLE,1705561514300792018,D3:F4:55:AB:96:20,-58
BLE,1705561514491342950,D3:F4:55:AB:96:20,-56
BLE,1705561514682513956,D3:F4:55:AB:96:20,-57
BLE,1705561515087149190,DF:DF:EE:00:00:04,-40
BLE,1705561515260870947,D3:F4:55:AB:96:20,-54
BLE,1705561515451160008,D3:F4:55:AB:96:20,-60
BLE,1705561515542130702,DF:DF:EE:00:00:04,-35
BLE,1705561516085889689,DF:DF:EE:00:00:04,-34
BLE,1705561516543007212,DF:DF:EE:00:00:04,-36
BLE,1705561516603753215,D3:F4:55:AB:96:20,-59
BLE,1705561517091614755,DF:DF:EE:00:00:04,-38
BLE,1705561517380913020,D3:F4:55:AB:96:20,-58
BLE,1705561517571159623,D3:F4:55:AB:96:20,-43
BLE,1705561517967319062,D3:F4:55:AB:96:20,-57
BLE,1705561518351896876,D3:F4:55:AB:96:20,-52
BLE,1705561518539135064,D3:F4:55:AB:96:20,-43
BLE,1705561518544776649,DF:DF:EE:00:00:04,-35
BLE,1705561518730956727,D3:F4:55:AB:96:20,-58
BLE,1705561518926723459,D3:F4:55:AB:96:20,-45
BLE,1705561519084773982,DF:DF:EE:00:00:04,-36
BLE,1705561519122640731,D3:F4:55:AB:96:20,-57
BLE,1705561519313978151,D3:F4:55:AB:96:20,-58
BLE,1705561519506474805,D3:F4:55:AB:96:20,-65
BLE,1705561519699025833,D3:F4:55:AB:96:20,-58
BLE,1705561519888132369,D3:F4:55:AB:96:20,-60
BLE,1705561520080183613,D3:F4:55:AB:96:20,-57
BLE,1705561520274156454,D3:F4:55:AB:96:20,-56
BLE,1705561520546327673,DF:DF:EE:00:00:04,-34
BLE,1705561520604781834,DF:A6:DC:DC:2E:81,-62
BLE,1705561520604807958,DF:DF:EE:00:00:01,-62
BLE,1705561520657835864,D3:F4:55:AB:96:20,-56
BLE,1705561520851175714,D3:F4:55:AB:96:20,-60
BLE,1705561521041030864,D3:F4:55:AB:96:20,-55
BLE,1705561521236700973,D3:F4:55:AB:96:20,-57
BLE,1705561521430703438,D3:F4:55:AB:96:20,-58
BLE,1705561521621894778,D3:F4:55:AB:96:20,-58
BLE,1705561521623422422,D3:F4:55:AB:96:20,-56
BLE,1705561522009496715,D3:F4:55:AB:96:20,-54
BLE,1705561522088644454,DF:DF:EE:00:00:04,-35
BLE,1705561522583679099,D3:F4:55:AB:96:20,-60
BLE,1705561522773151796,D3:F4:55:AB:96:20,-51
BLE,1705561523352855101,D3:F4:55:AB:96:20,-58
BLE,1705561523544905428,DF:DF:EE:00:00:04,-39
BLE,1705561523548845997,D3:F4:55:AB:96:20,-57
BLE,1705561523740452247,D3:F4:55:AB:96:20,-56
BLE,1705561523931072136,D3:F4:55:AB:96:20,-58
BLE,1705561524313849267,D3:F4:55:AB:96:20,-57
BLE,1705561524541493708,DF:DF:EE:00:00:04,-36
BLE,1705561525084852285,DF:DF:EE:00:00:04,-34
BLE,1705561525086160058,D3:F4:55:AB:96:20,-59
BLE,1705561525277235024,D3:F4:55:AB:96:20,-58
BLE,1705561525467661541,D3:F4:55:AB:96:20,-59
BLE,1705561525543995029,DF:DF:EE:00:00:04,-33
BLE,1705561525662279498,D3:F4:55:AB:96:20,-57
BLE,1705561525691929031,DF:A6:DC:DC:2E:81,-64
BLE,1705561525691955072,DF:DF:EE:00:00:01,-64
BLE,1705561525856080216,D3:F4:55:AB:96:20,-55
BLE,1705561526051634451,D3:F4:55:AB:96:20,-57
BLE,1705561526434240960,D3:F4:55:AB:96:20,-60
BLE,1705561526544238173,DF:DF:EE:00:00:04,-35
BLE,1705561526628328175,D3:F4:55:AB:96:20,-57
BLE,1705561526822846966,D3:F4:55:AB:96:20,-55
BLE,1705561527016777641,D3:F4:55:AB:96:20,-59
BLE,1705561527087686457,DF:DF:EE:00:00:04,-35
BLE,1705561527213712815,D3:F4:55:AB:96:20,-58
BLE,1705561527399138362,D3:F4:55:AB:96:20,-59
BLE,1705561527544102573,DF:DF:EE:00:00:04,-35
BLE,1705561527594508974,D3:F4:55:AB:96:20,-58
BLE,1705561527781239628,D3:F4:55:AB:96:20,-59
BLE,1705561527979241494,D3:F4:55:AB:96:20,-58
BLE,1705561528082440388,DF:DF:EE:00:00:04,-38
BLE,1705561528232980728,DF:A6:DC:DC:2E:81,-64
BLE,1705561528233008602,DF:DF:EE:00:00:01,-64
BLE,1705561528368075122,D3:F4:55:AB:96:20,-59
BLE,1705561528753028347,D3:F4:55:AB:96:20,-59
BLE,1705561528949545110,D3:F4:55:AB:96:20,-42
BLE,1705561529335757525,D3:F4:55:AB:96:20,-59
BLE,1705561529532933112,D3:F4:55:AB:96:20,-58
BLE,1705561529549388084,DF:DF:EE:00:00:04,-35
BLE,1705561529550898896,DF:DF:EE:00:00:04,-36
BLE,1705561529724170493,D3:F4:55:AB:96:20,-56
BLE,1705561529919899767,D3:F4:55:AB:96:20,-60
BLE,1705561530085591222,DF:DF:EE:00:00:04,-35
BLE,1705561530496733655,D3:F4:55:AB:96:20,-58
BLE,1705561531079075672,D3:F4:55:AB:96:20,-56
BLE,1705561531084987754,DF:DF:EE:00:00:04,-38
BLE,1705561531272585103,D3:F4:55:AB:96:20,-59
BLE,1705561531551316436,DF:DF:EE:00:00:04,-36
BLE,1705561532045516176,D3:F4:55:AB:96:20,-55
BLE,1705561532081794447,DF:DF:EE:00:00:04,-35
BLE,1705561532548057839,DF:DF:EE:00:00:04,-40
BLE,1705561532621739323,D3:F4:55:AB:96:20,-60
BLE,1705561532811212062,D3:F4:55:AB:96:20,-55
BLE,1705561533002976268,D3:F4:55:AB:96:20,-59
BLE,1705561533080474447,DF:DF:EE:00:00:04,-36
BLE,1705561533200366018,D3:F4:55:AB:96:20,-58
BLE,1705561533393382331,D3:F4:55:AB:96:20,-56
BLE,1705561533544172001,DF:DF:EE:00:00:04,-34
BLE,1705561533583271148,D3:F4:55:AB:96:20,-58
BLE,1705561533779092296,D3:F4:55:AB:96:20,-52
BLE,1705561534165128255,D3:F4:55:AB:96:20,-58
BLE,1705561534352917227,D3:F4:55:AB:96:20,-60
BLE,1705561534548870373,D3:F4:55:AB:96:20,-58
BLE,1705561534552234158,DF:DF:EE:00:00:04,-39
BLE,1705561534937516837,D3:F4:55:AB:96:20,-59
BLE,1705561535082921583,DF:DF:EE:00:00:04,-35
BLE,1705561535133438691,D3:F4:55:AB:96:20,-57
BLE,1705561535319432439,D3:F4:55:AB:96:20,-44
BLE,1705561535511866843,D3:F4:55:AB:96:20,-56
BLE,1705561535544171838,DF:DF:EE:00:00:04,-35
BLE,1705561535708841975,D3:F4:55:AB:96:20,-56
BLE,1705561536091338818,D3:F4:55:AB:96:20,-56
BLE,1705561536284605836,D3:F4:55:AB:96:20,-58
BLE,1705561536478084893,D3:F4:55:AB:96:20,-55
BLE,1705561536551791085,DF:DF:EE:00:00:04,-39
BLE,1705561536671667614,D3:F4:55:AB:96:20,-59
BLE,1705561537060511950,D3:F4:55:AB:96:20,-56
BLE,1705561537078929519,DF:DF:EE:00:00:04,-35
BLE,1705561537146917169,DF:A6:DC:DC:2E:81,-64
BLE,1705561537146943835,DF:DF:EE:00:00:01,-64
BLE,1705561537548875775,DF:DF:EE:00:00:04,-36
BLE,1705561537631809126,D3:F4:55:AB:96:20,-57
BLE,1705561538540439460,DF:DF:EE:00:00:04,-34
BLE,1705561538592098219,D3:F4:55:AB:96:20,-56
BLE,1705561538786290348,D3:F4:55:AB:96:20,-59
BLE,1705561538980102192,D3:F4:55:AB:96:20,-58
BLE,1705561539084480694,DF:DF:EE:00:00:04,-36
BLE,1705561539170659207,D3:F4:55:AB:96:20,-58
BLE,1705561539544236512,DF:DF:EE:00:00:04,-39
BLE,1705561539551329660,D3:F4:55:AB:96:20,-59
BLE,1705561539931955989,D3:F4:55:AB:96:20,-59
BLE,1705561540131055006,D3:F4:55:AB:96:20,-57
BLE,1705561540318095739,D3:F4:55:AB:96:20,-59
BLE,1705561540510634559,D3:F4:55:AB:96:20,-73
BLE,1705561540540276633,DF:DF:EE:00:00:04,-35
BLE,1705561540899559060,D3:F4:55:AB:96:20,-60
BLE,1705561540967740957,DF:A6:DC:DC:2E:81,-63
BLE,1705561540967770581,DF:DF:EE:00:00:01,-63
BLE,1705561541083612544,DF:DF:EE:00:00:04,-20
BLE,1705561541282265609,D3:F4:55:AB:96:20,-59
BLE,1705561541478703623,D3:F4:55:AB:96:20,-57
BLE,1705561541541559804,DF:DF:EE:00:00:04,-36
BLE,1705561541855724170,D3:F4:55:AB:96:20,-54
BLE,1705561542048245741,D3:F4:55:AB:96:20,-59
BLE,1705561542243209192,D3:F4:55:AB:96:20,-42
BLE,1705561542428932944,D3:F4:55:AB:96:20,-48
BLE,1705561542623963103,D3:F4:55:AB:96:20,-58
BLE,1705561542813344926,D3:F4:55:AB:96:20,-58
BLE,1705561543083969042,DF:DF:EE:00:00:04,-34
BLE,1705561543199041224,D3:F4:55:AB:96:20,-57
BLE,1705561543548927744,DF:DF:EE:00:00:04,-39
BLE,1705561543586730160,D3:F4:55:AB:96:20,-56
BLE,1705561543778973068,D3:F4:55:AB:96:20,-60
BLE,1705561543975915241,D3:F4:55:AB:96:20,-57
BLE,1705561544089000618,DF:DF:EE:00:00:04,-39
BLE,1705561544161552452,D3:F4:55:AB:96:20,-59
BLE,1705561544354692638,D3:F4:55:AB:96:20,-41
BLE,1705561544545235153,DF:DF:EE:00:00:04,-35
BLE,1705561544791859906,DF:A6:DC:DC:2E:81,-64
BLE,1705561544791890822,DF:DF:EE:00:00:01,-64
BLE,1705561544924366129,D3:F4:55:AB:96:20,-57
BLE,1705561545119870740,D3:F4:55:AB:96:20,-55
BLE,1705561545504489886,D3:F4:55:AB:96:20,-52
BLE,1705561545549032414,DF:DF:EE:00:00:04,-39
BLE,1705561546089079038,D3:F4:55:AB:96:20,-57
BLE,1705561546279505096,D3:F4:55:AB:96:20,-59
BLE,1705561546674634592,D3:F4:55:AB:96:20,-57
BLE,1705561546864984652,D3:F4:55:AB:96:20,-59
BLE,1705561547251902557,D3:F4:55:AB:96:20,-56
BLE,1705561547335307193,DF:A6:DC:DC:2E:81,-64
BLE,1705561547335334401,DF:DF:EE:00:00:01,-64
BLE,1705561547443133646,D3:F4:55:AB:96:20,-58
BLE,1705561547630620788,D3:F4:55:AB:96:20,-59
BLE,1705561547824776210,D3:F4:55:AB:96:20,-57
BLE,1705561548019795869,D3:F4:55:AB:96:20,-56
BLE,1705561548088121305,DF:DF:EE:00:00:04,-35
BLE,1705561548213159261,D3:F4:55:AB:96:20,-59
BLE,1705561548404217560,D3:F4:55:AB:96:20,-56
BLE,1705561548594008837,D3:F4:55:AB:96:20,-59
BLE,1705561548790609932,D3:F4:55:AB:96:20,-58
BLE,1705561549175725863,D3:F4:55:AB:96:20,-58
BLE,1705561549371570677,D3:F4:55:AB:96:20,-56
BLE,1705561549548815883,DF:DF:EE:00:00:04,-34
BLE,1705561550082855718,DF:DF:EE:00:00:04,-34
BLE,1705561550134829473,D3:F4:55:AB:96:20,-56
BLE,1705561550899656079,D3:F4:55:AB:96:20,-56
BLE,1705561551086245984,DF:DF:EE:00:00:04,-39
BLE,1705561551094132579,D3:F4:55:AB:96:20,-58
BLE,1705561551292907893,D3:F4:55:AB:96:20,-57
BLE,1705561551485806041,D3:F4:55:AB:96:20,-55
BLE,1705561551545902387,DF:DF:EE:00:00:04,-20
BLE,1705561551677221294,D3:F4:55:AB:96:20,-59
BLE,1705561552062136645,D3:F4:55:AB:96:20,-44
BLE,1705561552086731625,DF:DF:EE:00:00:04,-35
BLE,1705561552254185680,D3:F4:55:AB:96:20,-57
BLE,1705561552549743772,DF:DF:EE:00:00:04,-38
BLE,1705561553024045881,D3:F4:55:AB:96:20,-58
BLE,1705561553087086101,DF:DF:EE:00:00:04,-38
BLE,1705561553409523099,D3:F4:55:AB:96:20,-57
BLE,1705561553605933238,D3:F4:55:AB:96:20,-58
BLE,1705561553684889022,DF:A6:DC:DC:2E:81,-65
BLE,1705561553684920479,DF:DF:EE:00:00:01,-65
BLE,1705561553795751305,D3:F4:55:AB:96:20,-58
BLE,1705561554184131106,D3:F4:55:AB:96:20,-55
BLE,1705561554378654981,D3:F4:55:AB:96:20,-59
BLE,1705561554543013372,DF:DF:EE:00:00:04,-35
BLE,1705561554576607390,D3:F4:55:AB:96:20,-58
BLE,1705561554772262457,D3:F4:55:AB:96:20,-56
BLE,1705561554965666390,D3:F4:55:AB:96:20,-59
BLE,1705561555082106843,DF:DF:EE:00:00:04,-32
BLE,1705561555541010716,D3:F4:55:AB:96:20,-42
BLE,1705561555543006270,DF:DF:EE:00:00:04,-45
BLE,1705561555731639105,D3:F4:55:AB:96:20,-60
BLE,1705561556087578038,DF:DF:EE:00:00:04,-35
BLE,1705561556112719344,D3:F4:55:AB:96:20,-59
BLE,1705561556307698920,D3:F4:55:AB:96:20,-58
BLE,1705561556496004134,D3:F4:55:AB:96:20,-59
BLE,1705561556550427395,DF:DF:EE:00:00:04,-35
BLE,1705561556690839421,D3:F4:55:AB:96:20,-58
BLE,1705561557078002990,D3:F4:55:AB:96:20,-53
BLE,1705561557079486177,DF:DF:EE:00:00:04,-29
BLE,1705561557273088148,D3:F4:55:AB:96:20,-58
BLE,1705561557469502787,D3:F4:55:AB:96:20,-56
BLE,1705561557504621367,DF:A6:DC:DC:2E:81,-65
BLE,1705561557504650408,DF:DF:EE:00:00:01,-65
BLE,1705561557543419477,DF:DF:EE:00:00:04,-39
BLE,1705561558045159317,D3:F4:55:AB:96:20,-59
BLE,1705561558083955844,DF:DF:EE:00:00:04,-38
BLE,1705561558241782329,D3:F4:55:AB:96:20,-58
BLE,1705561558547182029,DF:DF:EE:00:00:04,-36
BLE,1705561558626636680,D3:F4:55:AB:96:20,-57
BLE,1705561558821051140,D3:F4:55:AB:96:20,-56
BLE,1705561559088680091,DF:DF:EE:00:00:04,-34
BLE,1705561559200449820,D3:F4:55:AB:96:20,-56
BLE,1705561559396131803,D3:F4:55:AB:96:20,-60
BLE,1705561559592320821,D3:F4:55:AB:96:20,-57
BLE,1705561559784809475,D3:F4:55:AB:96:20,-55
BLE,1705561559976841635,D3:F4:55:AB:96:20,-58
BLE,1705561560047172959,DF:A6:DC:DC:2E:81,-65
BLE,1705561560047219250,DF:DF:EE:00:00:01,-65
BLE,1705561560085981444,DF:DF:EE:00:00:04,-38
BLE,1705561560162460346,D3:F4:55:AB:96:20,-59
BLE,1705561560358004581,D3:F4:55:AB:96:20,-56
BLE,1705561560936776733,D3:F4:55:AB:96:20,-56
BLE,1705561561325070744,D3:F4:55:AB:96:20,-58
BLE,1705561561510857452,D3:F4:55:AB:96:20,-59
BLE,1705561561543767646,DF:DF:EE:00:00:04,-35
BLE,1705561561699487411,D3:F4:55:AB:96:20,-55
BLE,1705561562081815091,DF:DF:EE:00:00:04,-36
BLE,1705561562085209417,D3:F4:55:AB:96:20,-56
BLE,1705561562278300188,D3:F4:55:AB:96:20,-60
BLE,1705561562542182942,DF:DF:EE:00:00:04,-39
BLE,1705561562595503802,DF:A6:DC:DC:2E:81,-62
BLE,1705561562595531968,DF:DF:EE:00:00:01,-62
BLE,1705561562672139202,D3:F4:55:AB:96:20,-58
BLE,1705561562859339723,D3:F4:55:AB:96:20,-59
BLE,1705561563056135149,D3:F4:55:AB:96:20,-58
BLE,1705561563246351711,D3:F4:55:AB:96:20,-59
BLE,1705561563442459521,D3:F4:55:AB:96:20,-58
BLE,1705561563539401838,DF:DF:EE:00:00:04,-35
BLE,1705561563832337342,D3:F4:55:AB:96:20,-58
BLE,1705561564029827341,D3:F4:55:AB:96:20,-59
BLE,1705561564087455722,DF:DF:EE:00:00:04,-35
BLE,1705561564219944571,D3:F4:55:AB:96:20,-56
BLE,1705561564541157502,DF:DF:EE:00:00:04,-39
BLE,1705561564600250696,D3:F4:55:AB:96:20,-56
BLE,1705561564790125304,D3:F4:55:AB:96:20,-58
BLE,1705561564984483973,D3:F4:55:AB:96:20,-56
BLE,1705561565135752385,DF:A6:DC:DC:2E:81,-64
BLE,1705561565135781760,DF:DF:EE:00:00:01,-64
BLE,1705561565177438454,D3:F4:55:AB:96:20,-59
BLE,1705561565372862024,D3:F4:55:AB:96:20,-42
BLE,1705561565539801045,DF:DF:EE:00:00:04,-35
BLE,1705561565564751437,D3:F4:55:AB:96:20,-59
BLE,1705561565952884158,D3:F4:55:AB:96:20,-55
BLE,1705561566142915722,D3:F4:55:AB:96:20,-57
BLE,1705561566544887536,DF:DF:EE:00:00:04,-38
BLE,1705561566719391198,D3:F4:55:AB:96:20,-56
BLE,1705561566914999474,D3:F4:55:AB:96:20,-59
BLE,1705561567086648553,DF:DF:EE:00:00:04,-39
BLE,1705561567105800028,D3:F4:55:AB:96:20,-57
BLE,1705561567295722510,D3:F4:55:AB:96:20,-59
BLE,1705561567491879945,D3:F4:55:AB:96:20,-58
BLE,1705561567544967350,DF:DF:EE:00:00:04,-35
BLE,1705561567676900331,DF:A6:DC:DC:2E:81,-64
BLE,1705561567676929789,DF:DF:EE:00:00:01,-64
BLE,1705561568065843499,D3:F4:55:AB:96:20,-56
BLE,1705561568081312194,DF:DF:EE:00:00:04,-34
BLE,1705561568260058253,D3:F4:55:AB:96:20,-59
BLE,1705561568455082579,D3:F4:55:AB:96:20,-58
BLE,1705561568542048581,DF:DF:EE:00:00:04,-35
BLE,1705561568649543122,D3:F4:55:AB:96:20,-54
BLE,1705561569040974587,D3:F4:55:AB:96:20,-58
BLE,1705561569088808109,DF:DF:EE:00:00:04,-39
BLE,1705561569236223285,D3:F4:55:AB:96:20,-56
BLE,1705561569546632413,DF:DF:EE:00:00:04,-36
BLE,1705561569622491908,D3:F4:55:AB:96:20,-56
BLE,1705561569813249128,D3:F4:55:AB:96:20,-59
BLE,1705561570085080477,DF:DF:EE:00:00:04,-20
BLE,1705561570198480599,D3:F4:55:AB:96:20,-59
BLE,1705561570218321856,DF:A6:DC:DC:2E:81,-64
BLE,1705561570218347273,DF:DF:EE:00:00:01,-64
BLE,1705561570392629355,D3:F4:55:AB:96:20,-67
BLE,1705561570587804345,D3:F4:55:AB:96:20,-56
BLE,1705561570978429280,D3:F4:55:AB:96:20,-58
BLE,1705561571084154138,DF:DF:EE:00:00:04,-35
BLE,1705561571173812435,D3:F4:55:AB:96:20,-56
BLE,1705561571549868121,D3:F4:55:AB:96:20,-58
BLE,1705561571744899197,D3:F4:55:AB:96:20,-58
BLE,1705561571936355907,D3:F4:55:AB:96:20,-55
BLE,1705561572129500510,D3:F4:55:AB:96:20,-44
BLE,1705561572324896289,D3:F4:55:AB:96:20,-57
BLE,1705561572716308588,D3:F4:55:AB:96:20,-59
BLE,1705561572760815949,DF:A6:DC:DC:2E:81,-64
BLE,1705561572760844074,DF:DF:EE:00:00:01,-64
BLE,1705561572906302236,D3:F4:55:AB:96:20,-56
BLE,1705561573086801687,DF:DF:EE:00:00:04,-36
BLE,1705561573097623282,D3:F4:55:AB:96:20,-60
BLE,1705561573292641733,D3:F4:55:AB:96:20,-58
BLE,1705561573482633298,D3:F4:55:AB:96:20,-59
BLE,1705561573877729086,D3:F4:55:AB:96:20,-57
BLE,1705561574257620467,D3:F4:55:AB:96:20,-55
BLE,1705561574452686751,D3:F4:55:AB:96:20,-59
BLE,1705561574546084410,DF:DF:EE:00:00:04,-35
BLE,1705561574845948023,D3:F4:55:AB:96:20,-57
BLE,1705561575034996143,D3:F4:55:AB:96:20,-59
BLE,1705561575231697987,D3:F4:55:AB:96:20,-56
BLE,1705561575305958254,DF:A6:DC:DC:2E:81,-49
BLE,1705561575305985046,DF:DF:EE:00:00:01,-49
BLE,1705561575428364664,D3:F4:55:AB:96:20,-56
BLE,1705561575543959297,DF:DF:EE:00:00:04,-38
BLE,1705561575617396118,D3:F4:55:AB:96:20,-44
BLE,1705561575812046491,D3:F4:55:AB:96:20,-57
BLE,1705561576079708108,DF:DF:EE:00:00:04,-35
BLE,1705561576192190993,D3:F4:55:AB:96:20,-56
BLE,1705561576388116098,D3:F4:55:AB:96:20,-48
BLE,1705561576778395913,D3:F4:55:AB:96:20,-55
BLE,1705561576975043674,D3:F4:55:AB:96:20,-55
BLE,1705561577171036570,D3:F4:55:AB:96:20,-57
BLE,1705561577366824593,D3:F4:55:AB:96:20,-58
BLE,1705561577540844221,DF:DF:EE:00:00:04,-36
BLE,1705561577950596340,D3:F4:55:AB:96:20,-58
BLE,1705561578081364921,DF:DF:EE:00:00:04,-47
BLE,1705561578141321311,D3:F4:55:AB:96:20,-59
BLE,1705561578337826407,D3:F4:55:AB:96:20,-58
BLE,1705561578535236491,D3:F4:55:AB:96:20,-57
BLE,1705561578542269056,DF:DF:EE:00:00:04,-35
BLE,1705561579300225136,D3:F4:55:AB:96:20,-52
BLE,1705561579548031413,DF:DF:EE:00:00:04,-39
BLE,1705561580089022065,DF:DF:EE:00:00:04,-38
BLE,1705561580267256132,D3:F4:55:AB:96:20,-57
BLE,1705561580462569288,D3:F4:55:AB:96:20,-56
BLE,1705561580541242742,DF:DF:EE:00:00:04,-38
BLE,1705561580655867347,D3:F4:55:AB:96:20,-58
BLE,1705561580840282242,D3:F4:55:AB:96:20,-44
BLE,1705561581227814846,D3:F4:55:AB:96:20,-55
BLE,1705561581422818131,D3:F4:55:AB:96:20,-59
BLE,1705561581539057171,DF:DF:EE:00:00:04,-35
BLE,1705561581621608528,D3:F4:55:AB:96:20,-58
BLE,1705561581817233387,D3:F4:55:AB:96:20,-56
BLE,1705561582011481474,D3:F4:55:AB:96:20,-57
BLE,1705561582080088198,DF:DF:EE:00:00:04,-35
BLE,1705561582389814461,D3:F4:55:AB:96:20,-57
BLE,1705561582586486805,D3:F4:55:AB:96:20,-57
BLE,1705561583083791418,DF:DF:EE:00:00:04,-38
BLE,1705561583167362385,D3:F4:55:AB:96:20,-55
BLE,1705561583357895984,D3:F4:55:AB:96:20,-59
BLE,1705561583552383567,D3:F4:55:AB:96:20,-42
BLE,1705561583931067882,D3:F4:55:AB:96:20,-55
BLE,1705561584083486153,DF:DF:EE:00:00:04,-34
BLE,1705561584084915341,DF:DF:EE:00:00:04,-36
BLE,1705561584315149161,D3:F4:55:AB:96:20,-56
BLE,1705561584510176029,D3:F4:55:AB:96:20,-59
BLE,1705561584546549632,DF:DF:EE:00:00:04,-38
BLE,1705561584899046490,D3:F4:55:AB:96:20,-55
BLE,1705561585279832441,D3:F4:55:AB:96:20,-54
BLE,1705561585662652655,D3:F4:55:AB:96:20,-47
BLE,1705561586046494605,D3:F4:55:AB:96:20,-45
BLE,1705561586239892954,D3:F4:55:AB:96:20,-57
BLE,1705561586433713256,D3:F4:55:AB:96:20,-57
BLE,1705561586549111933,DF:DF:EE:00:00:04,-38
BLE,1705561586818533608,D3:F4:55:AB:96:20,-56
BLE,1705561587011231425,D3:F4:55:AB:96:20,-56
BLE,1705561587586053717,D3:F4:55:AB:96:20,-58
BLE,1705561587773107199,D3:F4:55:AB:96:20,-59
BLE,1705561587970169829,D3:F4:55:AB:96:20,-59
BLE,1705561588083346205,DF:DF:EE:00:00:04,-34
BLE,1705561588355654213,D3:F4:55:AB:96:20,-59
BLE,1705561588545055953,DF:DF:EE:00:00:04,-36
BLE,1705561588547653916,D3:F4:55:AB:96:20,-57
BLE,1705561588735623343,D3:F4:55:AB:96:20,-59
BLE,1705561588932563058,D3:F4:55:AB:96:20,-58
BLE,1705561589078685086,DF:DF:EE:00:00:04,-35
BLE,1705561589117769567,D3:F4:55:AB:96:20,-57
BLE,1705561589309154903,D3:F4:55:AB:96:20,-56
BLE,1705561589498825598,D3:F4:55:AB:96:20,-58
BLE,1705561589686052578,D3:F4:55:AB:96:20,-59
BLE,1705561589687406516,D3:F4:55:AB:96:20,-56
BLE,1705561590085474637,DF:DF:EE:00:00:04,-35
BLE,1705561590270363233,D3:F4:55:AB:96:20,-58
BLE,1705561590465854011,D3:F4:55:AB:96:20,-41
BLE,1705561590547526547,DF:DF:EE:00:00:04,-36
BLE,1705561590582863623,DF:A6:DC:DC:2E:81,-62
BLE,1705561590582893289,DF:DF:EE:00:00:01,-62
BLE,1705561590653580983,D3:F4:55:AB:96:20,-60
BLE,1705561591237789682,D3:F4:55:AB:96:20,-58
BLE,1705561591427829913,D3:F4:55:AB:96:20,-52
BLE,1705561591541791985,DF:DF:EE:00:00:04,-39
BLE,1705561591806155399,D3:F4:55:AB:96:20,-54
BLE,1705561592082565641,DF:DF:EE:00:00:04,-39
BLE,1705561592187108765,D3:F4:55:AB:96:20,-56
BLE,1705561592382077592,D3:F4:55:AB:96:20,-60
BLE,1705561592541189434,DF:DF:EE:00:00:04,-35
BLE,1705561592579250304,D3:F4:55:AB:96:20,-57
BLE,1705561592959598928,D3:F4:55:AB:96:20,-58
BLE,1705561593337833417,D3:F4:55:AB:96:20,-50
BLE,1705561593533067240,D3:F4:55:AB:96:20,-59
BLE,1705561593543235885,DF:DF:EE:00:00:04,-39
BLE,1705561593724636574,D3:F4:55:AB:96:20,-58
BLE,1705561593911539474,D3:F4:55:AB:96:20,-59
BLE,1705561594079499689,DF:DF:EE:00:00:04,-36
BLE,1705561594107131834,D3:F4:55:AB:96:20,-58
BLE,1705561594303098730,D3:F4:55:AB:96:20,-55
BLE,1705561594540013371,DF:DF:EE:00:00:04,-34
BLE,1705561594693392295,D3:F4:55:AB:96:20,-57
BLE,1705561594881754800,D3:F4:55:AB:96:20,-59
BLE,1705561595078751222,D3:F4:55:AB:96:20,-56
BLE,1705561595083277782,DF:DF:EE:00:00:04,-48
BLE,1705561595543480803,DF:DF:EE:00:00:04,-36
BLE,1705561596228093810,D3:F4:55:AB:96:20,-59
BLE,1705561596546697238,DF:DF:EE:00:00:04,-35
BLE,1705561596610721485,D3:F4:55:AB:96:20,-74
BLE,1705561596803453136,D3:F4:55:AB:96:20,-56
BLE,1705561596996004081,D3:F4:55:AB:96:20,-58
BLE,1705561597079389676,DF:DF:EE:00:00:04,-39
BLE,1705561597188174948,D3:F4:55:AB:96:20,-58
BLE,1705561597540747721,DF:DF:EE:00:00:04,-37
BLE,1705561597755801926,D3:F4:55:AB:96:20,-58
BLE,1705561597948908696,D3:F4:55:AB:96:20,-56
BLE,1705561598082611444,DF:DF:EE:00:00:04,-36
BLE,1705561598546473453,DF:DF:EE:00:00:04,-35
BLE,1705561598908053680,D3:F4:55:AB:96:20,-60
BLE,1705561599085132472,DF:DF:EE:00:00:04,-35
BLE,1705561599101388947,D3:F4:55:AB:96:20,-58
BLE,1705561599291383387,D3:F4:55:AB:96:20,-59
BLE,1705561599544606003,DF:DF:EE:00:00:04,-35
BLE,1705561600067519956,D3:F4:55:AB:96:20,-57
BLE,1705561600453873453,D3:F4:55:AB:96:20,-42
BLE,1705561601022662373,D3:F4:55:AB:96:20,-43
BLE,1705561601082998424,DF:DF:EE:00:00:04,-23
BLE,1705561601215502605,D3:F4:55:AB:96:20,-58
BLE,1705561601403221036,D3:F4:55:AB:96:20,-59
BLE,1705561601598178321,D3:F4:55:AB:96:20,-58
BLE,1705561601793141732,D3:F4:55:AB:96:20,-54
BLE,1705561601984316238,D3:F4:55:AB:96:20,-57
BLE,1705561602035708208,DF:A6:DC:DC:2E:81,-74
BLE,1705561602035734875,DF:DF:EE:00:00:01,-74
BLE,1705561602178916778,D3:F4:55:AB:96:20,-55
BLE,1705561602371412807,D3:F4:55:AB:96:20,-59
BLE,1705561602545873387,DF:DF:EE:00:00:04,-40
BLE,1705561602560697549,D3:F4:55:AB:96:20,-56
BLE,1705561603079482103,DF:DF:EE:00:00:04,-35
BLE,1705561603331912313,D3:F4:55:AB:96:20,-58
BLE,1705561603528365494,D3:F4:55:AB:96:20,-56
BLE,1705561603722100255,D3:F4:55:AB:96:20,-59
BLE,1705561603919448423,D3:F4:55:AB:96:20,-58
BLE,1705561604085630121,DF:DF:EE:00:00:04,-35
BLE,1705561604538401039,DF:DF:EE:00:00:04,-36
BLE,1705561604580890763,DF:A6:DC:DC:2E:81,-62
BLE,1705561604580917221,DF:DF:EE:00:00:01,-62
BLE,1705561604688716215,D3:F4:55:AB:96:20,-59
BLE,1705561604879373437,D3:F4:55:AB:96:20,-55
BLE,1705561605073224072,D3:F4:55:AB:96:20,-59
BLE,1705561605081168958,DF:DF:EE:00:00:04,-34
BLE,1705561605270706404,D3:F4:55:AB:96:20,-58
BLE,1705561605462963395,D3:F4:55:AB:96:20,-56
BLE,1705561605545522460,DF:DF:EE:00:00:04,-35
BLE,1705561605856013379,D3:F4:55:AB:96:20,-58
BLE,1705561606081384519,DF:DF:EE:00:00:04,-38
BLE,1705561606624713930,D3:F4:55:AB:96:20,-59
BLE,1705561606814938033,D3:F4:55:AB:96:20,-56
BLE,1705561607010599433,D3:F4:55:AB:96:20,-58
BLE,1705561607119436204,DF:A6:DC:DC:2E:81,-65
BLE,1705561607119467412,DF:DF:EE:00:00:01,-65
BLE,1705561607201193656,D3:F4:55:AB:96:20,-58
BLE,1705561607389093793,D3:F4:55:AB:96:20,-59
BLE,1705561607546647031,DF:DF:EE:00:00:04,-35
BLE,1705561607583332380,D3:F4:55:AB:96:20,-58
BLE,1705561607770004992,D3:F4:55:AB:96:20,-59
BLE,1705561607962637894,D3:F4:55:AB:96:20,-56
BLE,1705561608346567676,D3:F4:55:AB:96:20,-56
BLE,1705561608731540192,D3:F4:55:AB:96:20,-58
BLE,1705561608920448648,D3:F4:55:AB:96:20,-59
BLE,1705561609079908567,DF:DF:EE:00:00:04,-35
BLE,1705561609115726887,D3:F4:55:AB:96:20,-58
BLE,1705561609303409693,D3:F4:55:AB:96:20,-60
BLE,1705561609498240438,D3:F4:55:AB:96:20,-58
BLE,1705561609544197862,DF:DF:EE:00:00:04,-39
BLE,1705561609683525821,D3:F4:55:AB:96:20,-57
BLE,1705561609879578757,D3:F4:55:AB:96:20,-58
BLE,1705561610069979733,D3:F4:55:AB:96:20,-59
BLE,1705561610085294430,DF:DF:EE:00:00:04,-38
BLE,1705561610262735925,D3:F4:55:AB:96:20,-42
BLE,1705561610449694158,D3:F4:55:AB:96:20,-59
BLE,1705561610648665761,D3:F4:55:AB:96:20,-58
BLE,1705561610835789450,D3:F4:55:AB:96:20,-59
BLE,1705561611220840424,D3:F4:55:AB:96:20,-56
BLE,1705561611548996506,DF:DF:EE:00:00:04,-39
BLE,1705561611599425074,D3:F4:55:AB:96:20,-59
BLE,1705561611979013126,D3:F4:55:AB:96:20,-59
BLE,1705561612077190175,DF:DF:EE:00:00:04,-36
BLE,1705561612169478184,D3:F4:55:AB:96:20,-56
BLE,1705561612205300045,DF:A6:DC:DC:2E:81,-62
BLE,1705561612205330919,DF:DF:EE:00:00:01,-62
BLE,1705561612364492302,D3:F4:55:AB:96:20,-57
BLE,1705561612760681699,D3:F4:55:AB:96:20,-58
BLE,1705561612945972623,D3:F4:55:AB:96:20,-59
BLE,1705561613083272069,DF:DF:EE:00:00:04,-35
BLE,1705561613144437858,D3:F4:55:AB:96:20,-57
BLE,1705561613532915907,D3:F4:55:AB:96:20,-59
BLE,1705561613541892695,DF:DF:EE:00:00:04,-36
BLE,1705561613726590836,D3:F4:55:AB:96:20,-58
BLE,1705561613919157780,D3:F4:55:AB:96:20,-58
BLE,1705561614081245204,DF:DF:EE:00:00:04,-35
BLE,1705561614112502256,D3:F4:55:AB:96:20,-58
BLE,1705561614680135859,D3:F4:55:AB:96:20,-57
BLE,1705561614747922178,DF:A6:DC:DC:2E:81,-65
BLE,1705561614747955010,DF:DF:EE:00:00:01,-65
BLE,1705561615075897179,D3:F4:55:AB:96:20,-57
BLE,1705561615085047589,DF:DF:EE:00:00:04,-36
BLE,1705561615264902008,D3:F4:55:AB:96:20,-59
BLE,1705561615463528907,D3:F4:55:AB:96:20,-58
BLE,1705561615542555940,DF:DF:EE:00:00:04,-36
BLE,1705561615654601456,D3:F4:55:AB:96:20,-56
BLE,1705561616076733315,DF:DF:EE:00:00:04,-35
BLE,1705561616420853876,D3:F4:55:AB:96:20,-56
BLE,1705561616615808203,D3:F4:55:AB:96:20,-59
BLE,1705561616807964070,D3:F4:55:AB:96:20,-57
BLE,1705561616998361879,D3:F4:55:AB:96:20,-59
BLE,1705561617079635962,DF:DF:EE:00:00:04,-40
BLE,1705561617191456774,D3:F4:55:AB:96:20,-58
BLE,1705561617382270619,D3:F4:55:AB:96:20,-59
BLE,1705561617571654526,D3:F4:55:AB:96:20,-56
BLE,1705561617760902810,D3:F4:55:AB:96:20,-44
BLE,1705561618086348264,DF:DF:EE:00:00:04,-36
BLE,1705561618145979825,D3:F4:55:AB:96:20,-59
BLE,1705561618336392884,D3:F4:55:AB:96:20,-40
BLE,1705561618530820802,D3:F4:55:AB:96:20,-59
BLE,1705561618917948787,D3:F4:55:AB:96:20,-55
BLE,1705561619078137738,DF:DF:EE:00:00:04,-35
BLE,1705561619107996768,D3:F4:55:AB:96:20,-56
BLE,1705561619298411035,D3:F4:55:AB:96:20,-56
BLE,1705561619540246689,DF:DF:EE:00:00:04,-34
BLE,1705561619682410857,D3:F4:55:AB:96:20,-56
BLE,1705561620256074124,D3:F4:55:AB:96:20,-56
BLE,1705561620541510819,DF:DF:EE:00:00:04,-36
BLE,1705561620543059630,DF:DF:EE:00:00:04,-38
BLE,1705561620635543303,D3:F4:55:AB:96:20,-58
BLE,1705561621083497582,DF:DF:EE:00:00:04,-39
BLE,1705561621788315216,D3:F4:55:AB:96:20,-59
BLE,1705561622080828643,DF:DF:EE:00:00:04,-35
BLE,1705561622536878973,DF:DF:EE:00:00:04,-34
BLE,1705561622558459371,D3:F4:55:AB:96:20,-60
BLE,1705561622750954984,D3:F4:55:AB:96:20,-57
BLE,1705561622944467748,D3:F4:55:AB:96:20,-55
BLE,1705561623086502709,DF:DF:EE:00:00:04,-39
BLE,1705561623135654004,D3:F4:55:AB:96:20,-58
BLE,1705561623523707726,D3:F4:55:AB:96:20,-60
BLE,1705561623543175280,DF:DF:EE:00:00:04,-35
BLE,1705561623906347193,D3:F4:55:AB:96:20,-57
BLE,1705561624100235993,D3:F4:55:AB:96:20,-58
BLE,1705561624289381904,D3:F4:55:AB:96:20,-59
BLE,1705561624537361761,DF:DF:EE:00:00:04,-35
BLE,1705561624680330293,D3:F4:55:AB:96:20,-55
BLE,1705561624871791795,D3:F4:55:AB:96:20,-59
BLE,1705561624943714888,DF:A6:DC:DC:2E:81,-64
BLE,1705561624943742096,DF:DF:EE:00:00:01,-64
BLE,1705561625068374224,D3:F4:55:AB:96:20,-58
BLE,1705561625082843391,DF:DF:EE:00:00:04,-36
BLE,1705561625256637522,D3:F4:55:AB:96:20,-59
BLE,1705561625449386339,D3:F4:55:AB:96:20,-57
BLE,1705561625643867422,D3:F4:55:AB:96:20,-56
BLE,1705561625833714239,D3:F4:55:AB:96:20,-58
BLE,1705561626026536472,D3:F4:55:AB:96:20,-47
BLE,1705561626410032176,D3:F4:55:AB:96:20,-50
BLE,1705561626539808855,DF:DF:EE:00:00:04,-34
BLE,1705561626984408266,D3:F4:55:AB:96:20,-57
BLE,1705561627079943978,DF:DF:EE:00:00:04,-35
BLE,1705561627174064169,D3:F4:55:AB:96:20,-56
BLE,1705561627366910443,D3:F4:55:AB:96:20,-57
BLE,1705561627545135843,DF:DF:EE:00:00:04,-39
BLE,1705561627560798660,D3:F4:55:AB:96:20,-56
BLE,1705561627950269654,D3:F4:55:AB:96:20,-58
BLE,1705561628086645988,DF:DF:EE:00:00:04,-40
BLE,1705561628135779325,D3:F4:55:AB:96:20,-59
BLE,1705561628538937205,DF:DF:EE:00:00:04,-34
BLE,1705561628707672200,D3:F4:55:AB:96:20,-56
BLE,1705561628902463571,D3:F4:55:AB:96:20,-59
BLE,1705561629086148227,DF:DF:EE:00:00:04,-36
BLE,1705561629091086406,D3:F4:55:AB:96:20,-56
BLE,1705561629281232552,D3:F4:55:AB:96:20,-60
BLE,1705561629480088531,D3:F4:55:AB:96:20,-58
BLE,1705561629546326247,DF:DF:EE:00:00:04,-38
BLE,1705561629668606075,D3:F4:55:AB:96:20,-59
BLE,1705561629860155076,D3:F4:55:AB:96:20,-58
BLE,1705561630045794662,D3:F4:55:AB:96:20,-59
BLE,1705561630084578564,DF:DF:EE:00:00:04,-39
BLE,1705561630239175553,D3:F4:55:AB:96:20,-56
BLE,1705561630623787075,D3:F4:55:AB:96:20,-58
BLE,1705561630812314369,D3:F4:55:AB:96:20,-59
BLE,1705561631198244455,D3:F4:55:AB:96:20,-60
BLE,1705561631592727294,D3:F4:55:AB:96:20,-58
BLE,1705561631782022785,D3:F4:55:AB:96:20,-59
BLE,1705561631979479034,D3:F4:55:AB:96:20,-58
BLE,1705561632081691609,DF:DF:EE:00:00:04,-34
BLE,1705561632168785234,D3:F4:55:AB:96:20,-55
BLE,1705561632361643258,D3:F4:55:AB:96:20,-56
BLE,1705561632553869999,D3:F4:55:AB:96:20,-56
BLE,1705561632589217825,DF:A6:DC:DC:2E:81,-64
BLE,1705561632589252866,DF:DF:EE:00:00:01,-64
BLE,1705561632944619933,D3:F4:55:AB:96:20,-58
BLE,1705561633139923088,D3:F4:55:AB:96:20,-54
BLE,1705561633523833203,D3:F4:55:AB:96:20,-56
BLE,1705561633537669004,DF:DF:EE:00:00:04,-35
BLE,1705561633714952960,D3:F4:55:AB:96:20,-59
BLE,1705561633908897468,D3:F4:55:AB:96:20,-58
BLE,1705561634075479494,DF:DF:EE:00:00:04,-34
BLE,1705561634097568760,D3:F4:55:AB:96:20,-53
BLE,1705561634287807030,D3:F4:55:AB:96:20,-54
BLE,1705561634538978675,DF:DF:EE:00:00:04,-39
BLE,1705561634666295431,D3:F4:55:AB:96:20,-50
BLE,1705561635052526096,D3:F4:55:AB:96:20,-56
BLE,1705561635082297252,DF:DF:EE:00:00:04,-39
BLE,1705561635137117882,DF:A6:DC:DC:2E:81,-65
BLE,1705561635137145840,DF:DF:EE:00:00:01,-65
BLE,1705561635246343731,D3:F4:55:AB:96:20,-59
BLE,1705561635438854302,D3:F4:55:AB:96:20,-42
BLE,1705561635540160348,DF:DF:EE:00:00:04,-34
BLE,1705561635626358069,D3:F4:55:AB:96:20,-74
BLE,1705561635820959734,D3:F4:55:AB:96:20,-58
BLE,1705561636010166185,D3:F4:55:AB:96:20,-60
BLE,1705561636086298176,DF:DF:EE:00:00:04,-35
BLE,1705561636537617115,DF:DF:EE:00:00:04,-35
BLE,1705561636594208595,D3:F4:55:AB:96:20,-59
BLE,1705561636794040810,D3:F4:55:AB:96:20,-58
BLE,1705561636980859962,D3:F4:55:AB:96:20,-59
BLE,1705561637085095591,DF:DF:EE:00:00:04,-39
BLE,1705561637173738861,D3:F4:55:AB:96:20,-58
BLE,1705561637367399165,D3:F4:55:AB:96:20,-56
BLE,1705561637559310535,D3:F4:55:AB:96:20,-57
BLE,1705561637745874816,D3:F4:55:AB:96:20,-59
BLE,1705561638080031937,DF:DF:EE:00:00:04,-41
BLE,1705561638139049256,D3:F4:55:AB:96:20,-52
BLE,1705561638547439270,DF:DF:EE:00:00:04,-38
BLE,1705561638718883601,D3:F4:55:AB:96:20,-55
BLE,1705561638957636550,DF:A6:DC:DC:2E:81,-64
BLE,1705561638957669799,DF:DF:EE:00:00:01,-64
BLE,1705561639075982893,DF:DF:EE:00:00:04,-35
BLE,1705561639291520133,D3:F4:55:AB:96:20,-58
BLE,1705561639477660086,D3:F4:55:AB:96:20,-59
BLE,1705561639673418902,D3:F4:55:AB:96:20,-58
BLE,1705561640061040880,D3:F4:55:AB:96:20,-59
BLE,1705561640636370706,D3:F4:55:AB:96:20,-41
BLE,1705561640823489396,D3:F4:55:AB:96:20,-59
BLE,1705561641021445638,D3:F4:55:AB:96:20,-58
BLE,1705561641078989187,DF:DF:EE:00:00:04,-35
BLE,1705561641502692023,DF:A6:DC:DC:2E:81,-65
BLE,1705561641502730647,DF:DF:EE:00:00:01,-65
BLE,1705561641586499153,D3:F4:55:AB:96:20,-58
BLE,1705561641784023777,D3:F4:55:AB:96:20,-58
BLE,1705561641974803538,D3:F4:55:AB:96:20,-43
BLE,1705561642081340926,DF:DF:EE:00:00:04,-38
BLE,1705561642370166781,D3:F4:55:AB:96:20,-58
BLE,1705561642538755695,DF:DF:EE:00:00:04,-34
BLE,1705561642556363483,D3:F4:55:AB:96:20,-60
BLE,1705561642755155297,D3:F4:55:AB:96:20,-57
BLE,1705561642950004417,D3:F4:55:AB:96:20,-56
BLE,1705561643075016706,DF:DF:EE:00:00:04,-34
BLE,1705561643541695925,DF:DF:EE:00:00:04,-38
BLE,1705561643708673987,D3:F4:55:AB:96:20,-59
BLE,1705561643901372346,D3:F4:55:AB:96:20,-58
BLE,1705561644082007212,DF:DF:EE:00:00:04,-36
BLE,1705561644088852156,D3:F4:55:AB:96:20,-59
BLE,1705561644279410504,D3:F4:55:AB:96:20,-56
BLE,1705561644469141448,D3:F4:55:AB:96:20,-59
BLE,1705561644537363427,DF:DF:EE:00:00:04,-35
BLE,1705561644665513171,D3:F4:55:AB:96:20,-56
BLE,1705561645055431783,D3:F4:55:AB:96:20,-59
BLE,1705561645076508606,DF:DF:EE:00:00:04,-35
BLE,1705561645252789867,D3:F4:55:AB:96:20,-58
BLE,1705561645441135831,D3:F4:55:AB:96:20,-60
BLE,1705561645633809649,D3:F4:55:AB:96:20,-58
BLE,1705561645823477802,D3:F4:55:AB:96:20,-59
BLE,1705561646015392089,D3:F4:55:AB:96:20,-58
BLE,1705561646083864981,DF:DF:EE:00:00:04,-40
BLE,1705561646210368957,D3:F4:55:AB:96:20,-56
BLE,1705561646403803848,D3:F4:55:AB:96:20,-60
BLE,1705561646589775720,DF:A6:DC:DC:2E:81,-64
BLE,1705561646589810512,DF:DF:EE:00:00:01,-64
BLE,1705561646592926467,D3:F4:55:AB:96:20,-54
BLE,1705561646783459732,D3:F4:55:AB:96:20,-57
BLE,1705561646972358313,D3:F4:55:AB:96:20,-57
BLE,1705561647356589007,D3:F4:55:AB:96:20,-56
BLE,1705561647536461133,DF:DF:EE:00:00:04,-35
BLE,1705561647545411922,D3:F4:55:AB:96:20,-57
BLE,1705561647933968345,D3:F4:55:AB:96:20,-59
BLE,1705561648124156949,D3:F4:55:AB:96:20,-56
BLE,1705561648504435574,D3:F4:55:AB:96:20,-55
BLE,1705561648542916397,DF:DF:EE:00:00:04,-34
BLE,1705561648696035991,D3:F4:55:AB:96:20,-57
BLE,1705561648881337498,D3:F4:55:AB:96:20,-59
BLE,1705561649274296275,D3:F4:55:AB:96:20,-56
BLE,1705561649467830831,D3:F4:55:AB:96:20,-59
BLE,1705561649542024974,DF:DF:EE:00:00:04,-35
BLE,1705561649659900491,D3:F4:55:AB:96:20,-57
BLE,1705561649846630019,D3:F4:55:AB:96:20,-59
BLE,1705561650039164714,D3:F4:55:AB:96:20,-54
BLE,1705561650081686854,DF:DF:EE:00:00:04,-36
BLE,1705561650229230445,D3:F4:55:AB:96:20,-44
BLE,1705561650410442219,DF:A6:DC:DC:2E:81,-64
BLE,1705561650410473260,DF:DF:EE:00:00:01,-64
BLE,1705561650428741498,D3:F4:55:AB:96:20,-57
BLE,1705561650622450551,D3:F4:55:AB:96:20,-55
BLE,1705561651006859492,D3:F4:55:AB:96:20,-56
BLE,1705561651077324481,DF:DF:EE:00:00:04,-39
BLE,1705561651200709044,D3:F4:55:AB:96:20,-58
BLE,1705561651396123072,D3:F4:55:AB:96:20,-57
BLE,1705561651543680954,DF:DF:EE:00:00:04,-36
BLE,1705561651587767030,D3:F4:55:AB:96:20,-56
BLE,1705561651776748651,D3:F4:55:AB:96:20,-58
BLE,1705561651963005478,D3:F4:55:AB:96:20,-59
BLE,1705561652075767193,DF:DF:EE:00:00:04,-34
BLE,1705561652160737140,D3:F4:55:AB:96:20,-58
BLE,1705561652348173408,D3:F4:55:AB:96:20,-59
BLE,1705561652540762269,D3:F4:55:AB:96:20,-57
BLE,1705561652734849400,D3:F4:55:AB:96:20,-56
BLE,1705561652926626148,D3:F4:55:AB:96:20,-58
BLE,1705561653119273091,D3:F4:55:AB:96:20,-56
BLE,1705561653311758079,D3:F4:55:AB:96:20,-59
BLE,1705561653543754541,DF:DF:EE:00:00:04,-35
BLE,1705561653698583152,D3:F4:55:AB:96:20,-57
BLE,1705561653892953987,D3:F4:55:AB:96:20,-73
BLE,1705561654080837791,D3:F4:55:AB:96:20,-60
BLE,1705561654275464873,D3:F4:55:AB:96:20,-57
BLE,1705561654545187710,DF:DF:EE:00:00:04,-38
BLE,1705561654664288250,D3:F4:55:AB:96:20,-59
BLE,1705561655082752495,DF:DF:EE:00:00:04,-38
BLE,1705561655434520654,D3:F4:55:AB:96:20,-55
BLE,1705561655540519591,DF:DF:EE:00:00:04,-34
BLE,1705561655628502079,D3:F4:55:AB:96:20,-59
BLE,1705561655824411142,D3:F4:55:AB:96:20,-58
BLE,1705561656082246066,DF:DF:EE:00:00:04,-35
BLE,1705561656582776008,D3:F4:55:AB:96:20,-56
BLE,1705561656771772920,D3:F4:55:AB:96:20,-58
BLE,1705561656968397723,D3:F4:55:AB:96:20,-56
BLE,1705561657085524251,DF:DF:EE:00:00:04,-39
BLE,1705561657163701462,D3:F4:55:AB:96:20,-59
BLE,1705561657354762011,D3:F4:55:AB:96:20,-41
BLE,1705561657541229419,DF:DF:EE:00:00:04,-34
BLE,1705561657740019315,D3:F4:55:AB:96:20,-57
BLE,1705561657928722024,D3:F4:55:AB:96:20,-58
BLE,1705561658081303084,DF:DF:EE:00:00:04,-35
BLE,1705561658121959375,D3:F4:55:AB:96:20,-56
BLE,1705561658542517298,DF:DF:EE:00:00:04,-34
BLE,1705561658705206088,D3:F4:55:AB:96:20,-58
BLE,1705561658891853701,D3:F4:55:AB:96:20,-60
BLE,1705561659079297719,DF:DF:EE:00:00:04,-36
BLE,1705561659270606973,D3:F4:55:AB:96:20,-58
BLE,1705561659458057616,D3:F4:55:AB:96:20,-59
BLE,1705561659539197035,DF:DF:EE:00:00:04,-38
BLE,1705561659651790377,D3:F4:55:AB:96:20,-58
BLE,1705561659838746944,D3:F4:55:AB:96:20,-58
BLE,1705561660034279346,D3:F4:55:AB:96:20,-58
BLE,1705561660223094720,D3:F4:55:AB:96:20,-59
BLE,1705561660419511776,D3:F4:55:AB:96:20,-58
BLE,1705561660541707105,DF:DF:EE:00:00:04,-34
BLE,1705561661075601734,DF:DF:EE:00:00:04,-36
BLE,1705561661192026147,D3:F4:55:AB:96:20,-59
BLE,1705561661383266985,D3:F4:55:AB:96:20,-58
BLE,1705561661537091361,DF:DF:EE:00:00:04,-36
BLE,1705561661570166553,D3:F4:55:AB:96:20,-59
BLE,1705561661763952938,D3:F4:55:AB:96:20,-58
BLE,1705561661864265040,DF:A6:DC:DC:2E:81,-64
BLE,1705561661864294582,DF:DF:EE:00:00:01,-64
BLE,1705561662082352494,DF:DF:EE:00:00:04,-39
BLE,1705561662146970691,D3:F4:55:AB:96:20,-57
BLE,1705561662334248545,D3:F4:55:AB:96:20,-59
BLE,1705561662524794560,D3:F4:55:AB:96:20,-54
BLE,1705561662536392977,DF:DF:EE:00:00:04,-35
BLE,1705561662914027891,D3:F4:55:AB:96:20,-57
BLE,1705561663084501902,DF:DF:EE:00:00:04,-36
BLE,1705561663101508408,D3:F4:55:AB:96:20,-59
BLE,1705561663493150996,D3:F4:55:AB:96:20,-56
BLE,1705561663546511480,DF:DF:EE:00:00:04,-39
BLE,1705561663689397096,D3:F4:55:AB:96:20,-60
BLE,1705561663883820180,D3:F4:55:AB:96:20,-56
BLE,1705561664069284269,D3:F4:55:AB:96:20,-59
BLE,1705561664084164097,DF:DF:EE:00:00:04,-38
BLE,1705561664261986128,D3:F4:55:AB:96:20,-58
BLE,1705561664450890083,D3:F4:55:AB:96:20,-59
BLE,1705561664539799807,DF:DF:EE:00:00:04,-36
BLE,1705561664646878854,D3:F4:55:AB:96:20,-58
BLE,1705561664832770394,D3:F4:55:AB:96:20,-60
BLE,1705561665023249494,D3:F4:55:AB:96:20,-54
BLE,1705561665076786059,DF:DF:EE:00:00:04,-39
BLE,1705561665546186239,DF:DF:EE:00:00:04,-39
BLE,1705561665790241569,D3:F4:55:AB:96:20,-56
BLE,1705561666079456252,DF:DF:EE:00:00:04,-35
BLE,1705561666169609458,D3:F4:55:AB:96:20,-55
BLE,1705561666358241292,D3:F4:55:AB:96:20,-56
BLE,1705561666537062434,DF:DF:EE:00:00:04,-39
BLE,1705561666740927550,D3:F4:55:AB:96:20,-58
BLE,1705561666928718813,D3:F4:55:AB:96:20,-58
BLE,1705561667081907156,DF:DF:EE:00:00:04,-35
BLE,1705561667316430207,D3:F4:55:AB:96:20,-56
BLE,1705561667507399758,D3:F4:55:AB:96:20,-58
BLE,1705561667540265661,DF:DF:EE:00:00:04,-36
BLE,1705561668079380590,DF:DF:EE:00:00:04,-36
BLE,1705561668230689043,DF:A6:DC:DC:2E:81,-63
BLE,1705561668230722126,DF:DF:EE:00:00:01,-63
BLE,1705561668275262029,D3:F4:55:AB:96:20,-59
BLE,1705561668473232021,D3:F4:55:AB:96:20,-58
BLE,1705561668542185781,DF:DF:EE:00:00:04,-39
BLE,1705561668662717135,D3:F4:55:AB:96:20,-59
BLE,1705561668664056907,D3:F4:55:AB:96:20,-56
BLE,1705561668855967611,D3:F4:55:AB:96:20,-58
BLE,1705561669042213146,D3:F4:55:AB:96:20,-57
BLE,1705561669234590594,D3:F4:55:AB:96:20,-58
BLE,1705561669424903737,D3:F4:55:AB:96:20,-59
BLE,1705561669535653398,DF:DF:EE:00:00:04,-35
BLE,1705561669620767343,D3:F4:55:AB:96:20,-42
BLE,1705561669816412160,D3:F4:55:AB:96:20,-55
BLE,1705561670008609818,D3:F4:55:AB:96:20,-59
BLE,1705561670392831429,D3:F4:55:AB:96:20,-59
BLE,1705561670535842793,DF:DF:EE:00:00:04,-36
BLE,1705561670972325820,D3:F4:55:AB:96:20,-58
BLE,1705561671075388258,DF:DF:EE:00:00:04,-35
BLE,1705561671354083299,D3:F4:55:AB:96:20,-58
BLE,1705561671538062826,DF:DF:EE:00:00:04,-35
BLE,1705561672077160880,DF:DF:EE:00:00:04,-47
BLE,1705561672122578312,D3:F4:55:AB:96:20,-59
BLE,1705561672319868730,D3:F4:55:AB:96:20,-74
BLE,1705561672509393260,D3:F4:55:AB:96:20,-60
BLE,1705561672535860213,DF:DF:EE:00:00:04,-35
BLE,1705561672901810878,D3:F4:55:AB:96:20,-58
BLE,1705561673084018221,DF:DF:EE:00:00:04,-37
BLE,1705561673090913997,D3:F4:55:AB:96:20,-59
BLE,1705561673281068768,D3:F4:55:AB:96:20,-40
BLE,1705561673476102386,D3:F4:55:AB:96:20,-59
BLE,1705561673667993173,D3:F4:55:AB:96:20,-58
BLE,1705561674045774710,D3:F4:55:AB:96:20,-56
BLE,1705561674076670266,DF:DF:EE:00:00:04,-39
BLE,1705561674237122588,D3:F4:55:AB:96:20,-59
BLE,1705561674434498006,D3:F4:55:AB:96:20,-58
BLE,1705561674542176210,DF:DF:EE:00:00:04,-36
BLE,1705561674628159934,D3:F4:55:AB:96:20,-55
BLE,1705561675013458905,D3:F4:55:AB:96:20,-56
BLE,1705561675078012228,DF:DF:EE:00:00:04,-35
BLE,1705561675209123680,D3:F4:55:AB:96:20,-59
BLE,1705561675402529779,D3:F4:55:AB:96:20,-58
BLE,1705561675541720656,DF:DF:EE:00:00:04,-34
BLE,1705561675594643855,D3:F4:55:AB:96:20,-55
BLE,1705561675987853253,D3:F4:55:AB:96:20,-58
BLE,1705561676081613366,DF:DF:EE:00:00:04,-34
BLE,1705561676375762686,D3:F4:55:AB:96:20,-59
BLE,1705561676535764765,DF:DF:EE:00:00:04,-34
BLE,1705561676570928926,D3:F4:55:AB:96:20,-58
BLE,1705561676758022366,D3:F4:55:AB:96:20,-57
BLE,1705561677074272744,DF:DF:EE:00:00:04,-35
BLE,1705561677537433763,DF:DF:EE:00:00:04,-39
BLE,1705561677718275751,D3:F4:55:AB:96:20,-58
BLE,1705561678104935994,D3:F4:55:AB:96:20,-58
BLE,1705561678290979198,D3:F4:55:AB:96:20,-60
BLE,1705561678482075539,D3:F4:55:AB:96:20,-58
BLE,1705561678873833333,D3:F4:55:AB:96:20,-59
BLE,1705561679066692774,D3:F4:55:AB:96:20,-58
BLE,1705561679081728141,DF:DF:EE:00:00:04,-33
BLE,1705561679537156063,DF:DF:EE:00:00:04,-35
BLE,1705561679641010781,D3:F4:55:AB:96:20,-57
BLE,1705561679836056565,D3:F4:55:AB:96:20,-58
BLE,1705561680021778941,D3:F4:55:AB:96:20,-59
BLE,1705561680077053398,DF:DF:EE:00:00:04,-36
BLE,1705561680411421391,D3:F4:55:AB:96:20,-55
BLE,1705561680542894920,DF:DF:EE:00:00:04,-34
BLE,1705561680600907421,D3:F4:55:AB:96:20,-58
BLE,1705561681078584649,DF:DF:EE:00:00:04,-35
BLE,1705561681543303854,DF:DF:EE:00:00:04,-40
BLE,1705561681561652424,D3:F4:55:AB:96:20,-55
BLE,1705561681754954275,D3:F4:55:AB:96:20,-59
BLE,1705561681951787741,D3:F4:55:AB:96:20,-58
BLE,1705561682076245122,DF:DF:EE:00:00:04,-36
BLE,1705561682138018527,D3:F4:55:AB:96:20,-60
BLE,1705561682228472145,DF:A6:DC:DC:2E:81,-64
BLE,1705561682228500812,DF:DF:EE:00:00:01,-64
BLE,1705561682528599755,D3:F4:55:AB:96:20,-56
BLE,1705561682905579094,D3:F4:55:AB:96:20,-59
BLE,1705561683096116068,D3:F4:55:AB:96:20,-58
BLE,1705561683283442296,D3:F4:55:AB:96:20,-59
BLE,1705561683477181182,D3:F4:55:AB:96:20,-57
BLE,1705561683539855449,DF:DF:EE:00:00:04,-35
BLE,1705561683668791224,D3:F4:55:AB:96:20,-59
BLE,1705561683860898841,D3:F4:55:AB:96:20,-57
BLE,1705561684081706797,DF:DF:EE:00:00:04,-36
BLE,1705561684244597460,D3:F4:55:AB:96:20,-58
BLE,1705561684434670315,D3:F4:55:AB:96:20,-59
BLE,1705561684629801848,D3:F4:55:AB:96:20,-58
BLE,1705561684769829088,DF:A6:DC:DC:2E:81,-64
BLE,1705561684769860588,DF:DF:EE:00:00:01,-64
BLE,1705561684823654816,D3:F4:55:AB:96:20,-54
BLE,1705561685079565601,DF:DF:EE:00:00:04,-40
BLE,1705561685393123976,D3:F4:55:AB:96:20,-56
BLE,1705561685542769745,DF:DF:EE:00:00:04,-36
BLE,1705561685968720840,D3:F4:55:AB:96:20,-56
BLE,1705561686079989909,DF:DF:EE:00:00:04,-36
BLE,1705561687074324472,DF:DF:EE:00:00:04,-36
BLE,1705561687312255390,D3:F4:55:AB:96:20,-59
BLE,1705561687509936387,D3:F4:55:AB:96:20,-56
BLE,1705561687543565404,DF:DF:EE:00:00:04,-36
BLE,1705561687696516542,D3:F4:55:AB:96:20,-59
BLE,1705561688080677820,DF:DF:EE:00:00:04,-34
BLE,1705561688082041092,DF:DF:EE:00:00:04,-36
BLE,1705561688084735554,D3:F4:55:AB:96:20,-55
BLE,1705561688476278226,D3:F4:55:AB:96:20,-42
BLE,1705561688534795136,DF:DF:EE:00:00:04,-36
BLE,1705561688594746109,DF:A6:DC:DC:2E:81,-64
BLE,1705561688594779942,DF:DF:EE:00:00:01,-64
BLE,1705561689053738521,D3:F4:55:AB:96:20,-56
BLE,1705561689080060435,DF:DF:EE:00:00:04,-39
BLE,1705561689248750848,D3:F4:55:AB:96:20,-59
BLE,1705561689445568689,D3:F4:55:AB:96:20,-58
BLE,1705561689538573480,DF:DF:EE:00:00:04,-34
BLE,1705561689632480840,D3:F4:55:AB:96:20,-59
BLE,1705561689824889245,D3:F4:55:AB:96:20,-42
BLE,1705561690078655978,DF:DF:EE:00:00:04,-35
BLE,1705561690395069312,D3:F4:55:AB:96:20,-59
BLE,1705561690540680722,DF:DF:EE:00:00:04,-35
BLE,1705561690587699756,D3:F4:55:AB:96:20,-58
BLE,1705561691074847264,DF:DF:EE:00:00:04,-35
BLE,1705561691139702958,DF:A6:DC:DC:2E:81,-63
BLE,1705561691139731208,DF:DF:EE:00:00:01,-63
BLE,1705561691168159883,D3:F4:55:AB:96:20,-45
BLE,1705561691362106225,D3:F4:55:AB:96:20,-43
BLE,1705561691537719496,DF:DF:EE:00:00:04,-39
BLE,1705561691554808501,D3:F4:55:AB:96:20,-58
BLE,1705561691745831759,D3:F4:55:AB:96:20,-60
BLE,1705561691940952542,D3:F4:55:AB:96:20,-58
BLE,1705561692134178019,D3:F4:55:AB:96:20,-54
BLE,1705561692323253680,D3:F4:55:AB:96:20,-58
BLE,1705561692511434021,D3:F4:55:AB:96:20,-59
BLE,1705561692544909249,DF:DF:EE:00:00:04,-39
BLE,1705561692703753178,D3:F4:55:AB:96:20,-58
BLE,1705561692893250666,D3:F4:55:AB:96:20,-60
BLE,1705561693072691174,DF:DF:EE:00:00:04,-35
BLE,1705561693086757431,D3:F4:55:AB:96:20,-57
BLE,1705561693276248461,D3:F4:55:AB:96:20,-57
BLE,1705561693471791488,D3:F4:55:AB:96:20,-58
BLE,1705561693657547239,D3:F4:55:AB:96:20,-59
BLE,1705561693854998613,D3:F4:55:AB:96:20,-58
BLE,1705561694042406340,D3:F4:55:AB:96:20,-57
BLE,1705561694079469808,DF:DF:EE:00:00:04,-38
BLE,1705561694542559287,DF:DF:EE:00:00:04,-36
BLE,1705561694620812039,D3:F4:55:AB:96:20,-58
BLE,1705561694817827086,D3:F4:55:AB:96:20,-57
BLE,1705561694964891517,DF:A6:DC:DC:2E:81,-62
BLE,1705561694964920892,DF:DF:EE:00:00:01,-62
BLE,1705561695074604817,DF:DF:EE:00:00:04,-35
BLE,1705561695542065900,DF:DF:EE:00:00:04,-39
BLE,1705561696074231554,DF:DF:EE:00:00:04,-35
BLE,1705561696369577773,D3:F4:55:AB:96:20,-58
BLE,1705561696542384460,DF:DF:EE:00:00:04,-35
BLE,1705561696950574185,D3:F4:55:AB:96:20,-56
BLE,1705561697079247005,DF:DF:EE:00:00:04,-34
BLE,1705561697140179672,D3:F4:55:AB:96:20,-58
BLE,1705561697525295770,D3:F4:55:AB:96:20,-60
BLE,1705561697539569023,DF:DF:EE:00:00:04,-39
BLE,1705561698077038934,DF:DF:EE:00:00:04,-35
BLE,1705561698097474474,D3:F4:55:AB:96:20,-56
BLE,1705561698286723633,D3:F4:55:AB:96:20,-58
BLE,1705561698867112220,D3:F4:55:AB:96:20,-57
BLE,1705561699077810988,DF:DF:EE:00:00:04,-34
BLE,1705561699248350457,D3:F4:55:AB:96:20,-56
BLE,1705561699543559595,DF:DF:EE:00:00:04,-39
BLE,1705561699822402385,D3:F4:55:AB:96:20,-57
BLE,1705561700019507806,D3:F4:55:AB:96:20,-58
BLE,1705561700084754453,DF:DF:EE:00:00:04,-40
BLE,1705561700212152166,D3:F4:55:AB:96:20,-56
BLE,1705561700598073960,D3:F4:55:AB:96:20,-56
BLE,1705561700984930366,D3:F4:55:AB:96:20,-58
BLE,1705561701172418134,D3:F4:55:AB:96:20,-59
BLE,1705561701328591018,DF:A6:DC:DC:2E:81,-64
BLE,1705561701328630975,DF:DF:EE:00:00:01,-64
BLE,1705561701366170853,D3:F4:55:AB:96:20,-58
BLE,1705561701561592715,D3:F4:55:AB:96:20,-55
BLE,1705561701948037711,D3:F4:55:AB:96:20,-56
BLE,1705561702139737418,D3:F4:55:AB:96:20,-59
BLE,1705561702330896966,D3:F4:55:AB:96:20,-56
BLE,1705561702332227238,D3:F4:55:AB:96:20,-58
BLE,1705561702524024819,D3:F4:55:AB:96:20,-59
BLE,1705561702720227836,D3:F4:55:AB:96:20,-58
BLE,1705561702907619397,D3:F4:55:AB:96:20,-59
BLE,1705561703077777913,DF:DF:EE:00:00:04,-40
BLE,1705561703482392939,D3:F4:55:AB:96:20,-57
BLE,1705561703537796519,DF:DF:EE:00:00:04,-35
BLE,1705561703668468519,D3:F4:55:AB:96:20,-59
BLE,1705561703859841939,D3:F4:55:AB:96:20,-56
BLE,1705561704050681991,D3:F4:55:AB:96:20,-59
BLE,1705561704249405681,D3:F4:55:AB:96:20,-58
BLE,1705561704435425803,D3:F4:55:AB:96:20,-69
BLE,1705561704541283909,DF:DF:EE:00:00:04,-38
BLE,1705561704627293091,D3:F4:55:AB:96:20,-57
BLE,1705561704816727997,D3:F4:55:AB:96:20,-59
BLE,1705561705202154340,D3:F4:55:AB:96:20,-59
BLE,1705561705399703713,D3:F4:55:AB:96:20,-59
BLE,1705561705542270917,DF:DF:EE:00:00:04,-36
BLE,1705561705590968093,D3:F4:55:AB:96:20,-56
BLE,1705561705782785049,D3:F4:55:AB:96:20,-59
BLE,1705561705979072065,D3:F4:55:AB:96:20,-58
BLE,1705561706077419403,DF:DF:EE:00:00:04,-48
BLE,1705561706164818149,D3:F4:55:AB:96:20,-60
BLE,1705561706357871003,D3:F4:55:AB:96:20,-55
BLE,1705561706414113821,DF:A6:DC:DC:2E:81,-64
BLE,1705561706414140904,DF:DF:EE:00:00:01,-64
BLE,1705561706553597736,D3:F4:55:AB:96:20,-59
BLE,1705561706744211958,D3:F4:55:AB:96:20,-56
BLE,1705561707082311523,DF:DF:EE:00:00:04,-40
BLE,1705561707328067704,D3:F4:55:AB:96:20,-57
BLE,1705561707540391990,DF:DF:EE:00:00:04,-35
BLE,1705561707713802376,D3:F4:55:AB:96:20,-56
BLE,1705561707901685888,D3:F4:55:AB:96:20,-59
BLE,1705561708096100348,D3:F4:55:AB:96:20,-58
BLE,1705561708281659268,D3:F4:55:AB:96:20,-60
BLE,1705561708472389905,D3:F4:55:AB:96:20,-54
BLE,1705561708543979170,DF:DF:EE:00:00:04,-39
BLE,1705561708859550015,D3:F4:55:AB:96:20,-57
BLE,1705561708957296071,DF:A6:DC:DC:2E:81,-65
BLE,1705561708957326112,DF:DF:EE:00:00:01,-65
BLE,1705561709076477194,DF:DF:EE:00:00:04,-35
BLE,1705561709245304604,D3:F4:55:AB:96:20,-56
BLE,1705561709435503416,D3:F4:55:AB:96:20,-55
BLE,1705561709537915071,DF:DF:EE:00:00:04,-40
BLE,1705561709626845586,D3:F4:55:AB:96:20,-58
BLE,1705561709814087607,D3:F4:55:AB:96:20,-43
BLE,1705561710008298695,D3:F4:55:AB:96:20,-58
BLE,1705561710081137483,DF:DF:EE:00:00:04,-34
BLE,1705561710201746419,D3:F4:55:AB:96:20,-56
BLE,1705561710395407056,D3:F4:55:AB:96:20,-59
BLE,1705561710539334282,DF:DF:EE:00:00:04,-35
BLE,1705561710592929304,D3:F4:55:AB:96:20,-42
BLE,1705561710782881662,D3:F4:55:AB:96:20,-68
BLE,1705561710975234818,D3:F4:55:AB:96:20,-58
BLE,1705561711077751805,DF:DF:EE:00:00:04,-35
BLE,1705561711161568560,D3:F4:55:AB:96:20,-60
BLE,1705561711358063240,D3:F4:55:AB:96:20,-41
BLE,1705561711930348860,D3:F4:55:AB:96:20,-59
BLE,1705561712075199156,DF:DF:EE:00:00:04,-39
BLE,1705561712127400157,D3:F4:55:AB:96:20,-60
BLE,1705561712532787963,DF:DF:EE:00:00:04,-35
BLE,1705561712704928243,D3:F4:55:AB:96:20,-56
BLE,1705561712780499950,DF:A6:DC:DC:2E:81,-65
BLE,1705561712780528741,DF:DF:EE:00:00:01,-65
BLE,1705561712900412020,D3:F4:55:AB:96:20,-56
BLE,1705561713092370765,D3:F4:55:AB:96:20,-42
BLE,1705561713287332884,D3:F4:55:AB:96:20,-56
BLE,1705561713540300003,DF:DF:EE:00:00:04,-22
BLE,1705561713856484299,D3:F4:55:AB:96:20,-58
BLE,1705561714049836190,D3:F4:55:AB:96:20,-56
BLE,1705561714431518837,D3:F4:55:AB:96:20,-56
BLE,1705561714624932395,D3:F4:55:AB:96:20,-59
BLE,1705561715011693677,D3:F4:55:AB:96:20,-59
BLE,1705561715208670267,D3:F4:55:AB:96:20,-58
BLE,1705561715325281010,DF:A6:DC:DC:2E:81,-63
BLE,1705561715325308926,DF:DF:EE:00:00:01,-63
BLE,1705561715395221048,D3:F4:55:AB:96:20,-57
BLE,1705561715541977192,DF:DF:EE:00:00:04,-39
BLE,1705561715589209472,D3:F4:55:AB:96:20,-58
BLE,1705561715782625988,D3:F4:55:AB:96:20,-56
BLE,1705561715972905882,D3:F4:55:AB:96:20,-58
BLE,1705561716077748252,DF:DF:EE:00:00:04,-36
BLE,1705561716159661743,D3:F4:55:AB:96:20,-59
BLE,1705561716350546629,D3:F4:55:AB:96:20,-57
BLE,1705561716538038354,D3:F4:55:AB:96:20,-59
BLE,1705561716737407535,D3:F4:55:AB:96:20,-58
BLE,1705561716931731037,D3:F4:55:AB:96:20,-40
BLE,1705561717080703399,DF:DF:EE:00:00:04,-34
BLE,1705561717123388912,D3:F4:55:AB:96:20,-59
BLE,1705561717538968656,DF:DF:EE:00:00:04,-33
BLE,1705561717870321108,DF:A6:DC:DC:2E:81,-62
BLE,1705561717870356316,DF:DF:EE:00:00:01,-62
BLE,1705561717884374448,D3:F4:55:AB:96:20,-58
BLE,1705561718075787993,DF:DF:EE:00:00:04,-36
BLE,1705561718078104376,D3:F4:55:AB:96:20,-56
BLE,1705561718273012287,D3:F4:55:AB:96:20,-59
BLE,1705561718467536787,D3:F4:55:AB:96:20,-58
BLE,1705561718541494600,DF:DF:EE:00:00:04,-34
BLE,1705561718655078220,D3:F4:55:AB:96:20,-59
BLE,1705561718844181298,D3:F4:55:AB:96:20,-56
BLE,1705561719033208460,D3:F4:55:AB:96:20,-58
BLE,1705561719075723850,DF:DF:EE:00:00:04,-39
BLE,1705561719148110186,DF:A6:DC:DC:2E:81,-65
BLE,1705561719148135852,DF:DF:EE:00:00:01,-65
BLE,1705561719220402565,D3:F4:55:AB:96:20,-60
BLE,1705561719534215644,DF:DF:EE:00:00:04,-34
BLE,1705561719606856019,D3:F4:55:AB:96:20,-56
BLE,1705561720075191339,DF:DF:EE:00:00:04,-34
BLE,1705561720367148773,D3:F4:55:AB:96:20,-57
BLE,1705561720536870837,DF:DF:EE:00:00:04,-39
BLE,1705561720562226765,D3:F4:55:AB:96:20,-58
BLE,1705561720950491110,D3:F4:55:AB:96:20,-58
BLE,1705561721076980627,DF:DF:EE:00:00:04,-39
BLE,1705561721139518355,D3:F4:55:AB:96:20,-55
BLE,1705561721522022699,D3:F4:55:AB:96:20,-56
BLE,1705561721534348980,DF:DF:EE:00:00:04,-34
BLE,1705561721691307019,DF:A6:DC:DC:2E:81,-64
BLE,1705561721691340768,DF:DF:EE:00:00:01,-64
BLE,1705561721711240816,D3:F4:55:AB:96:20,-58
BLE,1705561722078917789,DF:DF:EE:00:00:04,-36
BLE,1705561722099758407,D3:F4:55:AB:96:20,-60
BLE,1705561722490754253,D3:F4:55:AB:96:20,-54
BLE,1705561722534709956,DF:DF:EE:00:00:04,-37
BLE,1705561722680491780,D3:F4:55:AB:96:20,-59
BLE,1705561722870787341,D3:F4:55:AB:96:20,-46
BLE,1705561723064414354,D3:F4:55:AB:96:20,-60
BLE,1705561723081959602,DF:DF:EE:00:00:04,-39
BLE,1705561723258037616,D3:F4:55:AB:96:20,-57
BLE,1705561723645235601,D3:F4:55:AB:96:20,-57
BLE,1705561723836710603,D3:F4:55:AB:96:20,-56
BLE,1705561724077014446,DF:DF:EE:00:00:04,-35
BLE,1705561724221929907,D3:F4:55:AB:96:20,-55
BLE,1705561724414762431,D3:F4:55:AB:96:20,-59
BLE,1705561724540195798,DF:DF:EE:00:00:04,-40
BLE,1705561724612163848,D3:F4:55:AB:96:20,-58
BLE,1705561724799644866,D3:F4:55:AB:96:20,-60
BLE,1705561725077015593,DF:DF:EE:00:00:04,-35
BLE,1705561725380736318,D3:F4:55:AB:96:20,-59
BLE,1705561725538830632,DF:DF:EE:00:00:04,-35
BLE,1705561725575937641,D3:F4:55:AB:96:20,-58
BLE,1705561725765559961,D3:F4:55:AB:96:20,-58
BLE,1705561725958892562,D3:F4:55:AB:96:20,-58
BLE,1705561726074683025,DF:DF:EE:00:00:04,-39
BLE,1705561726146171124,D3:F4:55:AB:96:20,-59
BLE,1705561726535755282,DF:DF:EE:00:00:04,-33
BLE,1705561726719209191,D3:F4:55:AB:96:20,-56
BLE,1705561727071982503,DF:DF:EE:00:00:04,-35
BLE,1705561727107630991,D3:F4:55:AB:96:20,-58
BLE,1705561727293242952,D3:F4:55:AB:96:20,-59
BLE,1705561727483140477,D3:F4:55:AB:96:20,-56
BLE,1705561727537713777,DF:DF:EE:00:00:04,-38
BLE,1705561727678915792,D3:F4:55:AB:96:20,-58
BLE,1705561727875164059,D3:F4:55:AB:96:20,-58
BLE,1705561728063663604,DF:A6:DC:DC:2E:81,-62
BLE,1705561728063703061,DF:DF:EE:00:00:01,-62
BLE,1705561728538681161,DF:DF:EE:00:00:04,-35
BLE,1705561728654124129,D3:F4:55:AB:96:20,-56
BLE,1705561729030798390,D3:F4:55:AB:96:20,-57
BLE,1705561729416092193,D3:F4:55:AB:96:20,-56
BLE,1705561729539394507,DF:DF:EE:00:00:04,-40
BLE,1705561729799900268,D3:F4:55:AB:96:20,-55
BLE,1705561729994461309,D3:F4:55:AB:96:20,-59
BLE,1705561730079540755,DF:DF:EE:00:00:04,-39
BLE,1705561730192911878,D3:F4:55:AB:96:20,-73
BLE,1705561730386493974,D3:F4:55:AB:96:20,-56
BLE,1705561730534570849,DF:DF:EE:00:00:04,-36
BLE,1705561730579130251,D3:F4:55:AB:96:20,-60
BLE,1705561730605218252,DF:A6:DC:DC:2E:81,-65
BLE,1705561730605245751,DF:DF:EE:00:00:01,-65
BLE,1705561730964654010,D3:F4:55:AB:96:20,-68
BLE,1705561731075313672,DF:DF:EE:00:00:04,-35
BLE,1705561731157798238,D3:F4:55:AB:96:20,-58
BLE,1705561731347148395,D3:F4:55:AB:96:20,-57
BLE,1705561731542052015,DF:DF:EE:00:00:04,-39
BLE,1705561731738291781,D3:F4:55:AB:96:20,-54
BLE,1705561732072778356,DF:DF:EE:00:00:04,-35
BLE,1705561732116256440,D3:F4:55:AB:96:20,-40
BLE,1705561732502104694,D3:F4:55:AB:96:20,-56
BLE,1705561732540408269,DF:DF:EE:00:00:04,-35
BLE,1705561732877499223,D3:F4:55:AB:96:20,-59
BLE,1705561733149039909,DF:A6:DC:DC:2E:81,-64
BLE,1705561733149073367,DF:DF:EE:00:00:01,-64
BLE,1705561733454602399,D3:F4:55:AB:96:20,-58
BLE,1705561733537120381,DF:DF:EE:00:00:04,-36
BLE,1705561733651512281,D3:F4:55:AB:96:20,-56
BLE,1705561734026025989,D3:F4:55:AB:96:20,-59
BLE,1705561734078482278,DF:DF:EE:00:00:04,-36
BLE,1705561734216896416,D3:F4:55:AB:96:20,-58
BLE,1705561734405010092,D3:F4:55:AB:96:20,-58
BLE,1705561734539597493,DF:DF:EE:00:00:04,-34
BLE,1705561734595724604,D3:F4:55:AB:96:20,-56
BLE,1705561734786542532,D3:F4:55:AB:96:20,-59
BLE,1705561734983141544,D3:F4:55:AB:96:20,-58
BLE,1705561735074202112,DF:DF:EE:00:00:04,-38
BLE,1705561735178246911,D3:F4:55:AB:96:20,-56
BLE,1705561735537229384,DF:DF:EE:00:00:04,-36
BLE,1705561735686312786,DF:A6:DC:DC:2E:81,-64
BLE,1705561735686341993,DF:DF:EE:00:00:01,-64
BLE,1705561735949522383,D3:F4:55:AB:96:20,-56
BLE,1705561736339722158,D3:F4:55:AB:96:20,-59
BLE,1705561736530476753,D3:F4:55:AB:96:20,-45
BLE,1705561736726025905,D3:F4:55:AB:96:20,-57
BLE,1705561737073316212,DF:DF:EE:00:00:04,-39
BLE,1705561737110797674,D3:F4:55:AB:96:20,-56
BLE,1705561737539582645,DF:DF:EE:00:00:04,-36
BLE,1705561738073320444,DF:DF:EE:00:00:04,-36
BLE,1705561738227842517,DF:A6:DC:DC:2E:81,-63
BLE,1705561738227870059,DF:DF:EE:00:00:01,-63
BLE,1705561738266051052,D3:F4:55:AB:96:20,-58
BLE,1705561738455981451,D3:F4:55:AB:96:20,-60
BLE,1705561738539582502,DF:DF:EE:00:00:04,-39
BLE,1705561738649468966,D3:F4:55:AB:96:20,-57
BLE,1705561738840513349,D3:F4:55:AB:96:20,-59
BLE,1705561739078171105,DF:DF:EE:00:00:04,-38
BLE,1705561739226323812,D3:F4:55:AB:96:20,-56
BLE,1705561739600976310,D3:F4:55:AB:96:20,-59
BLE,1705561740369705360,D3:F4:55:AB:96:20,-59
BLE,1705561740542189510,DF:DF:EE:00:00:04,-40
BLE,1705561740563021336,D3:F4:55:AB:96:20,-57
BLE,1705561740749249955,D3:F4:55:AB:96:20,-59
BLE,1705561741071685410,DF:DF:EE:00:00:04,-34
BLE,1705561741133341026,D3:F4:55:AB:96:20,-59
BLE,1705561741328354852,D3:F4:55:AB:96:20,-58
BLE,1705561741537949677,DF:DF:EE:00:00:04,-34
BLE,1705561742296101838,D3:F4:55:AB:96:20,-58
BLE,1705561742484223221,D3:F4:55:AB:96:20,-59
BLE,1705561742681112145,D3:F4:55:AB:96:20,-58
BLE,1705561743077503789,DF:DF:EE:00:00:04,-35
BLE,1705561743639580222,D3:F4:55:AB:96:20,-54
BLE,1705561744018977152,D3:F4:55:AB:96:20,-56
BLE,1705561744213982437,D3:F4:55:AB:96:20,-60
BLE,1705561744535987149,DF:DF:EE:00:00:04,-35
BLE,1705561744595651751,D3:F4:55:AB:96:20,-59
BLE,1705561744795523715,D3:F4:55:AB:96:20,-56
BLE,1705561744983516101,D3:F4:55:AB:96:20,-59
BLE,1705561745077281088,DF:DF:EE:00:00:04,-35
BLE,1705561745176071504,D3:F4:55:AB:96:20,-57
BLE,1705561745371063789,D3:F4:55:AB:96:20,-55
BLE,1705561745561146560,D3:F4:55:AB:96:20,-58
BLE,1705561745949860690,D3:F4:55:AB:96:20,-59
BLE,1705561746146097832,D3:F4:55:AB:96:20,-56
BLE,1705561746534648255,D3:F4:55:AB:96:20,-59
BLE,1705561746539835139,DF:DF:EE:00:00:04,-37
BLE,1705561747072749532,DF:DF:EE:00:00:04,-34
BLE,1705561747099321693,D3:F4:55:AB:96:20,-59
BLE,1705561747293123453,D3:F4:55:AB:96:20,-58
BLE,1705561747868488778,D3:F4:55:AB:96:20,-56
BLE,1705561748061118014,D3:F4:55:AB:96:20,-59
BLE,1705561748079873328,DF:DF:EE:00:00:04,-39
BLE,1705561748260625192,D3:F4:55:AB:96:20,-58
BLE,1705561748534965171,DF:DF:EE:00:00:04,-34
BLE,1705561748643157285,D3:F4:55:AB:96:20,-58
BLE,1705561748830704927,D3:F4:55:AB:96:20,-59
BLE,1705561749215368573,D3:F4:55:AB:96:20,-55
BLE,1705561749411950543,D3:F4:55:AB:96:20,-59
BLE,1705561749535364147,DF:DF:EE:00:00:04,-35
BLE,1705561749792907451,D3:F4:55:AB:96:20,-59
BLE,1705561749990078704,D3:F4:55:AB:96:20,-58
BLE,1705561750073665671,DF:DF:EE:00:00:04,-36
BLE,1705561750375634254,D3:F4:55:AB:96:20,-41
BLE,1705561750538546041,DF:DF:EE:00:00:04,-34
BLE,1705561750568196574,D3:F4:55:AB:96:20,-56
BLE,1705561750959127671,D3:F4:55:AB:96:20,-41
BLE,1705561751079023409,DF:DF:EE:00:00:04,-34
BLE,1705561751340929400,D3:F4:55:AB:96:20,-58
BLE,1705561751529696732,D3:F4:55:AB:96:20,-59
BLE,1705561751538468440,DF:DF:EE:00:00:04,-34
BLE,1705561751723212663,D3:F4:55:AB:96:20,-57
BLE,1705561751916639096,D3:F4:55:AB:96:20,-56
BLE,1705561752079383718,DF:DF:EE:00:00:04,-35
BLE,1705561752107462648,D3:F4:55:AB:96:20,-57
BLE,1705561752300142758,D3:F4:55:AB:96:20,-55
BLE,1705561752494592259,D3:F4:55:AB:96:20,-59
BLE,1705561752689908039,D3:F4:55:AB:96:20,-58
BLE,1705561752877566346,D3:F4:55:AB:96:20,-58
BLE,1705561753073162455,D3:F4:55:AB:96:20,-58
BLE,1705561753264511167,D3:F4:55:AB:96:20,-59
BLE,1705561753458764963,D3:F4:55:AB:96:20,-58
BLE,1705561753530884761,DF:DF:EE:00:00:04,-36
BLE,1705561753652275602,D3:F4:55:AB:96:20,-56
BLE,1705561753844431553,D3:F4:55:AB:96:20,-60
BLE,1705561754228892410,D3:F4:55:AB:96:20,-59
BLE,1705561754537441856,DF:DF:EE:00:00:04,-39
BLE,1705561754610189937,D3:F4:55:AB:96:20,-59
BLE,1705561754805266929,D3:F4:55:AB:96:20,-58
BLE,1705561754992945152,D3:F4:55:AB:96:20,-59
BLE,1705561755075149097,DF:DF:EE:00:00:04,-39
BLE,1705561755190261320,D3:F4:55:AB:96:20,-57
BLE,1705561755386144926,D3:F4:55:AB:96:20,-56
BLE,1705561755580190682,D3:F4:55:AB:96:20,-59
BLE,1705561755775065260,D3:F4:55:AB:96:20,-57
BLE,1705561755961550209,D3:F4:55:AB:96:20,-57
BLE,1705561756030444137,DF:A6:DC:DC:2E:81,-62
BLE,1705561756030477678,DF:DF:EE:00:00:01,-62
BLE,1705561756074832500,DF:DF:EE:00:00:04,-34
BLE,1705561756156343163,D3:F4:55:AB:96:20,-58
BLE,1705561756345666863,D3:F4:55:AB:96:20,-59
BLE,1705561756536320710,DF:DF:EE:00:00:04,-38
BLE,1705561756540401110,D3:F4:55:AB:96:20,-58
BLE,1705561756726692728,D3:F4:55:AB:96:20,-60
BLE,1705561756916126967,D3:F4:55:AB:96:20,-56
BLE,1705561757080075531,DF:DF:EE:00:00:04,-40
BLE,1705561757108842368,D3:F4:55:AB:96:20,-57
BLE,1705561757493410474,D3:F4:55:AB:96:20,-57
BLE,1705561757881343406,D3:F4:55:AB:96:20,-56
BLE,1705561758571149714,DF:A6:DC:DC:2E:81,-67
BLE,1705561758571190588,DF:DF:EE:00:00:01,-67
BLE,1705561758659999480,D3:F4:55:AB:96:20,-60
BLE,1705561758850585912,D3:F4:55:AB:96:20,-45
BLE,1705561759041391715,D3:F4:55:AB:96:20,-59
BLE,1705561759080145700,DF:DF:EE:00:00:04,-38
BLE,1705561759235748009,D3:F4:55:AB:96:20,-58
BLE,1705561759426844308,D3:F4:55:AB:96:20,-58
BLE,1705561759811322957,D3:F4:55:AB:96:20,-59
BLE,1705561760004996302,D3:F4:55:AB:96:20,-58
BLE,1705561760194526290,D3:F4:55:AB:96:20,-57
BLE,1705561760195897562,D3:F4:55:AB:96:20,-55
BLE,1705561760386580700,D3:F4:55:AB:96:20,-58
BLE,1705561760533979835,DF:DF:EE:00:00:04,-36
BLE,1705561760573771555,D3:F4:55:AB:96:20,-59
BLE,1705561760771429219,D3:F4:55:AB:96:20,-58
BLE,1705561760958881112,D3:F4:55:AB:96:20,-57
BLE,1705561761080694905,DF:DF:EE:00:00:04,-37
BLE,1705561761150990563,D3:F4:55:AB:96:20,-58
BLE,1705561761533910025,DF:DF:EE:00:00:04,-38
BLE,1705561761728935976,D3:F4:55:AB:96:20,-55
BLE,1705561762071898804,DF:DF:EE:00:00:04,-39
BLE,1705561762117166654,D3:F4:55:AB:96:20,-58
BLE,1705561762313818290,D3:F4:55:AB:96:20,-56
BLE,1705561762532436444,DF:DF:EE:00:00:04,-34
BLE,1705561762891056964,D3:F4:55:AB:96:20,-57
BLE,1705561763073368806,DF:DF:EE:00:00:04,-34
BLE,1705561763084932515,D3:F4:55:AB:96:20,-58
BLE,1705561764031371140,D3:F4:55:AB:96:20,-58
BLE,1705561764076321536,DF:DF:EE:00:00:04,-40
BLE,1705561764610127542,D3:F4:55:AB:96:20,-56
BLE,1705561764936334318,DF:A6:DC:DC:2E:81,-64
BLE,1705561764936371984,DF:DF:EE:00:00:01,-64
BLE,1705561765075633652,DF:DF:EE:00:00:04,-34
BLE,1705561765185287745,D3:F4:55:AB:96:20,-59
BLE,1705561765380138115,D3:F4:55:AB:96:20,-42
BLE,1705561765539212582,DF:DF:EE:00:00:04,-39
BLE,1705561765570591715,D3:F4:55:AB:96:20,-60
BLE,1705561766073469415,DF:DF:EE:00:00:04,-37
BLE,1705561766343000963,D3:F4:55:AB:96:20,-56
BLE,1705561766538423450,D3:F4:55:AB:96:20,-59
BLE,1705561766925149108,D3:F4:55:AB:96:20,-56
BLE,1705561767076639600,DF:DF:EE:00:00:04,-34
BLE,1705561767118985118,D3:F4:55:AB:96:20,-59
BLE,1705561767317793264,D3:F4:55:AB:96:20,-56
BLE,1705561767480333390,DF:A6:DC:DC:2E:81,-64
BLE,1705561767480364348,DF:DF:EE:00:00:01,-64
BLE,1705561767513930699,D3:F4:55:AB:96:20,-55
BLE,1705561767531630029,DF:DF:EE:00:00:04,-35
BLE,1705561767893538751,D3:F4:55:AB:96:20,-56
BLE,1705561768071531196,DF:DF:EE:00:00:04,-35
BLE,1705561768539824142,DF:DF:EE:00:00:04,-35
BLE,1705561768667577392,D3:F4:55:AB:96:20,-56
BLE,1705561769054327091,D3:F4:55:AB:96:20,-58
BLE,1705561769253277194,D3:F4:55:AB:96:20,-53
BLE,1705561769447002580,D3:F4:55:AB:96:20,-56
BLE,1705561769536404464,DF:DF:EE:00:00:04,-35
BLE,1705561769641193752,D3:F4:55:AB:96:20,-59
BLE,1705561770022446947,DF:A6:DC:DC:2E:81,-64
BLE,1705561770022481071,DF:DF:EE:00:00:01,-64
BLE,1705561770026804301,D3:F4:55:AB:96:20,-60
BLE,1705561770222052665,D3:F4:55:AB:96:20,-57
BLE,1705561770407726000,D3:F4:55:AB:96:20,-57
BLE,1705561770601765132,D3:F4:55:AB:96:20,-58
BLE,1705561770798020524,D3:F4:55:AB:96:20,-56
BLE,1705561770989339820,D3:F4:55:AB:96:20,-58
BLE,1705561771184057358,D3:F4:55:AB:96:20,-58
BLE,1705561771371657333,D3:F4:55:AB:96:20,-59
BLE,1705561771540973819,DF:DF:EE:00:00:04,-35
BLE,1705561771570228608,D3:F4:55:AB:96:20,-58
BLE,1705561771763879745,D3:F4:55:AB:96:20,-54
BLE,1705561771954124765,D3:F4:55:AB:96:20,-56
BLE,1705561772071954865,DF:DF:EE:00:00:04,-34
BLE,1705561772341175251,D3:F4:55:AB:96:20,-57
BLE,1705561772531604393,DF:DF:EE:00:00:04,-35
BLE,1705561772566493101,DF:A6:DC:DC:2E:81,-63
BLE,1705561772566520892,DF:DF:EE:00:00:01,-63
BLE,1705561772727436083,D3:F4:55:AB:96:20,-59
BLE,1705561772728801646,D3:F4:55:AB:96:20,-56
BLE,1705561772919186164,D3:F4:55:AB:96:20,-56
BLE,1705561773539922172,DF:DF:EE:00:00:04,-34
BLE,1705561773684030645,D3:F4:55:AB:96:20,-57
BLE,1705561773870894463,D3:F4:55:AB:96:20,-59
BLE,1705561774061823390,D3:F4:55:AB:96:20,-54
BLE,1705561774080247000,DF:DF:EE:00:00:04,-35
BLE,1705561774253638845,D3:F4:55:AB:96:20,-59
BLE,1705561774533772449,DF:DF:EE:00:00:04,-36
BLE,1705561774642743802,D3:F4:55:AB:96:20,-56
BLE,1705561774833311359,D3:F4:55:AB:96:20,-58
BLE,1705561775080448437,DF:DF:EE:00:00:04,-39
BLE,1705561775416823109,D3:F4:55:AB:96:20,-58
BLE,1705561775538396364,DF:DF:EE:00:00:04,-34
BLE,1705561775605809480,D3:F4:55:AB:96:20,-58
BLE,1705561776000271235,D3:F4:55:AB:96:20,-58
BLE,1705561776074648501,DF:DF:EE:00:00:04,-35
BLE,1705561776190670294,D3:F4:55:AB:96:20,-59
BLE,1705561776382753163,D3:F4:55:AB:96:20,-58
BLE,1705561776542213957,DF:DF:EE:00:00:04,-38
BLE,1705561776573924502,D3:F4:55:AB:96:20,-59
BLE,1705561776962908919,D3:F4:55:AB:96:20,-55
BLE,1705561777077184821,DF:DF:EE:00:00:04,-35
BLE,1705561777348709757,D3:F4:55:AB:96:20,-55
BLE,1705561777536669768,DF:DF:EE:00:00:04,-35
BLE,1705561777916480734,D3:F4:55:AB:96:20,-58
BLE,1705561778073729143,DF:DF:EE:00:00:04,-39
BLE,1705561778104946779,D3:F4:55:AB:96:20,-59
BLE,1705561778295493669,D3:F4:55:AB:96:20,-58
BLE,1705561778487183751,D3:F4:55:AB:96:20,-57
BLE,1705561778684133091,D3:F4:55:AB:96:20,-59
BLE,1705561778875350263,D3:F4:55:AB:96:20,-55
BLE,1705561778914418244,DF:A6:DC:DC:2E:81,-64
BLE,1705561778914447577,DF:DF:EE:00:00:01,-64
BLE,1705561779067089178,D3:F4:55:AB:96:20,-59
BLE,1705561779078048229,DF:DF:EE:00:00:04,-35
BLE,1705561779261749551,D3:F4:55:AB:96:20,-58
BLE,1705561779448774242,D3:F4:55:AB:96:20,-57
BLE,1705561779533096490,DF:DF:EE:00:00:04,-39
BLE,1705561779645773998,D3:F4:55:AB:96:20,-58
BLE,1705561779831623789,D3:F4:55:AB:96:20,-60
BLE,1705561780028027262,D3:F4:55:AB:96:20,-56
BLE,1705561780075532872,DF:DF:EE:00:00:04,-38
BLE,1705561780415088582,D3:F4:55:AB:96:20,-58
BLE,1705561780533781045,DF:DF:EE:00:00:04,-35
BLE,1705561780796515566,D3:F4:55:AB:96:20,-58
BLE,1705561781077220287,DF:DF:EE:00:00:04,-36
BLE,1705561781179067784,D3:F4:55:AB:96:20,-58
BLE,1705561781372667547,D3:F4:55:AB:96:20,-56
BLE,1705561781756249708,D3:F4:55:AB:96:20,-54
BLE,1705561782078230670,DF:DF:EE:00:00:04,-40
BLE,1705561782138884008,D3:F4:55:AB:96:20,-56
BLE,1705561782327319387,D3:F4:55:AB:96:20,-57
BLE,1705561782539332177,DF:DF:EE:00:00:04,-46
BLE,1705561783076237305,DF:DF:EE:00:00:04,-35
BLE,1705561783082302468,D3:F4:55:AB:96:20,-45
BLE,1705561783274764456,D3:F4:55:AB:96:20,-57
BLE,1705561783469534952,D3:F4:55:AB:96:20,-58
BLE,1705561783531878057,DF:DF:EE:00:00:04,-35
BLE,1705561783659229771,D3:F4:55:AB:96:20,-59
BLE,1705561783849358126,D3:F4:55:AB:96:20,-56
BLE,1705561784041486577,D3:F4:55:AB:96:20,-57
BLE,1705561784071373356,DF:DF:EE:00:00:04,-35
BLE,1705561784234428849,D3:F4:55:AB:96:20,-57
BLE,1705561784422753063,D3:F4:55:AB:96:20,-59
BLE,1705561784616911151,D3:F4:55:AB:96:20,-57
BLE,1705561785073865843,DF:DF:EE:00:00:04,-34
BLE,1705561785281234742,DF:A6:DC:DC:2E:81,-64
BLE,1705561785281263617,DF:DF:EE:00:00:01,-64
BLE,1705561785536928572,DF:DF:EE:00:00:04,-37
BLE,1705561785784035817,D3:F4:55:AB:96:20,-56
BLE,1705561786071476150,DF:DF:EE:00:00:04,-37
BLE,1705561786171509506,D3:F4:55:AB:96:20,-47
BLE,1705561786357328964,D3:F4:55:AB:96:20,-68
BLE,1705561786536483226,DF:DF:EE:00:00:04,-35
BLE,1705561786556581063,D3:F4:55:AB:96:20,-58
BLE,1705561786743849584,D3:F4:55:AB:96:20,-60
BLE,1705561787327082463,D3:F4:55:AB:96:20,-59
BLE,1705561787532745386,DF:DF:EE:00:00:04,-34
BLE,1705561787715671386,D3:F4:55:AB:96:20,-54
BLE,1705561787820825252,DF:A6:DC:DC:2E:81,-65
BLE,1705561787820854501,DF:DF:EE:00:00:01,-65
BLE,1705561787907035556,D3:F4:55:AB:96:20,-56
BLE,1705561788068935066,DF:DF:EE:00:00:04,-34
BLE,1705561788094602531,D3:F4:55:AB:96:20,-59
BLE,1705561788480701739,D3:F4:55:AB:96:20,-56
BLE,1705561788534021016,DF:DF:EE:00:00:04,-39
BLE,1705561788671981119,D3:F4:55:AB:96:20,-57
BLE,1705561788858289820,D3:F4:55:AB:96:20,-59
BLE,1705561789049448077,D3:F4:55:AB:96:20,-57
BLE,1705561789077176887,DF:DF:EE:00:00:04,-39
BLE,1705561789239608472,D3:F4:55:AB:96:20,-48
BLE,1705561789436647728,D3:F4:55:AB:96:20,-58
BLE,1705561789532795723,DF:DF:EE:00:00:04,-34
BLE,1705561790016662237,D3:F4:55:AB:96:20,-58
BLE,1705561790212165639,D3:F4:55:AB:96:20,-56
BLE,1705561790363725506,DF:A6:DC:DC:2E:81,-64
BLE,1705561790363754630,DF:DF:EE:00:00:01,-64
BLE,1705561790592358599,D3:F4:55:AB:96:20,-60
BLE,1705561790593732330,D3:F4:55:AB:96:20,-55
BLE,1705561790987013643,D3:F4:55:AB:96:20,-58
BLE,1705561791173981793,D3:F4:55:AB:96:20,-59
BLE,1705561791368657749,D3:F4:55:AB:96:20,-58
BLE,1705561791558766813,D3:F4:55:AB:96:20,-58
BLE,1705561791749385910,D3:F4:55:AB:96:20,-57
BLE,1705561791937024050,D3:F4:55:AB:96:20,-59
BLE,1705561792073223429,DF:DF:EE:00:00:04,-34
BLE,1705561792127812562,D3:F4:55:AB:96:20,-56
BLE,1705561792510821773,D3:F4:55:AB:96:20,-56
BLE,1705561792539357739,DF:DF:EE:00:00:04,-38
BLE,1705561792701775575,D3:F4:55:AB:96:20,-59
BLE,1705561792909042225,DF:A6:DC:DC:2E:81,-64
BLE,1705561792909076183,DF:DF:EE:00:00:01,-64
BLE,1705561793073776361,DF:DF:EE:00:00:04,-36
BLE,1705561793089368887,D3:F4:55:AB:96:20,-59
BLE,1705561793283327811,D3:F4:55:AB:96:20,-58
BLE,1705561793469576472,D3:F4:55:AB:96:20,-60
BLE,1705561793658969337,D3:F4:55:AB:96:20,-55
BLE,1705561794039831329,D3:F4:55:AB:96:20,-56
BLE,1705561794075247987,DF:DF:EE:00:00:04,-35
BLE,1705561794231801490,D3:F4:55:AB:96:20,-59
BLE,1705561794540069316,DF:DF:EE:00:00:04,-39
BLE,1705561794810834305,D3:F4:55:AB:96:20,-58
BLE,1705561795001509443,D3:F4:55:AB:96:20,-59
BLE,1705561795079856652,DF:DF:EE:00:00:04,-38
BLE,1705561795195771447,D3:F4:55:AB:96:20,-58
BLE,1705561795387931356,D3:F4:55:AB:96:20,-56
BLE,1705561795447905412,DF:A6:DC:DC:2E:81,-64
BLE,1705561795447930411,DF:DF:EE:00:00:01,-64
BLE,1705561795534193382,DF:DF:EE:00:00:04,-38
BLE,1705561795579075071,D3:F4:55:AB:96:20,-58
BLE,1705561795765735100,D3:F4:55:AB:96:20,-59
BLE,1705561795960795259,D3:F4:55:AB:96:20,-58
BLE,1705561796074800789,DF:DF:EE:00:00:04,-39
BLE,1705561796145991268,D3:F4:55:AB:96:20,-59
BLE,1705561796342191035,D3:F4:55:AB:96:20,-57
BLE,1705561796531680607,D3:F4:55:AB:96:20,-58
BLE,1705561796539545286,DF:DF:EE:00:00:04,-34
BLE,1705561796729082607,D3:F4:55:AB:96:20,-56
BLE,1705561796927143765,D3:F4:55:AB:96:20,-58
BLE,1705561797075972254,DF:DF:EE:00:00:04,-36
BLE,1705561797114191747,D3:F4:55:AB:96:20,-59
BLE,1705561797310789467,D3:F4:55:AB:96:20,-59
BLE,1705561797497540828,D3:F4:55:AB:96:20,-58
BLE,1705561797534516798,DF:DF:EE:00:00:04,-39
BLE,1705561797692900900,D3:F4:55:AB:96:20,-57
BLE,1705561797990997746,DF:A6:DC:DC:2E:81,-64
BLE,1705561797991033246,DF:DF:EE:00:00:01,-64
BLE,1705561798076755765,D3:F4:55:AB:96:20,-58
BLE,1705561798271006436,D3:F4:55:AB:96:20,-56
BLE,1705561798462958431,D3:F4:55:AB:96:20,-60
BLE,1705561798531646570,DF:DF:EE:00:00:04,-35
BLE,1705561798657334516,D3:F4:55:AB:96:20,-58
BLE,1705561798847542370,D3:F4:55:AB:96:20,-59
BLE,1705561799071057162,DF:DF:EE:00:00:04,-34
BLE,1705561799232363347,D3:F4:55:AB:96:20,-60
BLE,1705561799425958693,D3:F4:55:AB:96:20,-47
BLE,1705561799535261749,DF:DF:EE:00:00:04,-38
BLE,1705561799621796049,D3:F4:55:AB:96:20,-55
BLE,1705561799813542880,D3:F4:55:AB:96:20,-59
BLE,1705561800007208018,D3:F4:55:AB:96:20,-58
BLE,1705561800074530801,DF:DF:EE:00:00:04,-38
BLE,1705561800199744671,D3:F4:55:AB:96:20,-60
BLE,1705561800532822016,DF:DF:EE:00:00:04,-35
BLE,1705561800784192283,D3:F4:55:AB:96:20,-59
BLE,1705561800978465328,D3:F4:55:AB:96:20,-57
BLE,1705561801165803098,D3:F4:55:AB:96:20,-59
BLE,1705561801360080268,D3:F4:55:AB:96:20,-57
BLE,1705561801530775651,DF:DF:EE:00:00:04,-36
BLE,1705561801741732915,D3:F4:55:AB:96:20,-58
BLE,1705561801815480315,DF:A6:DC:DC:2E:81,-64
BLE,1705561801815507190,DF:DF:EE:00:00:01,-64
BLE,1705561801935763839,D3:F4:55:AB:96:20,-56
BLE,1705561802073495029,DF:DF:EE:00:00:04,-36
BLE,1705561802125793653,D3:F4:55:AB:96:20,-58
BLE,1705561802319723995,D3:F4:55:AB:96:20,-56
BLE,1705561802513593379,D3:F4:55:AB:96:20,-59
BLE,1705561803074640535,DF:DF:EE:00:00:04,-35
BLE,1705561803090488183,D3:F4:55:AB:96:20,-58
BLE,1705561803278416277,D3:F4:55:AB:96:20,-59
BLE,1705561803469738656,D3:F4:55:AB:96:20,-56
BLE,1705561803844780524,D3:F4:55:AB:96:20,-59
BLE,1705561804036897475,D3:F4:55:AB:96:20,-58
BLE,1705561804068521771,DF:DF:EE:00:00:04,-36
BLE,1705561804227634612,D3:F4:55:AB:96:20,-58
BLE,1705561804533211685,DF:DF:EE:00:00:04,-39
BLE,1705561804615878332,D3:F4:55:AB:96:20,-56
BLE,1705561805190593875,D3:F4:55:AB:96:20,-60
BLE,1705561805530082461,DF:DF:EE:00:00:04,-34
BLE,1705561805572310563,D3:F4:55:AB:96:20,-59
BLE,1705561805762052048,D3:F4:55:AB:96:20,-56
BLE,1705561806069892005,DF:DF:EE:00:00:04,-35
BLE,1705561806149901648,D3:F4:55:AB:96:20,-58
BLE,1705561806531583462,D3:F4:55:AB:96:20,-54
BLE,1705561806719590806,D3:F4:55:AB:96:20,-59
BLE,1705561806909343165,D3:F4:55:AB:96:20,-47
BLE,1705561807530075923,DF:DF:EE:00:00:04,-34
BLE,1705561807688826603,D3:F4:55:AB:96:20,-59
BLE,1705561807885122953,D3:F4:55:AB:96:20,-58
BLE,1705561808069272310,DF:DF:EE:00:00:04,-33
BLE,1705561808079057128,D3:F4:55:AB:96:20,-56
BLE,1705561808184841943,DF:A6:DC:DC:2E:81,-64
BLE,1705561808184875234,DF:DF:EE:00:00:01,-64
BLE,1705561808267727961,D3:F4:55:AB:96:20,-58
BLE,1705561808454628862,D3:F4:55:AB:96:20,-59
BLE,1705561808531849796,DF:DF:EE:00:00:04,-35
BLE,1705561808838109984,D3:F4:55:AB:96:20,-59
BLE,1705561809536364420,DF:DF:EE:00:00:04,-34
BLE,1705561809611391927,D3:F4:55:AB:96:20,-56
BLE,1705561810072709764,DF:DF:EE:00:00:04,-34
BLE,1705561810184409578,D3:F4:55:AB:96:20,-60
BLE,1705561810383091601,D3:F4:55:AB:96:20,-57
BLE,1705561810531926215,DF:DF:EE:00:00:04,-36
BLE,1705561810570598369,D3:F4:55:AB:96:20,-59
BLE,1705561810762568572,D3:F4:55:AB:96:20,-58
BLE,1705561810950595290,D3:F4:55:AB:96:20,-59
BLE,1705561811528189958,D3:F4:55:AB:96:20,-58
BLE,1705561811718145232,D3:F4:55:AB:96:20,-57
BLE,1705561811907478848,D3:F4:55:AB:96:20,-54
BLE,1705561812102914835,D3:F4:55:AB:96:20,-58
BLE,1705561812104437063,D3:F4:55:AB:96:20,-56
BLE,1705561812295719026,D3:F4:55:AB:96:20,-56
BLE,1705561812485772465,D3:F4:55:AB:96:20,-57
BLE,1705561812531691556,DF:DF:EE:00:00:04,-34
BLE,1705561812867067493,D3:F4:55:AB:96:20,-57
BLE,1705561813058554703,D3:F4:55:AB:96:20,-58
BLE,1705561813074927884,DF:DF:EE:00:00:04,-35
BLE,1705561813246581046,D3:F4:55:AB:96:20,-60
BLE,1705561813269867420,DF:A6:DC:DC:2E:81,-65
BLE,1705561813269894420,DF:DF:EE:00:00:01,-65
BLE,1705561813441912492,D3:F4:55:AB:96:20,-58
BLE,1705561813635445881,D3:F4:55:AB:96:20,-56
BLE,1705561814024780377,D3:F4:55:AB:96:20,-58
BLE,1705561814221087726,D3:F4:55:AB:96:20,-44
BLE,1705561814415338730,D3:F4:55:AB:96:20,-57
BLE,1705561814529422343,DF:DF:EE:00:00:04,-35
BLE,1705561814606378113,D3:F4:55:AB:96:20,-56
BLE,1705561814802399467,D3:F4:55:AB:96:20,-59
BLE,1705561815077375562,DF:DF:EE:00:00:04,-35
BLE,1705561815537862578,DF:DF:EE:00:00:04,-40
BLE,1705561815572341041,D3:F4:55:AB:96:20,-56
BLE,1705561815812314722,DF:A6:DC:DC:2E:81,-64
BLE,1705561815812344055,DF:DF:EE:00:00:01,-64
BLE,1705561815957141768,D3:F4:55:AB:96:20,-50
BLE,1705561816149786462,D3:F4:55:AB:96:20,-59
BLE,1705561816345864314,D3:F4:55:AB:96:20,-58
BLE,1705561816531271820,DF:DF:EE:00:00:04,-34
BLE,1705561816539989028,D3:F4:55:AB:96:20,-56
BLE,1705561816735961757,D3:F4:55:AB:96:20,-60
BLE,1705561816928130291,D3:F4:55:AB:96:20,-57
BLE,1705561817072116725,DF:DF:EE:00:00:04,-35
BLE,1705561817117442574,D3:F4:55:AB:96:20,-59
BLE,1705561817502612129,D3:F4:55:AB:96:20,-74
BLE,1705561817529877863,DF:DF:EE:00:00:04,-36
BLE,1705561817694027465,D3:F4:55:AB:96:20,-64
BLE,1705561818074858458,DF:DF:EE:00:00:04,-39
BLE,1705561818085033645,D3:F4:55:AB:96:20,-57
BLE,1705561818279155193,D3:F4:55:AB:96:20,-58
BLE,1705561818465463935,D3:F4:55:AB:96:20,-59
BLE,1705561818532731970,DF:DF:EE:00:00:04,-34
BLE,1705561818663417678,D3:F4:55:AB:96:20,-58
BLE,1705561818851311814,D3:F4:55:AB:96:20,-59
BLE,1705561819240188191,D3:F4:55:AB:96:20,-56
BLE,1705561819629602311,D3:F4:55:AB:96:20,-58
BLE,1705561819637080245,DF:A6:DC:DC:2E:81,-64
BLE,1705561819637106703,DF:DF:EE:00:00:01,-64
BLE,1705561819822674956,D3:F4:55:AB:96:20,-56
BLE,1705561820012726479,D3:F4:55:AB:96:20,-58
BLE,1705561820068301265,DF:DF:EE:00:00:04,-35
BLE,1705561820401517857,D3:F4:55:AB:96:20,-44
BLE,1705561820531409410,DF:DF:EE:00:00:04,-39
BLE,1705561820592713238,D3:F4:55:AB:96:20,-56
BLE,1705561820786738912,D3:F4:55:AB:96:20,-59
BLE,1705561821182738728,D3:F4:55:AB:96:20,-58
BLE,1705561821375898789,D3:F4:55:AB:96:20,-56
BLE,1705561821529241797,DF:DF:EE:00:00:04,-35
BLE,1705561821761312508,D3:F4:55:AB:96:20,-56
BLE,1705561822073876480,DF:DF:EE:00:00:04,-37
BLE,1705561822337596070,D3:F4:55:AB:96:20,-59
BLE,1705561822530056600,D3:F4:55:AB:96:20,-58
BLE,1705561822532985349,DF:DF:EE:00:00:04,-22
BLE,1705561822717612825,D3:F4:55:AB:96:20,-59
BLE,1705561823101844352,D3:F4:55:AB:96:20,-59
BLE,1705561823299754595,D3:F4:55:AB:96:20,-58
BLE,1705561823490130029,D3:F4:55:AB:96:20,-56
BLE,1705561823533101996,DF:DF:EE:00:00:04,-35
BLE,1705561823534678598,DF:DF:EE:00:00:04,-35
BLE,1705561823678906945,D3:F4:55:AB:96:20,-57
BLE,1705561823867129660,D3:F4:55:AB:96:20,-59
BLE,1705561824062779560,D3:F4:55:AB:96:20,-58
BLE,1705561824071436894,DF:DF:EE:00:00:04,-34
BLE,1705561824252138759,D3:F4:55:AB:96:20,-59
BLE,1705561824443164976,D3:F4:55:AB:96:20,-58
BLE,1705561824535567400,DF:DF:EE:00:00:04,-39
BLE,1705561824634690727,D3:F4:55:AB:96:20,-57
BLE,1705561825028756946,D3:F4:55:AB:96:20,-57
BLE,1705561825075302195,DF:DF:EE:00:00:04,-38
BLE,1705561825224031352,D3:F4:55:AB:96:20,-56
BLE,1705561825531627104,DF:DF:EE:00:00:04,-34
BLE,1705561825610246601,D3:F4:55:AB:96:20,-56
BLE,1705561825995644903,D3:F4:55:AB:96:20,-58
BLE,1705561826005298056,DF:A6:DC:DC:2E:81,-65
BLE,1705561826005329264,DF:DF:EE:00:00:01,-65
BLE,1705561826373506771,D3:F4:55:AB:96:20,-55
BLE,1705561827075927815,DF:DF:EE:00:00:04,-38
BLE,1705561827144754369,D3:F4:55:AB:96:20,-58
BLE,1705561827330505745,D3:F4:55:AB:96:20,-60
BLE,1705561827526335226,D3:F4:55:AB:96:20,-58
BLE,1705561827537208986,DF:DF:EE:00:00:04,-34
BLE,1705561827720130986,D3:F4:55:AB:96:20,-55
BLE,1705561827915349767,D3:F4:55:AB:96:20,-59
BLE,1705561828072621594,DF:DF:EE:00:00:04,-34
BLE,1705561828106702146,D3:F4:55:AB:96:20,-56
BLE,1705561828487611179,D3:F4:55:AB:96:20,-56
BLE,1705561828528245179,DF:DF:EE:00:00:04,-34
BLE,1705561828529793782,DF:DF:EE:00:00:04,-34
BLE,1705561828865277967,D3:F4:55:AB:96:20,-59
BLE,1705561829056327184,D3:F4:55:AB:96:20,-58
BLE,1705561829252785281,D3:F4:55:AB:96:20,-56
BLE,1705561829531071662,DF:DF:EE:00:00:04,-38
BLE,1705561829634101516,D3:F4:55:AB:96:20,-56
BLE,1705561830023199807,D3:F4:55:AB:96:20,-58
BLE,1705561830398897623,D3:F4:55:AB:96:20,-55
BLE,1705561830538042585,DF:DF:EE:00:00:04,-35
BLE,1705561830588964979,D3:F4:55:AB:96:20,-57
BLE,1705561830780069778,D3:F4:55:AB:96:20,-55
BLE,1705561830973549334,D3:F4:55:AB:96:20,-58
BLE,1705561831074170973,DF:DF:EE:00:00:04,-35
BLE,1705561831163283278,D3:F4:55:AB:96:20,-56
BLE,1705561831353861834,D3:F4:55:AB:96:20,-58
BLE,1705561831530529174,DF:DF:EE:00:00:04,-39
BLE,1705561831545583124,D3:F4:55:AB:96:20,-55
BLE,1705561831741308232,D3:F4:55:AB:96:20,-59
BLE,1705561831935483487,D3:F4:55:AB:96:20,-58
BLE,1705561832122376846,D3:F4:55:AB:96:20,-59
BLE,1705561832505255934,D3:F4:55:AB:96:20,-59
BLE,1705561832536390779,DF:DF:EE:00:00:04,-36
BLE,1705561832704375826,D3:F4:55:AB:96:20,-58
BLE,1705561832896127449,D3:F4:55:AB:96:20,-56
BLE,1705561833067098537,DF:DF:EE:00:00:04,-34
BLE,1705561833084094002,D3:F4:55:AB:96:20,-58
BLE,1705561833270792905,D3:F4:55:AB:96:20,-60
BLE,1705561833537285914,DF:DF:EE:00:00:04,-39
BLE,1705561833653688285,D3:F4:55:AB:96:20,-59
BLE,1705561833846173106,D3:F4:55:AB:96:20,-56
BLE,1705561834039160836,D3:F4:55:AB:96:20,-59
BLE,1705561834076459342,DF:DF:EE:00:00:04,-39
BLE,1705561834232737099,D3:F4:55:AB:96:20,-58
BLE,1705561834530421535,DF:DF:EE:00:00:04,-35
BLE,1705561834614434163,D3:F4:55:AB:96:20,-57
BLE,1705561834800778364,D3:F4:55:AB:96:20,-59
BLE,1705561834917019278,DF:A6:DC:DC:2E:81,-58
BLE,1705561834917045820,DF:DF:EE:00:00:01,-58
BLE,1705561834996797425,D3:F4:55:AB:96:20,-58
BLE,1705561835072985540,DF:DF:EE:00:00:04,-34
BLE,1705561835186918322,D3:F4:55:AB:96:20,-59
BLE,1705561835536376973,DF:DF:EE:00:00:04,-39
BLE,1705561835578370578,D3:F4:55:AB:96:20,-56
BLE,1705561835965690770,D3:F4:55:AB:96:20,-58
BLE,1705561836154076774,D3:F4:55:AB:96:20,-59
BLE,1705561836349976671,D3:F4:55:AB:96:20,-58
BLE,1705561836536923696,D3:F4:55:AB:96:20,-57
BLE,1705561836730291796,D3:F4:55:AB:96:20,-58
BLE,1705561837114833443,D3:F4:55:AB:96:20,-58
BLE,1705561837300661151,D3:F4:55:AB:96:20,-59
BLE,1705561837497463619,D3:F4:55:AB:96:20,-58
BLE,1705561837533047483,DF:DF:EE:00:00:04,-37
BLE,1705561837880229542,D3:F4:55:AB:96:20,-58
BLE,1705561838066195998,D3:F4:55:AB:96:20,-57
BLE,1705561838067413439,DF:DF:EE:00:00:04,-35
BLE,1705561838255452406,D3:F4:55:AB:96:20,-56
BLE,1705561838535576761,DF:DF:EE:00:00:04,-34
BLE,1705561838634371718,D3:F4:55:AB:96:20,-56
BLE,1705561839070024966,DF:DF:EE:00:00:04,-38
BLE,1705561839207499159,D3:F4:55:AB:96:20,-58
BLE,1705561839535859863,DF:DF:EE:00:00:04,-35
BLE,1705561839789297434,D3:F4:55:AB:96:20,-57
BLE,1705561839979529829,D3:F4:55:AB:96:20,-59
BLE,1705561840075350412,DF:DF:EE:00:00:04,-35
BLE,1705561840553409593,D3:F4:55:AB:96:20,-57
BLE,1705561840935584649,D3:F4:55:AB:96:20,-58
BLE,1705561841070514796,DF:DF:EE:00:00:04,-39
BLE,1705561841122863711,D3:F4:55:AB:96:20,-59
BLE,1705561841320338502,D3:F4:55:AB:96:20,-58
BLE,1705561841507566648,D3:F4:55:AB:96:20,-60
BLE,1705561841536381068,DF:DF:EE:00:00:04,-35
BLE,1705561841700760501,D3:F4:55:AB:96:20,-57
BLE,1705561841888098687,D3:F4:55:AB:96:20,-59
BLE,1705561842070655775,DF:DF:EE:00:00:04,-35
BLE,1705561842531346830,DF:DF:EE:00:00:04,-36
BLE,1705561842647561829,D3:F4:55:AB:96:20,-58
BLE,1705561842840339104,D3:F4:55:AB:96:20,-55
BLE,1705561843031946020,D3:F4:55:AB:96:20,-58
BLE,1705561843075452812,DF:DF:EE:00:00:04,-38
BLE,1705561843530795944,DF:DF:EE:00:00:04,-34
BLE,1705561843993758258,D3:F4:55:AB:96:20,-56
BLE,1705561844073868150,DF:DF:EE:00:00:04,-35
BLE,1705561844186266745,D3:F4:55:AB:96:20,-59
BLE,1705561844383061629,D3:F4:55:AB:96:20,-58
BLE,1705561844538143695,DF:DF:EE:00:00:04,-38
BLE,1705561844576951388,D3:F4:55:AB:96:20,-56
BLE,1705561844963013889,D3:F4:55:AB:96:20,-58
BLE,1705561845068616248,DF:DF:EE:00:00:04,-35
BLE,1705561845150960025,D3:F4:55:AB:96:20,-59
BLE,1705561845529160638,DF:DF:EE:00:00:04,-38
BLE,1705561845722351490,D3:F4:55:AB:96:20,-55
BLE,1705561845915051100,D3:F4:55:AB:96:20,-59
BLE,1705561846073038916,DF:DF:EE:00:00:04,-34
BLE,1705561846301992671,D3:F4:55:AB:96:20,-59
BLE,1705561846490848086,D3:F4:55:AB:96:20,-56
BLE,1705561846537592498,DF:DF:EE:00:00:04,-39
BLE,1705561846868910743,D3:F4:55:AB:96:20,-55
BLE,1705561847063978444,D3:F4:55:AB:96:20,-59
BLE,1705561847071725791,DF:DF:EE:00:00:04,-36
BLE,1705561847840946251,D3:F4:55:AB:96:20,-56
BLE,1705561848035636582,D3:F4:55:AB:96:20,-57
BLE,1705561848230176373,D3:F4:55:AB:96:20,-58
BLE,1705561848425113617,D3:F4:55:AB:96:20,-56
BLE,1705561848528240678,DF:DF:EE:00:00:04,-35
BLE,1705561848616912156,D3:F4:55:AB:96:20,-59
BLE,1705561848812923051,D3:F4:55:AB:96:20,-58
BLE,1705561849002067086,D3:F4:55:AB:96:20,-57
BLE,1705561849070064069,DF:DF:EE:00:00:04,-35
BLE,1705561849532092771,DF:DF:EE:00:00:04,-38
BLE,1705561849586732403,D3:F4:55:AB:96:20,-57
BLE,1705561849974957706,D3:F4:55:AB:96:20,-56
BLE,1705561850073645790,DF:DF:EE:00:00:04,-39
BLE,1705561850363279717,D3:F4:55:AB:96:20,-70
BLE,1705561850552863121,D3:F4:55:AB:96:20,-59
BLE,1705561851129862964,D3:F4:55:AB:96:20,-58
BLE,1705561851316840031,D3:F4:55:AB:96:20,-58
BLE,1705561851475783083,DF:A6:DC:DC:2E:81,-63
BLE,1705561851475813999,DF:DF:EE:00:00:01,-63
BLE,1705561851510764748,D3:F4:55:AB:96:20,-41
BLE,1705561851533171968,DF:DF:EE:00:00:04,-39
BLE,1705561851703900059,D3:F4:55:AB:96:20,-59
BLE,1705561851900391364,D3:F4:55:AB:96:20,-52
BLE,1705561852070342883,DF:DF:EE:00:00:04,-34
BLE,1705561852090260222,D3:F4:55:AB:96:20,-56
BLE,1705561852285641043,D3:F4:55:AB:96:20,-59
BLE,1705561852477819785,D3:F4:55:AB:96:20,-58
BLE,1705561852670730558,D3:F4:55:AB:96:20,-59
BLE,1705561853254243600,D3:F4:55:AB:96:20,-57
BLE,1705561853446110805,D3:F4:55:AB:96:20,-58
BLE,1705561853532082737,DF:DF:EE:00:00:04,-37
BLE,1705561853640845385,D3:F4:55:AB:96:20,-54
BLE,1705561853829569926,D3:F4:55:AB:96:20,-58
BLE,1705561854068359874,DF:DF:EE:00:00:04,-35
BLE,1705561854536272825,DF:DF:EE:00:00:04,-34
BLE,1705561854585409703,D3:F4:55:AB:96:20,-55
BLE,1705561854774471115,D3:F4:55:AB:96:20,-58
BLE,1705561854962112713,D3:F4:55:AB:96:20,-59
BLE,1705561855074754638,DF:DF:EE:00:00:04,-35
BLE,1705561855157097957,D3:F4:55:AB:96:20,-59
BLE,1705561855352276239,D3:F4:55:AB:96:20,-55
BLE,1705561855532974937,DF:DF:EE:00:00:04,-34
BLE,1705561855541510856,D3:F4:55:AB:96:20,-57
BLE,1705561855729508075,D3:F4:55:AB:96:20,-59
BLE,1705561855924795480,D3:F4:55:AB:96:20,-58
BLE,1705561856067563473,DF:DF:EE:00:00:04,-34
BLE,1705561856117967541,D3:F4:55:AB:96:20,-45
BLE,1705561856307949606,D3:F4:55:AB:96:20,-57
BLE,1705561856499080488,D3:F4:55:AB:96:20,-55
BLE,1705561856529470010,DF:DF:EE:00:00:04,-39
BLE,1705561856694859261,D3:F4:55:AB:96:20,-59
BLE,1705561856885713439,D3:F4:55:AB:96:20,-56
BLE,1705561857071599979,DF:DF:EE:00:00:04,-39
BLE,1705561857075459007,D3:F4:55:AB:96:20,-59
BLE,1705561857268377114,D3:F4:55:AB:96:20,-56
BLE,1705561857463124735,D3:F4:55:AB:96:20,-59
BLE,1705561857532931942,DF:DF:EE:00:00:04,-36
BLE,1705561857657744317,D3:F4:55:AB:96:20,-58
BLE,1705561857842991658,DF:A6:DC:DC:2E:81,-59
BLE,1705561857843019741,DF:DF:EE:00:00:01,-59
BLE,1705561858067497061,DF:DF:EE:00:00:04,-34
BLE,1705561858232481943,D3:F4:55:AB:96:20,-55
BLE,1705561858426642073,D3:F4:55:AB:96:20,-59
BLE,1705561858618484445,D3:F4:55:AB:96:20,-56
BLE,1705561858812127041,D3:F4:55:AB:96:20,-59
BLE,1705561859068497903,DF:DF:EE:00:00:04,-35
BLE,1705561859201915405,D3:F4:55:AB:96:20,-56
BLE,1705561860073890307,DF:DF:EE:00:00:04,-35
BLE,1705561860075462034,DF:DF:EE:00:00:04,-35
BLE,1705561860349205939,D3:F4:55:AB:96:20,-55
BLE,1705561860530776999,DF:DF:EE:00:00:04,-35
BLE,1705561860538415807,D3:F4:55:AB:96:20,-58
BLE,1705561860725977448,D3:F4:55:AB:96:20,-59
BLE,1705561860916110094,D3:F4:55:AB:96:20,-58
BLE,1705561861067901082,DF:DF:EE:00:00:04,-36
BLE,1705561861107231976,D3:F4:55:AB:96:20,-59
BLE,1705561861502975171,D3:F4:55:AB:96:20,-58
BLE,1705561861531030769,DF:DF:EE:00:00:04,-35
BLE,1705561861691164470,D3:F4:55:AB:96:20,-59
BLE,1705561861885745136,D3:F4:55:AB:96:20,-58
BLE,1705561862071804341,D3:F4:55:AB:96:20,-59
BLE,1705561862265801681,D3:F4:55:AB:96:20,-58
BLE,1705561862533948541,DF:DF:EE:00:00:04,-37
BLE,1705561863031771438,D3:F4:55:AB:96:20,-58
BLE,1705561863072079318,DF:DF:EE:00:00:04,-36
BLE,1705561863227479004,D3:F4:55:AB:96:20,-55
BLE,1705561863604481719,D3:F4:55:AB:96:20,-59
BLE,1705561863798120564,D3:F4:55:AB:96:20,-58
BLE,1705561863983492946,D3:F4:55:AB:96:20,-59
BLE,1705561864536072390,DF:DF:EE:00:00:04,-36
BLE,1705561864946062839,D3:F4:55:AB:96:20,-58
BLE,1705561865066201156,DF:DF:EE:00:00:04,-34
BLE,1705561865131807381,D3:F4:55:AB:96:20,-59
BLE,1705561865321300662,D3:F4:55:AB:96:20,-56
BLE,1705561865516013201,D3:F4:55:AB:96:20,-59
BLE,1705561865912074433,D3:F4:55:AB:96:20,-58
BLE,1705561866297544484,D3:F4:55:AB:96:20,-58
BLE,1705561866488341537,D3:F4:55:AB:96:20,-56
BLE,1705561866678585099,D3:F4:55:AB:96:20,-56
BLE,1705561866863607693,D3:F4:55:AB:96:20,-59
BLE,1705561867052699479,D3:F4:55:AB:96:20,-54
BLE,1705561867072970480,DF:DF:EE:00:00:04,-34
BLE,1705561867245877415,D3:F4:55:AB:96:20,-69
BLE,1705561867443948114,D3:F4:55:AB:96:20,-41
BLE,1705561867536090167,DF:DF:EE:00:00:04,-40
BLE,1705561867639347768,D3:F4:55:AB:96:20,-56
BLE,1705561868068855562,DF:DF:EE:00:00:04,-36
BLE,1705561868070546871,DF:DF:EE:00:00:04,-39
BLE,1705561868216874646,D3:F4:55:AB:96:20,-60
BLE,1705561868605973478,D3:F4:55:AB:96:20,-56
BLE,1705561869188141956,D3:F4:55:AB:96:20,-56
BLE,1705561869294488555,DF:A6:DC:DC:2E:81,-63
BLE,1705561869294515054,DF:DF:EE:00:00:01,-63
BLE,1705561869381882550,D3:F4:55:AB:96:20,-58
BLE,1705561869528093535,DF:DF:EE:00:00:04,-35
BLE,1705561869568421207,D3:F4:55:AB:96:20,-57
BLE,1705561869762845874,D3:F4:55:AB:96:20,-58
BLE,1705561869951531250,D3:F4:55:AB:96:20,-60
BLE,1705561870069419016,DF:DF:EE:00:00:04,-35
BLE,1705561870146144373,D3:F4:55:AB:96:20,-58
BLE,1705561870533717477,DF:DF:EE:00:00:04,-35
BLE,1705561870718520075,D3:F4:55:AB:96:20,-56
BLE,1705561871096631232,D3:F4:55:AB:96:20,-58
BLE,1705561871476164201,D3:F4:55:AB:96:20,-57
BLE,1705561871533309715,DF:DF:EE:00:00:04,-36
BLE,1705561871675065222,D3:F4:55:AB:96:20,-58
BLE,1705561872250586670,D3:F4:55:AB:96:20,-55
BLE,1705561872446361527,D3:F4:55:AB:96:20,-59
BLE,1705561872529845829,DF:DF:EE:00:00:04,-39
BLE,1705561872841162027,D3:F4:55:AB:96:20,-58
BLE,1705561873071931132,DF:DF:EE:00:00:04,-38
BLE,1705561873227630189,D3:F4:55:AB:96:20,-57
BLE,1705561873413663061,D3:F4:55:AB:96:20,-59
BLE,1705561873526448359,DF:DF:EE:00:00:04,-34
BLE,1705561873809696668,D3:F4:55:AB:96:20,-68
BLE,1705561874001221961,D3:F4:55:AB:96:20,-59
BLE,1705561874073617672,DF:DF:EE:00:00:04,-36
BLE,1705561874386171978,D3:F4:55:AB:96:20,-56
BLE,1705561874579370872,D3:F4:55:AB:96:20,-58
BLE,1705561874766341147,D3:F4:55:AB:96:20,-60
BLE,1705561874960392653,D3:F4:55:AB:96:20,-58
BLE,1705561875066241468,DF:DF:EE:00:00:04,-35
BLE,1705561875148058918,D3:F4:55:AB:96:20,-57
BLE,1705561875343559571,D3:F4:55:AB:96:20,-58
BLE,1705561875527625471,DF:DF:EE:00:00:04,-34
BLE,1705561875726067289,D3:F4:55:AB:96:20,-58
BLE,1705561875918747649,D3:F4:55:AB:96:20,-56
BLE,1705561876302039648,D3:F4:55:AB:96:20,-55
BLE,1705561876491210891,D3:F4:55:AB:96:20,-58
BLE,1705561876527010627,DF:DF:EE:00:00:04,-36
BLE,1705561876685199065,D3:F4:55:AB:96:20,-56
BLE,1705561876873818233,D3:F4:55:AB:96:20,-58
BLE,1705561876921586090,DF:A6:DC:DC:2E:81,-64
BLE,1705561876921612131,DF:DF:EE:00:00:01,-64
BLE,1705561877067568828,DF:DF:EE:00:00:04,-33
BLE,1705561877265715151,D3:F4:55:AB:96:20,-56
BLE,1705561877656746163,D3:F4:55:AB:96:20,-58
BLE,1705561877852048860,D3:F4:55:AB:96:20,-55
BLE,1705561878045870370,D3:F4:55:AB:96:20,-59
BLE,1705561878071920913,DF:DF:EE:00:00:04,-36
BLE,1705561878242292801,D3:F4:55:AB:96:20,-58
BLE,1705561878535071891,DF:DF:EE:00:00:04,-39
BLE,1705561878826168380,D3:F4:55:AB:96:20,-58
BLE,1705561879071267779,DF:DF:EE:00:00:04,-35
BLE,1705561879205121066,D3:F4:55:AB:96:20,-54
BLE,1705561879398566581,D3:F4:55:AB:96:20,-59
BLE,1705561879531061888,DF:DF:EE:00:00:04,-34
BLE,1705561879593698906,D3:F4:55:AB:96:20,-58
BLE,1705561879783335392,D3:F4:55:AB:96:20,-59
BLE,1705561880163261523,D3:F4:55:AB:96:20,-59
BLE,1705561880360189696,D3:F4:55:AB:96:20,-58
BLE,1705561880535837717,DF:DF:EE:00:00:04,-39
BLE,1705561880748409333,D3:F4:55:AB:96:20,-57
BLE,1705561880937627784,D3:F4:55:AB:96:20,-55
BLE,1705561881313487473,D3:F4:55:AB:96:20,-59
BLE,1705561881508921085,D3:F4:55:AB:96:20,-58
BLE,1705561881530110739,DF:DF:EE:00:00:04,-39
BLE,1705561881700196548,D3:F4:55:AB:96:20,-45
BLE,1705561881891216140,D3:F4:55:AB:96:20,-57
BLE,1705561882007018519,DF:A6:DC:DC:2E:81,-64
BLE,1705561882007047519,DF:DF:EE:00:00:01,-64
BLE,1705561882076403398,D3:F4:55:AB:96:20,-58
BLE,1705561882268894011,D3:F4:55:AB:96:20,-58
BLE,1705561882458388958,D3:F4:55:AB:96:20,-59
BLE,1705561882528466494,DF:DF:EE:00:00:04,-36
BLE,1705561882847618122,D3:F4:55:AB:96:20,-55
BLE,1705561883066359565,DF:DF:EE:00:00:04,-35
BLE,1705561883419368957,D3:F4:55:AB:96:20,-58
BLE,1705561883528984384,DF:DF:EE:00:00:04,-38
BLE,1705561883606387773,D3:F4:55:AB:96:20,-58
BLE,1705561883803763899,D3:F4:55:AB:96:20,-58
BLE,1705561883995067278,D3:F4:55:AB:96:20,-55
BLE,1705561884072869370,DF:DF:EE:00:00:04,-39
BLE,1705561884374390542,D3:F4:55:AB:96:20,-59
BLE,1705561884375909521,D3:F4:55:AB:96:20,-56
BLE,1705561884535182818,DF:DF:EE:00:00:04,-36
BLE,1705561884567530895,D3:F4:55:AB:96:20,-58
BLE,1705561884762689261,D3:F4:55:AB:96:20,-56
BLE,1705561884953748436,D3:F4:55:AB:96:20,-59
BLE,1705561885149344795,D3:F4:55:AB:96:20,-58
BLE,1705561885338915824,D3:F4:55:AB:96:20,-43
BLE,1705561885533442324,D3:F4:55:AB:96:20,-58
BLE,1705561885723095561,D3:F4:55:AB:96:20,-58
BLE,1705561885918611005,D3:F4:55:AB:96:20,-58
BLE,1705561886492258313,D3:F4:55:AB:96:20,-56
BLE,1705561886886085911,D3:F4:55:AB:96:20,-58
BLE,1705561887069004702,DF:DF:EE:00:00:04,-34
BLE,1705561887078466358,D3:F4:55:AB:96:20,-55
BLE,1705561887091710543,DF:A6:DC:DC:2E:81,-64
BLE,1705561887091735918,DF:DF:EE:00:00:01,-64
BLE,1705561887467717938,D3:F4:55:AB:96:20,-58
BLE,1705561887526531719,DF:DF:EE:00:00:04,-35
BLE,1705561887850623859,D3:F4:55:AB:96:20,-57
BLE,1705561888071971099,DF:DF:EE:00:00:04,-36
BLE,1705561888073535243,DF:DF:EE:00:00:04,-40
BLE,1705561888529015290,DF:DF:EE:00:00:04,-38
BLE,1705561888622226494,D3:F4:55:AB:96:20,-59
BLE,1705561888818212097,D3:F4:55:AB:96:20,-58
BLE,1705561889006573394,D3:F4:55:AB:96:20,-59
BLE,1705561889204187933,D3:F4:55:AB:96:20,-58
BLE,1705561889391592576,D3:F4:55:AB:96:20,-60
BLE,1705561889525961731,DF:DF:EE:00:00:04,-35
BLE,1705561889584896385,D3:F4:55:AB:96:20,-58
BLE,1705561889636797182,DF:A6:DC:DC:2E:81,-63
BLE,1705561889636831682,DF:DF:EE:00:00:01,-63
BLE,1705561889773516553,D3:F4:55:AB:96:20,-59
BLE,1705561890070432375,DF:DF:EE:00:00:04,-36
BLE,1705561890353803475,D3:F4:55:AB:96:20,-59
BLE,1705561890527274735,DF:DF:EE:00:00:04,-38
BLE,1705561890924858946,D3:F4:55:AB:96:20,-55
BLE,1705561891310282456,D3:F4:55:AB:96:20,-56
BLE,1705561891532807637,DF:DF:EE:00:00:04,-35
BLE,1705561891693063712,D3:F4:55:AB:96:20,-55
BLE,1705561892072350060,DF:DF:EE:00:00:04,-36
BLE,1705561892081763217,D3:F4:55:AB:96:20,-58
BLE,1705561892271029667,D3:F4:55:AB:96:20,-59
BLE,1705561892532894909,DF:DF:EE:00:00:04,-39
BLE,1705561892660218790,D3:F4:55:AB:96:20,-55
BLE,1705561892854746248,D3:F4:55:AB:96:20,-57
BLE,1705561893046203625,D3:F4:55:AB:96:20,-58
BLE,1705561893242351518,D3:F4:55:AB:96:20,-56
BLE,1705561893436079363,D3:F4:55:AB:96:20,-59
BLE,1705561893526366817,DF:DF:EE:00:00:04,-34
BLE,1705561893635269421,D3:F4:55:AB:96:20,-56
BLE,1705561894066703854,DF:DF:EE:00:00:04,-34
BLE,1705561894214134238,D3:F4:55:AB:96:20,-56
BLE,1705561894411193451,D3:F4:55:AB:96:20,-54
BLE,1705561894529033010,DF:DF:EE:00:00:04,-35
BLE,1705561894721686495,DF:A6:DC:DC:2E:81,-64
BLE,1705561894721719203,DF:DF:EE:00:00:01,-64
BLE,1705561894795583559,D3:F4:55:AB:96:20,-56
BLE,1705561895071882302,DF:DF:EE:00:00:04,-39
BLE,1705561895530511011,DF:DF:EE:00:00:04,-34
BLE,1705561896072959643,DF:DF:EE:00:00:04,-34
BLE,1705561896133089822,D3:F4:55:AB:96:20,-58
BLE,1705561896515859745,D3:F4:55:AB:96:20,-57
BLE,1705561896530633574,DF:DF:EE:00:00:04,-34
BLE,1705561896706719672,D3:F4:55:AB:96:20,-54
BLE,1705561896897863179,D3:F4:55:AB:96:20,-58
BLE,1705561897074021692,DF:DF:EE:00:00:04,-38
BLE,1705561897277964182,D3:F4:55:AB:96:20,-58
BLE,1705561897466868429,D3:F4:55:AB:96:20,-44
BLE,1705561897533134436,DF:DF:EE:00:00:04,-35
BLE,1705561897847982542,D3:F4:55:AB:96:20,-59
BLE,1705561898046236655,D3:F4:55:AB:96:20,-58
BLE,1705561898072922064,DF:DF:EE:00:00:04,-35
BLE,1705561898237056875,D3:F4:55:AB:96:20,-56
BLE,1705561898526166601,DF:DF:EE:00:00:04,-34
BLE,1705561898999964717,D3:F4:55:AB:96:20,-53
BLE,1705561899072525051,DF:DF:EE:00:00:04,-36
BLE,1705561899384310743,D3:F4:55:AB:96:20,-40
BLE,1705561899576985936,D3:F4:55:AB:96:20,-56
BLE,1705561899804256299,DF:A6:DC:DC:2E:81,-49
BLE,1705561899804287382,DF:DF:EE:00:00:01,-49
BLE,1705561900069158039,DF:DF:EE:00:00:04,-39
BLE,1705561900149724133,D3:F4:55:AB:96:20,-45
BLE,1705561900534272113,DF:DF:EE:00:00:04,-35
BLE,1705561901112194111,D3:F4:55:AB:96:20,-58
BLE,1705561901302546754,D3:F4:55:AB:96:20,-46
BLE,1705561901303896943,D3:F4:55:AB:96:20,-48
BLE,1705561901498820270,D3:F4:55:AB:96:20,-54
BLE,1705561901533267359,DF:DF:EE:00:00:04,-39
BLE,1705561901689034582,D3:F4:55:AB:96:20,-58
BLE,1705561901879291560,D3:F4:55:AB:96:20,-59
BLE,1705561902070527107,D3:F4:55:AB:96:20,-58
BLE,1705561902073707561,DF:DF:EE:00:00:04,-39
BLE,1705561902256504437,D3:F4:55:AB:96:20,-59
BLE,1705561902534997565,DF:DF:EE:00:00:04,-35
BLE,1705561902844076046,D3:F4:55:AB:96:20,-57
BLE,1705561903039688114,D3:F4:55:AB:96:20,-57
BLE,1705561903071005998,DF:DF:EE:00:00:04,-20
BLE,1705561903423797934,D3:F4:55:AB:96:20,-57
BLE,1705561903528023897,DF:DF:EE:00:00:04,-36
BLE,1705561903618456057,D3:F4:55:AB:96:20,-54
BLE,1705561903809016030,D3:F4:55:AB:96:20,-58
BLE,1705561904001677182,D3:F4:55:AB:96:20,-56
BLE,1705561904072651997,DF:DF:EE:00:00:04,-51
BLE,1705561904567996263,D3:F4:55:AB:96:20,-58
BLE,1705561904753834387,D3:F4:55:AB:96:20,-57
BLE,1705561904951593549,D3:F4:55:AB:96:20,-57
BLE,1705561905526784669,DF:DF:EE:00:00:04,-38
BLE,1705561905534389393,D3:F4:55:AB:96:20,-42
BLE,1705561905916956110,D3:F4:55:AB:96:20,-42
BLE,1705561906069488296,DF:DF:EE:00:00:04,-43
BLE,1705561906113058046,D3:F4:55:AB:96:20,-54
BLE,1705561906497599652,D3:F4:55:AB:96:20,-45
BLE,1705561906528828579,DF:DF:EE:00:00:04,-46
BLE,1705561906692640644,D3:F4:55:AB:96:20,-58
BLE,1705561907065681582,DF:DF:EE:00:00:04,-40
BLE,1705561907270195355,D3:F4:55:AB:96:20,-58
BLE,1705561907456401308,D3:F4:55:AB:96:20,-57
BLE,1705561907534582352,DF:DF:EE:00:00:04,-35
BLE,1705561907849511791,D3:F4:55:AB:96:20,-56
BLE,1705561908073838904,DF:DF:EE:00:00:04,-36
BLE,1705561908236418154,D3:F4:55:AB:96:20,-56
BLE,1705561908423206849,D3:F4:55:AB:96:20,-43
BLE,1705561908618569003,D3:F4:55:AB:96:20,-58
BLE,1705561908810201961,D3:F4:55:AB:96:20,-58
BLE,1705561909005195621,D3:F4:55:AB:96:20,-58
BLE,1705561909068216675,DF:DF:EE:00:00:04,-46
BLE,1705561909202637287,D3:F4:55:AB:96:20,-58
BLE,1705561909395097567,D3:F4:55:AB:96:20,-58
BLE,1705561910000759499,DF:A6:DC:DC:2E:81,-48
BLE,1705561910000799332,DF:DF:EE:00:00:01,-48
BLE,1705561910067698122,DF:DF:EE:00:00:04,-34
BLE,1705561910173989679,D3:F4:55:AB:96:20,-57
BLE,1705561910369636996,D3:F4:55:AB:96:20,-56
BLE,1705561910562037985,D3:F4:55:AB:96:20,-58
BLE,1705561910752634333,D3:F4:55:AB:96:20,-54
BLE,1705561911068984376,DF:DF:EE:00:00:04,-39
BLE,1705561911333578329,D3:F4:55:AB:96:20,-54
BLE,1705561911527717501,D3:F4:55:AB:96:20,-60
BLE,1705561911528776819,DF:DF:EE:00:00:04,-33
BLE,1705561911721459637,D3:F4:55:AB:96:20,-57
BLE,1705561911911085915,D3:F4:55:AB:96:20,-57
BLE,1705561912072112396,DF:DF:EE:00:00:04,-36
BLE,1705561912100771693,D3:F4:55:AB:96:20,-56
BLE,1705561912289074948,D3:F4:55:AB:96:20,-58
BLE,1705561912483045540,D3:F4:55:AB:96:20,-56
BLE,1705561912531769007,DF:DF:EE:00:00:04,-39
BLE,1705561912678600733,D3:F4:55:AB:96:20,-59
BLE,1705561912869702407,D3:F4:55:AB:96:20,-58
BLE,1705561913064752441,D3:F4:55:AB:96:20,-50
BLE,1705561913073286152,DF:DF:EE:00:00:04,-39
BLE,1705561913255568661,D3:F4:55:AB:96:20,-58
BLE,1705561913531191580,DF:DF:EE:00:00:04,-35
BLE,1705561913830935569,D3:F4:55:AB:96:20,-56
BLE,1705561914020364809,D3:F4:55:AB:96:20,-42
BLE,1705561914206992422,D3:F4:55:AB:96:20,-59
BLE,1705561914404870916,D3:F4:55:AB:96:20,-58
BLE,1705561914535779953,DF:DF:EE:00:00:04,-39
BLE,1705561914592267393,D3:F4:55:AB:96:20,-60
BLE,1705561914785670450,D3:F4:55:AB:96:20,-58
BLE,1705561914981203894,D3:F4:55:AB:96:20,-56
BLE,1705561915070959314,DF:DF:EE:00:00:04,-36
BLE,1705561915085859850,DF:A6:DC:DC:2E:81,-64
BLE,1705561915085885517,DF:DF:EE:00:00:01,-64
BLE,1705561915558049240,D3:F4:55:AB:96:20,-57
BLE,1705561915753991011,D3:F4:55:AB:96:20,-57
BLE,1705561915946567331,D3:F4:55:AB:96:20,-56
BLE,1705561916067323222,DF:DF:EE:00:00:04,-38
BLE,1705561916140880000,D3:F4:55:AB:96:20,-59
BLE,1705561916337140683,D3:F4:55:AB:96:20,-56
BLE,1705561916524191124,D3:F4:55:AB:96:20,-59
BLE,1705561916532295841,DF:DF:EE:00:00:04,-33
BLE,1705561916718695041,D3:F4:55:AB:96:20,-58
BLE,1705561916905354570,D3:F4:55:AB:96:20,-59
BLE,1705561917073946025,DF:DF:EE:00:00:04,-36
BLE,1705561917100820890,D3:F4:55:AB:96:20,-58
BLE,1705561917289442266,D3:F4:55:AB:96:20,-60
BLE,1705561917528462252,DF:DF:EE:00:00:04,-39
BLE,1705561918069820482,DF:DF:EE:00:00:04,-39
BLE,1705561918434352417,D3:F4:55:AB:96:20,-60
BLE,1705561918532238804,DF:DF:EE:00:00:04,-35
BLE,1705561918632820985,D3:F4:55:AB:96:20,-58
BLE,1705561918821577318,D3:F4:55:AB:96:20,-59
BLE,1705561918912133018,DF:A6:DC:DC:2E:81,-65
BLE,1705561918912160935,DF:DF:EE:00:00:01,-65
BLE,1705561919065849062,DF:DF:EE:00:00:04,-34
BLE,1705561919215849576,D3:F4:55:AB:96:20,-58
BLE,1705561919403139846,D3:F4:55:AB:96:20,-59
BLE,1705561919526536117,DF:DF:EE:00:00:04,-37
BLE,1705561919976017624,D3:F4:55:AB:96:20,-56
BLE,1705561920066164331,DF:DF:EE:00:00:04,-33
BLE,1705561920167283171,D3:F4:55:AB:96:20,-59
BLE,1705561920359121001,D3:F4:55:AB:96:20,-55
BLE,1705561920534280320,DF:DF:EE:00:00:04,-35
BLE,1705561920742898618,D3:F4:55:AB:96:20,-55
BLE,1705561920933270011,D3:F4:55:AB:96:20,-57
BLE,1705561921124797554,D3:F4:55:AB:96:20,-56
BLE,1705561921319224846,D3:F4:55:AB:96:20,-58
BLE,1705561921707096905,D3:F4:55:AB:96:20,-56
BLE,1705561921900469796,D3:F4:55:AB:96:20,-58
BLE,1705561922069742033,DF:DF:EE:00:00:04,-34
BLE,1705561922091024478,D3:F4:55:AB:96:20,-56
BLE,1705561922283190636,D3:F4:55:AB:96:20,-59
BLE,1705561922479311655,D3:F4:55:AB:96:20,-58
BLE,1705561922531742236,DF:DF:EE:00:00:04,-34
BLE,1705561922674226858,D3:F4:55:AB:96:20,-56
BLE,1705561923056918532,D3:F4:55:AB:96:20,-56
BLE,1705561923252405809,D3:F4:55:AB:96:20,-59
BLE,1705561923444754882,D3:F4:55:AB:96:20,-58
BLE,1705561923531358723,DF:DF:EE:00:00:04,-36
BLE,1705561923636708586,D3:F4:55:AB:96:20,-59
BLE,1705561923831980158,D3:F4:55:AB:96:20,-58
BLE,1705561923993525089,DF:A6:DC:DC:2E:81,-49
BLE,1705561923993555381,DF:DF:EE:00:00:01,-49
BLE,1705561924018348108,D3:F4:55:AB:96:20,-60
BLE,1705561924067208699,DF:DF:EE:00:00:04,-35
BLE,1705561924214169048,D3:F4:55:AB:96:20,-57
BLE,1705561924400491207,D3:F4:55:AB:96:20,-57
BLE,1705561924528084292,DF:DF:EE:00:00:04,-38
BLE,1705561924588888961,D3:F4:55:AB:96:20,-56
BLE,1705561924977423468,D3:F4:55:AB:96:20,-58
BLE,1705561925071987445,DF:DF:EE:00:00:04,-35
BLE,1705561925164476659,D3:F4:55:AB:96:20,-59
BLE,1705561925524470409,DF:DF:EE:00:00:04,-35
BLE,1705561925560772929,D3:F4:55:AB:96:20,-58
BLE,1705561925747308502,D3:F4:55:AB:96:20,-59
BLE,1705561925943017610,D3:F4:55:AB:96:20,-58
BLE,1705561926064878153,DF:DF:EE:00:00:04,-34
BLE,1705561926133037800,D3:F4:55:AB:96:20,-59
BLE,1705561926322135502,D3:F4:55:AB:96:20,-56
BLE,1705561927068604747,DF:DF:EE:00:00:04,-39
BLE,1705561927084328230,D3:F4:55:AB:96:20,-54
BLE,1705561927273580847,D3:F4:55:AB:96:20,-58
BLE,1705561927532112553,DF:DF:EE:00:00:04,-35
BLE,1705561927657338006,D3:F4:55:AB:96:20,-56
BLE,1705561927819807632,DF:A6:DC:DC:2E:81,-63
BLE,1705561927819837674,DF:DF:EE:00:00:01,-63
BLE,1705561927843341836,D3:F4:55:AB:96:20,-59
BLE,1705561928037663464,D3:F4:55:AB:96:20,-58
BLE,1705561928417761217,D3:F4:55:AB:96:20,-57
BLE,1705561928527812554,DF:DF:EE:00:00:04,-36
BLE,1705561928801042133,D3:F4:55:AB:96:20,-53
BLE,1705561928986950715,D3:F4:55:AB:96:20,-59
BLE,1705561929071836163,DF:DF:EE:00:00:04,-39
BLE,1705561929185221577,D3:F4:55:AB:96:20,-57
BLE,1705561929371904148,D3:F4:55:AB:96:20,-59
BLE,1705561929568651116,D3:F4:55:AB:96:20,-58
BLE,1705561929754325868,D3:F4:55:AB:96:20,-59
BLE,1705561929945548623,D3:F4:55:AB:96:20,-56
BLE,1705561930068105698,DF:DF:EE:00:00:04,-34
BLE,1705561930142207509,D3:F4:55:AB:96:20,-56
BLE,1705561930528849002,DF:DF:EE:00:00:04,-36
BLE,1705561931073547934,DF:DF:EE:00:00:04,-39
BLE,1705561931099883431,D3:F4:55:AB:96:20,-57
BLE,1705561931292682289,D3:F4:55:AB:96:20,-55
BLE,1705561931487046166,D3:F4:55:AB:96:20,-59
BLE,1705561931532493847,DF:DF:EE:00:00:04,-34
BLE,1705561931644914276,DF:A6:DC:DC:2E:81,-64
BLE,1705561931644949525,DF:DF:EE:00:00:01,-64
BLE,1705561931679635652,D3:F4:55:AB:96:20,-58
BLE,1705561931868385568,D3:F4:55:AB:96:20,-59
BLE,1705561932058815044,D3:F4:55:AB:96:20,-56
BLE,1705561932252457098,D3:F4:55:AB:96:20,-59
BLE,1705561932446989597,D3:F4:55:AB:96:20,-58
BLE,1705561932530650772,DF:DF:EE:00:00:04,-35
BLE,1705561932634816318,D3:F4:55:AB:96:20,-59
BLE,1705561933067398527,DF:DF:EE:00:00:04,-36
BLE,1705561933802431352,D3:F4:55:AB:96:20,-58
BLE,1705561933991318975,D3:F4:55:AB:96:20,-56
BLE,1705561934068196830,DF:DF:EE:00:00:04,-39
BLE,1705561934186437924,D3:F4:55:AB:96:20,-59
BLE,1705561934383560803,D3:F4:55:AB:96:20,-58
BLE,1705561934532593331,DF:DF:EE:00:00:04,-36
BLE,1705561934770751246,D3:F4:55:AB:96:20,-60
BLE,1705561935063748500,DF:DF:EE:00:00:04,-34
BLE,1705561935149976512,D3:F4:55:AB:96:20,-58
BLE,1705561935914004380,D3:F4:55:AB:96:20,-56
BLE,1705561936071698325,DF:DF:EE:00:00:04,-39
BLE,1705561936494453841,D3:F4:55:AB:96:20,-58
BLE,1705561936530011039,DF:DF:EE:00:00:04,-35
BLE,1705561936875372207,D3:F4:55:AB:96:20,-56
BLE,1705561937064846321,DF:DF:EE:00:00:04,-36
BLE,1705561937068314438,D3:F4:55:AB:96:20,-57
BLE,1705561937455361633,D3:F4:55:AB:96:20,-56
BLE,1705561937526364239,DF:DF:EE:00:00:04,-38
BLE,1705561937646239852,D3:F4:55:AB:96:20,-58
BLE,1705561937837972850,D3:F4:55:AB:96:20,-56
BLE,1705561938013406082,DF:A6:DC:DC:2E:81,-64
BLE,1705561938013438332,DF:DF:EE:00:00:01,-64
BLE,1705561938033258214,D3:F4:55:AB:96:20,-59
BLE,1705561938074413748,DF:DF:EE:00:00:04,-38
BLE,1705561938232305107,D3:F4:55:AB:96:20,-58
BLE,1705561938418392145,D3:F4:55:AB:96:20,-59
BLE,1705561938530102708,DF:DF:EE:00:00:04,-35
BLE,1705561938607722636,D3:F4:55:AB:96:20,-56
BLE,1705561938799184555,D3:F4:55:AB:96:20,-58
BLE,1705561939188336220,D3:F4:55:AB:96:20,-56
BLE,1705561939571055518,D3:F4:55:AB:96:20,-56
BLE,1705561939961276835,D3:F4:55:AB:96:20,-58
BLE,1705561940351652065,D3:F4:55:AB:96:20,-59
BLE,1705561940545825153,D3:F4:55:AB:96:20,-58
BLE,1705561940735531264,D3:F4:55:AB:96:20,-59
BLE,1705561941065946522,DF:DF:EE:00:00:04,-38
BLE,1705561941118563725,D3:F4:55:AB:96:20,-59
BLE,1705561941312607107,D3:F4:55:AB:96:20,-58
BLE,1705561941505165385,D3:F4:55:AB:96:20,-56
BLE,1705561941528475675,DF:DF:EE:00:00:04,-36
BLE,1705561941696901175,D3:F4:55:AB:96:20,-58
BLE,1705561941836144551,DF:A6:DC:DC:2E:81,-65
BLE,1705561941836175092,DF:DF:EE:00:00:01,-65
BLE,1705561941891378634,D3:F4:55:AB:96:20,-54
BLE,1705561942067734519,DF:DF:EE:00:00:04,-35
BLE,1705561942086493375,D3:F4:55:AB:96:20,-57
BLE,1705561942278077125,D3:F4:55:AB:96:20,-58
BLE,1705561942532175312,DF:DF:EE:00:00:04,-30
BLE,1705561942664658702,D3:F4:55:AB:96:20,-57
BLE,1705561943065865110,DF:DF:EE:00:00:04,-39
BLE,1705561943243338563,D3:F4:55:AB:96:20,-56
BLE,1705561943524802399,DF:DF:EE:00:00:04,-34
BLE,1705561943817074996,D3:F4:55:AB:96:20,-59
BLE,1705561944011148085,D3:F4:55:AB:96:20,-58
BLE,1705561944065358057,DF:DF:EE:00:00:04,-34
BLE,1705561944198865808,D3:F4:55:AB:96:20,-59
BLE,1705561944380368286,DF:A6:DC:DC:2E:81,-64
BLE,1705561944380402452,DF:DF:EE:00:00:01,-64
BLE,1705561944397015922,D3:F4:55:AB:96:20,-58
BLE,1705561944529626436,DF:DF:EE:00:00:04,-39
BLE,1705561944583440538,D3:F4:55:AB:96:20,-59
BLE,1705561944967556234,D3:F4:55:AB:96:20,-59
BLE,1705561945158030583,D3:F4:55:AB:96:20,-58
BLE,1705561945345117398,D3:F4:55:AB:96:20,-59
BLE,1705561945532288587,DF:DF:EE:00:00:04,-36
BLE,1705561945536191948,D3:F4:55:AB:96:20,-55
BLE,1705561945917788763,D3:F4:55:AB:96:20,-55
BLE,1705561946298797294,D3:F4:55:AB:96:20,-56
BLE,1705561946488837942,D3:F4:55:AB:96:20,-58
BLE,1705561946524000020,DF:DF:EE:00:00:04,-35
BLE,1705561946674198990,D3:F4:55:AB:96:20,-60
BLE,1705561947053166509,D3:F4:55:AB:96:20,-58
BLE,1705561947065439875,DF:DF:EE:00:00:04,-36
BLE,1705561947245409917,D3:F4:55:AB:96:20,-56
BLE,1705561947527595283,DF:DF:EE:00:00:04,-35
BLE,1705561948008355425,D3:F4:55:AB:96:20,-56
BLE,1705561948200410335,D3:F4:55:AB:96:20,-58
BLE,1705561948386622288,D3:F4:55:AB:96:20,-59
BLE,1705561948526543113,DF:DF:EE:00:00:04,-36
BLE,1705561948779440900,D3:F4:55:AB:96:20,-40
BLE,1705561948967706823,D3:F4:55:AB:96:20,-59
BLE,1705561949065916414,DF:DF:EE:00:00:04,-35
BLE,1705561949158793622,D3:F4:55:AB:96:20,-56
BLE,1705561949347750619,D3:F4:55:AB:96:20,-58
BLE,1705561949541287591,D3:F4:55:AB:96:20,-56
BLE,1705561949921125806,D3:F4:55:AB:96:20,-55
BLE,1705561950112152439,D3:F4:55:AB:96:20,-57
BLE,1705561950493561340,D3:F4:55:AB:96:20,-58
BLE,1705561950528454548,DF:DF:EE:00:00:04,-36
BLE,1705561950679197176,D3:F4:55:AB:96:20,-59
BLE,1705561950744852317,DF:A6:DC:DC:2E:81,-65
BLE,1705561950744884317,DF:DF:EE:00:00:01,-65
BLE,1705561950877032837,D3:F4:55:AB:96:20,-58
BLE,1705561951064007195,DF:DF:EE:00:00:04,-34
BLE,1705561951255340199,D3:F4:55:AB:96:20,-57
BLE,1705561951826522918,D3:F4:55:AB:96:20,-59
BLE,1705561952405514150,D3:F4:55:AB:96:20,-58
BLE,1705561952524829979,DF:DF:EE:00:00:04,-34
BLE,1705561952600817680,D3:F4:55:AB:96:20,-56
BLE,1705561953065799673,DF:DF:EE:00:00:04,-35
BLE,1705561953173212673,D3:F4:55:AB:96:20,-58
BLE,1705561953370351219,D3:F4:55:AB:96:20,-58
BLE,1705561953525769822,DF:DF:EE:00:00:04,-34
BLE,1705561953560403658,D3:F4:55:AB:96:20,-59
BLE,1705561953753800132,D3:F4:55:AB:96:20,-58
BLE,1705561953946026665,D3:F4:55:AB:96:20,-60
BLE,1705561954071471865,DF:DF:EE:00:00:04,-39
BLE,1705561954525217019,DF:DF:EE:00:00:04,-35
BLE,1705561954720048098,D3:F4:55:AB:96:20,-58
BLE,1705561955067375613,DF:DF:EE:00:00:04,-34
BLE,1705561955105763437,D3:F4:55:AB:96:20,-57
BLE,1705561955297768598,D3:F4:55:AB:96:20,-56
BLE,1705561955493020087,D3:F4:55:AB:96:20,-59
BLE,1705561955527911670,DF:DF:EE:00:00:04,-35
BLE,1705561955833195289,DF:A6:DC:DC:2E:81,-64
BLE,1705561955833231246,DF:DF:EE:00:00:01,-64
BLE,1705561955879034297,D3:F4:55:AB:96:20,-57
BLE,1705561956064973420,DF:DF:EE:00:00:04,-36
BLE,1705561956269081658,D3:F4:55:AB:96:20,-56
BLE,1705561956460255122,D3:F4:55:AB:96:20,-53
BLE,1705561956649169869,D3:F4:55:AB:96:20,-56
BLE,1705561957413173737,D3:F4:55:AB:96:20,-56
BLE,1705561957523201325,DF:DF:EE:00:00:04,-34
BLE,1705561958062471794,DF:DF:EE:00:00:04,-35
BLE,1705561958186681011,D3:F4:55:AB:96:20,-58
BLE,1705561958375204847,D3:F4:55:AB:96:20,-57
BLE,1705561958564408131,D3:F4:55:AB:96:20,-45
BLE,1705561958757806439,D3:F4:55:AB:96:20,-60
BLE,1705561959065769686,DF:DF:EE:00:00:04,-38
BLE,1705561959139296256,D3:F4:55:AB:96:20,-59
BLE,1705561959334394789,D3:F4:55:AB:96:20,-67
BLE,1705561959522536797,DF:DF:EE:00:00:04,-35
BLE,1705561959524892846,D3:F4:55:AB:96:20,-59
BLE,1705561959718862604,D3:F4:55:AB:96:20,-57
BLE,1705561959908184762,D3:F4:55:AB:96:20,-43
BLE,1705561960071543126,DF:DF:EE:00:00:04,-35
BLE,1705561960105512513,D3:F4:55:AB:96:20,-57
BLE,1705561960297806878,D3:F4:55:AB:96:20,-56
BLE,1705561960490541779,D3:F4:55:AB:96:20,-54
BLE,1705561960528135948,DF:DF:EE:00:00:04,-40
BLE,1705561960679807438,D3:F4:55:AB:96:20,-54
BLE,1705561961059652028,D3:F4:55:AB:96:20,-56
BLE,1705561961249681259,D3:F4:55:AB:96:20,-58
BLE,1705561961442979651,D3:F4:55:AB:96:20,-55
BLE,1705561961523215916,DF:DF:EE:00:00:04,-35
BLE,1705561961832170649,D3:F4:55:AB:96:20,-58
BLE,1705561962022535208,D3:F4:55:AB:96:20,-59
BLE,1705561962071679211,DF:DF:EE:00:00:04,-36
BLE,1705561962528287908,DF:DF:EE:00:00:04,-39
BLE,1705561962793075899,D3:F4:55:AB:96:20,-56
BLE,1705561962988023768,D3:F4:55:AB:96:20,-59
BLE,1705561963064262007,DF:DF:EE:00:00:04,-36
BLE,1705561963181291203,D3:F4:55:AB:96:20,-58
BLE,1705561963376988977,D3:F4:55:AB:96:20,-55
BLE,1705561963463480778,DF:A6:DC:DC:2E:81,-63
BLE,1705561963463509069,DF:DF:EE:00:00:01,-63
BLE,1705561963967553460,D3:F4:55:AB:96:20,-58
BLE,1705561964155582303,D3:F4:55:AB:96:20,-59
BLE,1705561964532189189,DF:DF:EE:00:00:04,-39
BLE,1705561964733839004,D3:F4:55:AB:96:20,-58
BLE,1705561965061038516,DF:DF:EE:00:00:04,-34
BLE,1705561965119349721,D3:F4:55:AB:96:20,-42
BLE,1705561965508133766,D3:F4:55:AB:96:20,-59
BLE,1705561965898406414,D3:F4:55:AB:96:20,-56
BLE,1705561966093181702,D3:F4:55:AB:96:20,-60
BLE,1705561966283841883,D3:F4:55:AB:96:20,-56
BLE,1705561966477579477,D3:F4:55:AB:96:20,-53
BLE,1705561966526600232,DF:DF:EE:00:00:04,-37
BLE,1705561966866983763,D3:F4:55:AB:96:20,-56
BLE,1705561967061785551,D3:F4:55:AB:96:20,-58
BLE,1705561967068902782,DF:DF:EE:00:00:04,-35
BLE,1705561967284689768,DF:A6:DC:DC:2E:81,-65
BLE,1705561967284718976,DF:DF:EE:00:00:01,-65
BLE,1705561967531676182,DF:DF:EE:00:00:04,-34
BLE,1705561967642849795,D3:F4:55:AB:96:20,-59
BLE,1705561967833941760,D3:F4:55:AB:96:20,-54
BLE,1705561968408683137,D3:F4:55:AB:96:20,-53
BLE,1705561968805137289,D3:F4:55:AB:96:20,-52
BLE,1705561969062017300,DF:DF:EE:00:00:04,-35
BLE,1705561969182035677,D3:F4:55:AB:96:20,-45
BLE,1705561969528404260,DF:DF:EE:00:00:04,-39
BLE,1705561969565905256,D3:F4:55:AB:96:20,-45
BLE,1705561969757710755,D3:F4:55:AB:96:20,-59
BLE,1705561969826772791,DF:A6:DC:DC:2E:81,-65
BLE,1705561969826802291,DF:DF:EE:00:00:01,-65
BLE,1705561969946780086,D3:F4:55:AB:96:20,-54
BLE,1705561970140749595,D3:F4:55:AB:96:20,-53
BLE,1705561970330607623,D3:F4:55:AB:96:20,-55
BLE,1705561970716059220,D3:F4:55:AB:96:20,-50
BLE,1705561971304938689,D3:F4:55:AB:96:20,-42
BLE,1705561971524209705,DF:DF:EE:00:00:04,-36
BLE,1705561971688193234,D3:F4:55:AB:96:20,-57
BLE,1705561971874890641,D3:F4:55:AB:96:20,-59
BLE,1705561972062402120,DF:DF:EE:00:00:04,-35
BLE,1705561972255204646,D3:F4:55:AB:96:20,-59
BLE,1705561972373455216,DF:A6:DC:DC:2E:81,-64
BLE,1705561972373481424,DF:DF:EE:00:00:01,-64
BLE,1705561972447764218,D3:F4:55:AB:96:20,-56
BLE,1705561972525803082,DF:DF:EE:00:00:04,-35
BLE,1705561972825835547,D3:F4:55:AB:96:20,-54
BLE,1705561973207762070,D3:F4:55:AB:96:20,-45
BLE,1705561973403251724,D3:F4:55:AB:96:20,-58
BLE,1705561973525510986,DF:DF:EE:00:00:04,-36
BLE,1705561973601605212,D3:F4:55:AB:96:20,-59
BLE,1705561973650353085,DF:A6:DC:DC:2E:81,-48
BLE,1705561973650380876,DF:DF:EE:00:00:01,-48
BLE,1705561973787787876,D3:F4:55:AB:96:20,-58
BLE,1705561973982710163,D3:F4:55:AB:96:20,-56
BLE,1705561974062955870,DF:DF:EE:00:00:04,-35
BLE,1705561974168429043,D3:F4:55:AB:96:20,-57
BLE,1705561974367430063,D3:F4:55:AB:96:20,-58
BLE,1705561974562687012,D3:F4:55:AB:96:20,-56
BLE,1705561974945210859,D3:F4:55:AB:96:20,-56
BLE,1705561975065503108,DF:DF:EE:00:00:04,-39
BLE,1705561975133998486,D3:F4:55:AB:96:20,-58
BLE,1705561975331231906,D3:F4:55:AB:96:20,-58
BLE,1705561975519227461,D3:F4:55:AB:96:20,-44
BLE,1705561975530862000,DF:DF:EE:00:00:04,-36
BLE,1705561975904146732,D3:F4:55:AB:96:20,-59
BLE,1705561976100372126,D3:F4:55:AB:96:20,-58
BLE,1705561976287208364,D3:F4:55:AB:96:20,-59
BLE,1705561976525374188,DF:DF:EE:00:00:04,-23
BLE,1705561976678968369,D3:F4:55:AB:96:20,-55
BLE,1705561976680314641,D3:F4:55:AB:96:20,-58
BLE,1705561977061264262,D3:F4:55:AB:96:20,-56
BLE,1705561977067689835,DF:DF:EE:00:00:04,-38
BLE,1705561977253118594,D3:F4:55:AB:96:20,-59
BLE,1705561977450923964,D3:F4:55:AB:96:20,-56
BLE,1705561977522799959,DF:DF:EE:00:00:04,-34
BLE,1705561977640713784,D3:F4:55:AB:96:20,-55
BLE,1705561978027939272,D3:F4:55:AB:96:20,-56
BLE,1705561978063314924,DF:DF:EE:00:00:04,-36
BLE,1705561978218311001,D3:F4:55:AB:96:20,-59
BLE,1705561978416725987,D3:F4:55:AB:96:20,-57
BLE,1705561978523102938,DF:DF:EE:00:00:04,-36
BLE,1705561978604522961,D3:F4:55:AB:96:20,-59
BLE,1705561978739562079,DF:A6:DC:DC:2E:81,-63
BLE,1705561978739592287,DF:DF:EE:00:00:01,-63
BLE,1705561978794000661,D3:F4:55:AB:96:20,-55
BLE,1705561978983054659,D3:F4:55:AB:96:20,-59
BLE,1705561979062087550,DF:DF:EE:00:00:04,-35
BLE,1705561979180004167,D3:F4:55:AB:96:20,-58
BLE,1705561979374110299,D3:F4:55:AB:96:20,-56
BLE,1705561979528420303,DF:DF:EE:00:00:04,-35
BLE,1705561979758298956,D3:F4:55:AB:96:20,-56
BLE,1705561979950914694,D3:F4:55:AB:96:20,-59
BLE,1705561980064369167,DF:DF:EE:00:00:04,-35
BLE,1705561980148250821,D3:F4:55:AB:96:20,-58
BLE,1705561980337817269,D3:F4:55:AB:96:20,-60
BLE,1705561980524668549,DF:DF:EE:00:00:04,-36
BLE,1705561980725652290,D3:F4:55:AB:96:20,-50
BLE,1705561981070870181,DF:DF:EE:00:00:04,-38
BLE,1705561981103452498,D3:F4:55:AB:96:20,-59
BLE,1705561981281103245,DF:A6:DC:DC:2E:81,-64
BLE,1705561981281132745,DF:DF:EE:00:00:01,-64
BLE,1705561981300987414,D3:F4:55:AB:96:20,-60
BLE,1705561981497857840,D3:F4:55:AB:96:20,-57
BLE,1705561981527914777,DF:DF:EE:00:00:04,-35
BLE,1705561981685983434,D3:F4:55:AB:96:20,-57
BLE,1705561981874908976,D3:F4:55:AB:96:20,-55
BLE,1705561982067629003,DF:DF:EE:00:00:04,-19
BLE,1705561982444997176,D3:F4:55:AB:96:20,-57
BLE,1705561982533498429,DF:DF:EE:00:00:04,-39
BLE,1705561982636360349,D3:F4:55:AB:96:20,-56
BLE,1705561982830355149,D3:F4:55:AB:96:20,-59
BLE,1705561983064174370,DF:DF:EE:00:00:04,-35
BLE,1705561983215993077,D3:F4:55:AB:96:20,-60
BLE,1705561983410131209,D3:F4:55:AB:96:20,-58
BLE,1705561983605976566,D3:F4:55:AB:96:20,-55
BLE,1705561983795812052,D3:F4:55:AB:96:20,-67
BLE,1705561983981719054,D3:F4:55:AB:96:20,-58
BLE,1705561984170420557,D3:F4:55:AB:96:20,-56
BLE,1705561984522110312,DF:DF:EE:00:00:04,-34
BLE,1705561984546350918,D3:F4:55:AB:96:20,-59
BLE,1705561984737144348,D3:F4:55:AB:96:20,-58
BLE,1705561984925701728,D3:F4:55:AB:96:20,-57
BLE,1705561985070131001,DF:DF:EE:00:00:04,-35
BLE,1705561985317920393,D3:F4:55:AB:96:20,-56
BLE,1705561985508183290,D3:F4:55:AB:96:20,-59
BLE,1705561985525775451,DF:DF:EE:00:00:04,-39
BLE,1705561985702700375,D3:F4:55:AB:96:20,-58
BLE,1705561985895527568,D3:F4:55:AB:96:20,-59
BLE,1705561986063674328,DF:DF:EE:00:00:04,-39
BLE,1705561986087180861,D3:F4:55:AB:96:20,-57
BLE,1705561986282629224,D3:F4:55:AB:96:20,-56
BLE,1705561986531112690,DF:DF:EE:00:00:04,-36
BLE,1705561986663387889,D3:F4:55:AB:96:20,-56
BLE,1705561986854743686,D3:F4:55:AB:96:20,-58
BLE,1705561987063135444,DF:DF:EE:00:00:04,-34
BLE,1705561987240906148,D3:F4:55:AB:96:20,-59
BLE,1705561987436262679,D3:F4:55:AB:96:20,-57
BLE,1705561987523743155,DF:DF:EE:00:00:04,-35
BLE,1705561987625167554,D3:F4:55:AB:96:20,-59
BLE,1705561987822179894,D3:F4:55:AB:96:20,-58
BLE,1705561988008520640,D3:F4:55:AB:96:20,-59
BLE,1705561988392117222,D3:F4:55:AB:96:20,-59
BLE,1705561988524911038,DF:DF:EE:00:00:04,-36
BLE,1705561988583264147,D3:F4:55:AB:96:20,-58
BLE,1705561988772119023,D3:F4:55:AB:96:20,-59
BLE,1705561989067901634,DF:DF:EE:00:00:04,-35
BLE,1705561989157543162,D3:F4:55:AB:96:20,-59
BLE,1705561989353518559,D3:F4:55:AB:96:20,-57
BLE,1705561989529215168,DF:DF:EE:00:00:04,-39
BLE,1705561989543186131,D3:F4:55:AB:96:20,-55
BLE,1705561989734917256,D3:F4:55:AB:96:20,-56
BLE,1705561989923067267,D3:F4:55:AB:96:20,-59
BLE,1705561990064686580,DF:DF:EE:00:00:04,-36
BLE,1705561990318747674,D3:F4:55:AB:96:20,-57
BLE,1705561990506319068,D3:F4:55:AB:96:20,-59
BLE,1705561990530522965,DF:DF:EE:00:00:04,-34
BLE,1705561990700940151,D3:F4:55:AB:96:20,-58
BLE,1705561991083762870,D3:F4:55:AB:96:20,-57
BLE,1705561991272761326,D3:F4:55:AB:96:20,-43
BLE,1705561991463208596,D3:F4:55:AB:96:20,-58
BLE,1705561991531901721,DF:DF:EE:00:00:04,-38
BLE,1705561991659033953,D3:F4:55:AB:96:20,-56
BLE,1705561992044351885,D3:F4:55:AB:96:20,-56
BLE,1705561992062822575,DF:DF:EE:00:00:04,-34
BLE,1705561992420346495,D3:F4:55:AB:96:20,-59
BLE,1705561992523373745,DF:DF:EE:00:00:04,-38
BLE,1705561992615217033,D3:F4:55:AB:96:20,-58
BLE,1705561992801340531,D3:F4:55:AB:96:20,-59
BLE,1705561992993541150,D3:F4:55:AB:96:20,-58
BLE,1705561993068345644,DF:DF:EE:00:00:04,-34
BLE,1705561993531828397,DF:DF:EE:00:00:04,-35
BLE,1705561993579005502,D3:F4:55:AB:96:20,-58
BLE,1705561993766519314,D3:F4:55:AB:96:20,-59
BLE,1705561994067538223,DF:DF:EE:00:00:04,-36
BLE,1705561994150745595,D3:F4:55:AB:96:20,-59
BLE,1705561994525809510,DF:DF:EE:00:00:04,-38
BLE,1705561994734489263,D3:F4:55:AB:96:20,-59
BLE,1705561994929313510,D3:F4:55:AB:96:20,-58
BLE,1705561995115569090,D3:F4:55:AB:96:20,-60
BLE,1705561995311178618,D3:F4:55:AB:96:20,-57
BLE,1705561995498746845,D3:F4:55:AB:96:20,-59
BLE,1705561995525950824,DF:DF:EE:00:00:04,-34
BLE,1705561995693205431,D3:F4:55:AB:96:20,-58
BLE,1705561995886643365,D3:F4:55:AB:96:20,-59
BLE,1705561995888123177,D3:F4:55:AB:96:20,-56
BLE,1705561996468465103,D3:F4:55:AB:96:20,-59
BLE,1705561996531113733,DF:DF:EE:00:00:04,-40
BLE,1705561996860696310,D3:F4:55:AB:96:20,-56
BLE,1705561997068744864,DF:DF:EE:00:00:04,-38
BLE,1705561997433134226,D3:F4:55:AB:96:20,-59
BLE,1705561997626257373,D3:F4:55:AB:96:20,-55
BLE,1705561997818700988,D3:F4:55:AB:96:20,-58
BLE,1705561998015593038,D3:F4:55:AB:96:20,-58
BLE,1705561998203049767,D3:F4:55:AB:96:20,-59
BLE,1705561998396628907,D3:F4:55:AB:96:20,-42
BLE,1705561998524885165,DF:DF:EE:00:00:04,-36
BLE,1705561998592379349,D3:F4:55:AB:96:20,-56
BLE,1705561998973368553,D3:F4:55:AB:96:20,-55
BLE,1705561999065716167,DF:DF:EE:00:00:04,-36
BLE,1705561999523233589,DF:DF:EE:00:00:04,-39
BLE,1705561999550187447,D3:F4:55:AB:96:20,-59
BLE,1705561999741348747,D3:F4:55:AB:96:20,-56
BLE,1705561999934444311,D3:F4:55:AB:96:20,-59
BLE,1705562000066654678,DF:DF:EE:00:00:04,-35
BLE,1705562000126663805,D3:F4:55:AB:96:20,-58
BLE,1705562000317261697,D3:F4:55:AB:96:20,-59
BLE,1705562000361281847,DF:A6:DC:DC:2E:81,-62
BLE,1705562000361309264,DF:DF:EE:00:00:01,-62
BLE,1705562000508606702,D3:F4:55:AB:96:20,-58
BLE,1705562000523637692,DF:DF:EE:00:00:04,-36
BLE,1705562000703775528,D3:F4:55:AB:96:20,-56
BLE,1705562000895267115,D3:F4:55:AB:96:20,-56
BLE,1705562001065876590,DF:DF:EE:00:00:04,-36
BLE,1705562001080473002,D3:F4:55:AB:96:20,-57
BLE,1705562001274252431,D3:F4:55:AB:96:20,-58
BLE,1705562001463822630,D3:F4:55:AB:96:20,-59
BLE,1705562001523260639,DF:DF:EE:00:00:04,-39
BLE,1705562001660263645,D3:F4:55:AB:96:20,-57
BLE,1705562001849032605,D3:F4:55:AB:96:20,-59
BLE,1705562002039904910,D3:F4:55:AB:96:20,-58
BLE,1705562002063675064,DF:DF:EE:00:00:04,-39
BLE,1705562002234025042,D3:F4:55:AB:96:20,-56
BLE,1705562002524471189,DF:DF:EE:00:00:04,-35
BLE,1705562002623453206,D3:F4:55:AB:96:20,-58
BLE,1705562003005958387,D3:F4:55:AB:96:20,-58
BLE,1705562003202174989,D3:F4:55:AB:96:20,-56
BLE,1705562003523768099,DF:DF:EE:00:00:04,-38
BLE,1705562003581160763,D3:F4:55:AB:96:20,-60
BLE,1705562003967695678,D3:F4:55:AB:96:20,-55
BLE,1705562004156834341,D3:F4:55:AB:96:20,-58
BLE,1705562004344941436,D3:F4:55:AB:96:20,-59
BLE,1705562004521470116,DF:DF:EE:00:00:04,-35
BLE,1705562004540153219,D3:F4:55:AB:96:20,-58
BLE,1705562004927523871,D3:F4:55:AB:96:20,-59
BLE,1705562005065705234,DF:DF:EE:00:00:04,-34
BLE,1705562005123883179,D3:F4:55:AB:96:20,-58
BLE,1705562005507190599,D3:F4:55:AB:96:20,-58
BLE,1705562005530008975,DF:DF:EE:00:00:04,-38
BLE,1705562005695389442,D3:F4:55:AB:96:20,-59
BLE,1705562005884705145,D3:F4:55:AB:96:20,-56
BLE,1705562006073786809,D3:F4:55:AB:96:20,-59
BLE,1705562006268470683,D3:F4:55:AB:96:20,-58
BLE,1705562006458291544,D3:F4:55:AB:96:20,-59
BLE,1705562006531219191,DF:DF:EE:00:00:04,-36
BLE,1705562006838539509,D3:F4:55:AB:96:20,-59
BLE,1705562007063375277,DF:DF:EE:00:00:04,-20
BLE,1705562007416523052,D3:F4:55:AB:96:20,-58
BLE,1705562007523108251,DF:DF:EE:00:00:04,-36
BLE,1705562007607612271,D3:F4:55:AB:96:20,-60
BLE,1705562007800114551,D3:F4:55:AB:96:20,-57
BLE,1705562007995576664,D3:F4:55:AB:96:20,-55
BLE,1705562008065977931,DF:DF:EE:00:00:04,-33
BLE,1705562008190664199,D3:F4:55:AB:96:20,-59
BLE,1705562008388977979,D3:F4:55:AB:96:20,-58
BLE,1705562008581395677,D3:F4:55:AB:96:20,-55
BLE,1705562008771173956,D3:F4:55:AB:96:20,-57
BLE,1705562008962841708,D3:F4:55:AB:96:20,-55
BLE,1705562009274184008,DF:A6:DC:DC:2E:81,-63
BLE,1705562009274216758,DF:DF:EE:00:00:01,-63
BLE,1705562009353905306,D3:F4:55:AB:96:20,-57
BLE,1705562009531469179,DF:DF:EE:00:00:04,-39
BLE,1705562009540678004,D3:F4:55:AB:96:20,-60
BLE,1705562009926062768,D3:F4:55:AB:96:20,-42
BLE,1705562010065331449,DF:DF:EE:00:00:04,-35
BLE,1705562010118208846,D3:F4:55:AB:96:20,-58
BLE,1705562010304065765,D3:F4:55:AB:96:20,-59
BLE,1705562010500325241,D3:F4:55:AB:96:20,-58
BLE,1705562010526341987,DF:DF:EE:00:00:04,-39
BLE,1705562010890101108,D3:F4:55:AB:96:20,-59
BLE,1705562011268844636,D3:F4:55:AB:96:20,-58
BLE,1705562011466001433,D3:F4:55:AB:96:20,-58
BLE,1705562011522305780,DF:DF:EE:00:00:04,-34
BLE,1705562011656367411,D3:F4:55:AB:96:20,-43
BLE,1705562011816272458,DF:A6:DC:DC:2E:81,-64
BLE,1705562011816303250,DF:DF:EE:00:00:01,-64
BLE,1705562012040205990,D3:F4:55:AB:96:20,-59
BLE,1705562012059090507,DF:DF:EE:00:00:04,-35
BLE,1705562012232744812,D3:F4:55:AB:96:20,-58
BLE,1705562012426638156,D3:F4:55:AB:96:20,-56
BLE,1705562012528846335,DF:DF:EE:00:00:04,-39
BLE,1705562012614932123,D3:F4:55:AB:96:20,-58
BLE,1705562012801396575,D3:F4:55:AB:96:20,-59
BLE,1705562013061247125,DF:DF:EE:00:00:04,-35
BLE,1705562013184096254,D3:F4:55:AB:96:20,-44
BLE,1705562013383546142,D3:F4:55:AB:96:20,-58
BLE,1705562013525982693,DF:DF:EE:00:00:04,-34
BLE,1705562013569939345,D3:F4:55:AB:96:20,-59
BLE,1705562013765751036,D3:F4:55:AB:96:20,-57
BLE,1705562013951545414,D3:F4:55:AB:96:20,-59
BLE,1705562014061013029,DF:DF:EE:00:00:04,-35
BLE,1705562014144239692,D3:F4:55:AB:96:20,-58
BLE,1705562014334286676,D3:F4:55:AB:96:20,-58
BLE,1705562014527328865,DF:DF:EE:00:00:04,-33
BLE,1705562015101603672,D3:F4:55:AB:96:20,-57
BLE,1705562015294082661,D3:F4:55:AB:96:20,-58
BLE,1705562015488829784,D3:F4:55:AB:96:20,-56
BLE,1705562015529158197,DF:DF:EE:00:00:04,-35
BLE,1705562015681383689,D3:F4:55:AB:96:20,-59
BLE,1705562016067442569,D3:F4:55:AB:96:20,-59
BLE,1705562016841783629,D3:F4:55:AB:96:20,-55
BLE,1705562017034769528,D3:F4:55:AB:96:20,-59
BLE,1705562017069239068,DF:DF:EE:00:00:04,-39
BLE,1705562017419075475,D3:F4:55:AB:96:20,-58
BLE,1705562017611500049,D3:F4:55:AB:96:20,-57
BLE,1705562017802257563,D3:F4:55:AB:96:20,-57
BLE,1705562018062654856,DF:DF:EE:00:00:04,-38
BLE,1705562018182663609,DF:A6:DC:DC:2E:81,-64
BLE,1705562018182690483,DF:DF:EE:00:00:01,-64
BLE,1705562018195719377,D3:F4:55:AB:96:20,-58
BLE,1705562018387089216,D3:F4:55:AB:96:20,-57
BLE,1705562018525153789,DF:DF:EE:00:00:04,-35
BLE,1705562018577425070,D3:F4:55:AB:96:20,-57
BLE,1705562018764397598,D3:F4:55:AB:96:20,-59
BLE,1705562019068052594,DF:DF:EE:00:00:04,-36
BLE,1705562019330630563,D3:F4:55:AB:96:20,-60
BLE,1705562019523067595,D3:F4:55:AB:96:20,-57
BLE,1705562019709358049,D3:F4:55:AB:96:20,-59
BLE,1705562019906705093,D3:F4:55:AB:96:20,-58
BLE,1705562020529442110,DF:DF:EE:00:00:04,-36
BLE,1705562020726710572,DF:A6:DC:DC:2E:81,-64
BLE,1705562020726747530,DF:DF:EE:00:00:01,-64
BLE,1705562020866795199,D3:F4:55:AB:96:20,-56
BLE,1705562021056202275,D3:F4:55:AB:96:20,-58
BLE,1705562021067873605,DF:DF:EE:00:00:04,-35
BLE,1705562021241867322,D3:F4:55:AB:96:20,-58
BLE,1705562021524291585,DF:DF:EE:00:00:04,-39
BLE,1705562021627063839,D3:F4:55:AB:96:20,-43
BLE,1705562021817813396,D3:F4:55:AB:96:20,-58
BLE,1705562022004387096,D3:F4:55:AB:96:20,-57
BLE,1705562022064251850,DF:DF:EE:00:00:04,-38
BLE,1705562022521251113,DF:DF:EE:00:00:04,-35
BLE,1705562022585277723,D3:F4:55:AB:96:20,-56
BLE,1705562022773118322,D3:F4:55:AB:96:20,-59
BLE,1705562022966709420,D3:F4:55:AB:96:20,-56
BLE,1705562023061345667,DF:DF:EE:00:00:04,-34
BLE,1705562023269684967,DF:A6:DC:DC:2E:81,-62
BLE,1705562023269712925,DF:DF:EE:00:00:01,-62
BLE,1705562023529221647,DF:DF:EE:00:00:04,-39
BLE,1705562023742227213,D3:F4:55:AB:96:20,-57
BLE,1705562024066555200,DF:DF:EE:00:00:04,-39
BLE,1705562024513699482,D3:F4:55:AB:96:20,-56
BLE,1705562024523764127,DF:DF:EE:00:00:04,-35
BLE,1705562024547006830,DF:A6:DC:DC:2E:81,-62
BLE,1705562024547036247,DF:DF:EE:00:00:01,-62
BLE,1705562024705381525,D3:F4:55:AB:96:20,-57
BLE,1705562024901624459,D3:F4:55:AB:96:20,-58
BLE,1705562025066998718,DF:DF:EE:00:00:04,-34
BLE,1705562025279452042,D3:F4:55:AB:96:20,-56
BLE,1705562025470510761,D3:F4:55:AB:96:20,-53
BLE,1705562025525002717,DF:DF:EE:00:00:04,-37
BLE,1705562025660071418,D3:F4:55:AB:96:20,-56
BLE,1705562025855178244,D3:F4:55:AB:96:20,-59
BLE,1705562026050620732,D3:F4:55:AB:96:20,-58
BLE,1705562026062140606,DF:DF:EE:00:00:04,-37
BLE,1705562026237616051,D3:F4:55:AB:96:20,-59
BLE,1705562026429556382,D3:F4:55:AB:96:20,-58
BLE,1705562026527800994,DF:DF:EE:00:00:04,-35
BLE,1705562026620040859,D3:F4:55:AB:96:20,-59
BLE,1705562026811605237,D3:F4:55:AB:96:20,-58
BLE,1705562027000383905,D3:F4:55:AB:96:20,-57
BLE,1705562027063736191,DF:DF:EE:00:00:04,-39
BLE,1705562027193842255,D3:F4:55:AB:96:20,-58
BLE,1705562027529415745,DF:DF:EE:00:00:04,-36
BLE,1705562027569400663,D3:F4:55:AB:96:20,-56
BLE,1705562027958994283,D3:F4:55:AB:96:20,-58
BLE,1705562028069304094,DF:DF:EE:00:00:04,-36
BLE,1705562028150472579,D3:F4:55:AB:96:20,-59
BLE,1705562028345570405,D3:F4:55:AB:96:20,-58
BLE,1705562028522071336,DF:DF:EE:00:00:04,-39
BLE,1705562028532316936,D3:F4:55:AB:96:20,-59
BLE,1705562028726962519,D3:F4:55:AB:96:20,-58
BLE,1705562028913916006,D3:F4:55:AB:96:20,-59
BLE,1705562029298964859,D3:F4:55:AB:96:20,-60
BLE,1705562029493274405,D3:F4:55:AB:96:20,-58
BLE,1705562029519559231,DF:DF:EE:00:00:04,-35
BLE,1705562029684475621,D3:F4:55:AB:96:20,-55
BLE,1705562029876322078,D3:F4:55:AB:96:20,-58
BLE,1705562030059004586,DF:DF:EE:00:00:04,-36
BLE,1705562030062521951,D3:F4:55:AB:96:20,-59
BLE,1705562030526946690,DF:DF:EE:00:00:04,-38
BLE,1705562030647709390,D3:F4:55:AB:96:20,-59
BLE,1705562030838924023,D3:F4:55:AB:96:20,-58
BLE,1705562030915796862,DF:A6:DC:DC:2E:81,-65
BLE,1705562030915831737,DF:DF:EE:00:00:01,-65
BLE,1705562031060106345,DF:DF:EE:00:00:04,-35
BLE,1705562031230157452,D3:F4:55:AB:96:20,-60
BLE,1705562031423911298,D3:F4:55:AB:96:20,-57
BLE,1705562031523632638,DF:DF:EE:00:00:04,-35
BLE,1705562031618953251,D3:F4:55:AB:96:20,-55
BLE,1705562031809539976,D3:F4:55:AB:96:20,-58
BLE,1705562032190077936,D3:F4:55:AB:96:20,-58
BLE,1705562032530197318,DF:DF:EE:00:00:04,-40
BLE,1705562032757022099,D3:F4:55:AB:96:20,-58
BLE,1705562033066982336,DF:DF:EE:00:00:04,-38
BLE,1705562033143884800,D3:F4:55:AB:96:20,-59
BLE,1705562033525728366,D3:F4:55:AB:96:20,-57
BLE,1705562033723652568,D3:F4:55:AB:96:20,-56
BLE,1705562034066566368,DF:DF:EE:00:00:04,-34
BLE,1705562034111544005,D3:F4:55:AB:96:20,-60
BLE,1705562034304681860,D3:F4:55:AB:96:20,-58
BLE,1705562034492938660,D3:F4:55:AB:96:20,-59
BLE,1705562034520104682,DF:DF:EE:00:00:04,-35
BLE,1705562034740732886,DF:A6:DC:DC:2E:81,-64
BLE,1705562034740767386,DF:DF:EE:00:00:01,-64
BLE,1705562034880164523,D3:F4:55:AB:96:20,-58
BLE,1705562035063255483,DF:DF:EE:00:00:04,-35
BLE,1705562035076494832,D3:F4:55:AB:96:20,-59
BLE,1705562035521165650,DF:DF:EE:00:00:04,-40
BLE,1705562036037069597,D3:F4:55:AB:96:20,-47
BLE,1705562036411912182,D3:F4:55:AB:96:20,-55
BLE,1705562036524693082,DF:DF:EE:00:00:04,-37
BLE,1705562036791950066,D3:F4:55:AB:96:20,-43
BLE,1705562036988978656,D3:F4:55:AB:96:20,-59
BLE,1705562037067113102,DF:DF:EE:00:00:04,-35
BLE,1705562037184994677,D3:F4:55:AB:96:20,-57
BLE,1705562037373381851,D3:F4:55:AB:96:20,-59
BLE,1705562037523337210,DF:DF:EE:00:00:04,-39
BLE,1705562037571630590,D3:F4:55:AB:96:20,-58
BLE,1705562037951549143,D3:F4:55:AB:96:20,-58
BLE,1705562038064757953,DF:DF:EE:00:00:04,-39
BLE,1705562038148145281,D3:F4:55:AB:96:20,-54
BLE,1705562038341919835,D3:F4:55:AB:96:20,-57
BLE,1705562038519089255,DF:DF:EE:00:00:04,-35
BLE,1705562038921029154,D3:F4:55:AB:96:20,-58
BLE,1705562039062794048,DF:DF:EE:00:00:04,-36
BLE,1705562039115873776,D3:F4:55:AB:96:20,-55
BLE,1705562039311861839,D3:F4:55:AB:96:20,-43
BLE,1705562039527776154,DF:DF:EE:00:00:04,-38
BLE,1705562039704842951,D3:F4:55:AB:96:20,-53
BLE,1705562039826978798,DF:A6:DC:DC:2E:81,-48
BLE,1705562039827026339,DF:DF:EE:00:00:01,-48
BLE,1705562040067484339,DF:DF:EE:00:00:04,-39
BLE,1705562040081290888,D3:F4:55:AB:96:20,-54
BLE,1705562040274641948,D3:F4:55:AB:96:20,-57
BLE,1705562040469497986,D3:F4:55:AB:96:20,-58
BLE,1705562040664124778,D3:F4:55:AB:96:20,-54
BLE,1705562040855986568,D3:F4:55:AB:96:20,-58
BLE,1705562041050024160,D3:F4:55:AB:96:20,-55
BLE,1705562041062277398,DF:DF:EE:00:00:04,-35
BLE,1705562041427777577,D3:F4:55:AB:96:20,-43
BLE,1705562041429130432,D3:F4:55:AB:96:20,-40
BLE,1705562041528351321,DF:DF:EE:00:00:04,-40
BLE,1705562041622105664,D3:F4:55:AB:96:20,-58
BLE,1705562041817875481,D3:F4:55:AB:96:20,-56
BLE,1705562042007125143,D3:F4:55:AB:96:20,-59
BLE,1705562042069091449,DF:DF:EE:00:00:04,-40
BLE,1705562042206140662,D3:F4:55:AB:96:20,-58
BLE,1705562042369898778,DF:A6:DC:DC:2E:81,-74
BLE,1705562042369932319,DF:DF:EE:00:00:01,-74
BLE,1705562042394440254,D3:F4:55:AB:96:20,-59
BLE,1705562042526640746,DF:DF:EE:00:00:04,-35
BLE,1705562042587394737,D3:F4:55:AB:96:20,-58
BLE,1705562042776779729,D3:F4:55:AB:96:20,-58
BLE,1705562043066038768,DF:DF:EE:00:00:04,-34
BLE,1705562043162969566,D3:F4:55:AB:96:20,-56
BLE,1705562043520064034,DF:DF:EE:00:00:04,-35
BLE,1705562043546137029,D3:F4:55:AB:96:20,-56
BLE,1705562043739174760,D3:F4:55:AB:96:20,-60
BLE,1705562043935474903,D3:F4:55:AB:96:20,-58
BLE,1705562044065838963,DF:DF:EE:00:00:04,-35
BLE,1705562044131766378,D3:F4:55:AB:96:20,-56
BLE,1705562044326678874,D3:F4:55:AB:96:20,-48
BLE,1705562044522389858,D3:F4:55:AB:96:20,-58
BLE,1705562044710456204,D3:F4:55:AB:96:20,-60
BLE,1705562044907254380,D3:F4:55:AB:96:20,-56
BLE,1705562044913480873,DF:A6:DC:DC:2E:81,-63
BLE,1705562044913508331,DF:DF:EE:00:00:01,-63
BLE,1705562045101357596,D3:F4:55:AB:96:20,-54
BLE,1705562045292664811,D3:F4:55:AB:96:20,-44
BLE,1705562045483226828,D3:F4:55:AB:96:20,-54
BLE,1705562045520619076,DF:DF:EE:00:00:04,-19
BLE,1705562045871197514,D3:F4:55:AB:96:20,-57
BLE,1705562046058791866,D3:F4:55:AB:96:20,-59
BLE,1705562046065812764,DF:DF:EE:00:00:04,-35
BLE,1705562046248310315,D3:F4:55:AB:96:20,-54
BLE,1705562046437208440,D3:F4:55:AB:96:20,-58
BLE,1705562046521734876,DF:DF:EE:00:00:04,-78
BLE,1705562046817686151,D3:F4:55:AB:96:20,-57
BLE,1705562047004452307,D3:F4:55:AB:96:20,-59
BLE,1705562047066565153,DF:DF:EE:00:00:04,-40
BLE,1705562047197198543,D3:F4:55:AB:96:20,-58
BLE,1705562047386717700,D3:F4:55:AB:96:20,-59
BLE,1705562047457610127,DF:A6:DC:DC:2E:81,-65
BLE,1705562047457642543,DF:DF:EE:00:00:01,-65
BLE,1705562047522298310,DF:DF:EE:00:00:04,-35
BLE,1705562047579599351,D3:F4:55:AB:96:20,-58
BLE,1705562047769848456,D3:F4:55:AB:96:20,-58
BLE,1705562047963735050,D3:F4:55:AB:96:20,-58
BLE,1705562048152357846,D3:F4:55:AB:96:20,-59
BLE,1705562048349852054,D3:F4:55:AB:96:20,-58
BLE,1705562048521007687,DF:DF:EE:00:00:04,-35
BLE,1705562048729259780,D3:F4:55:AB:96:20,-57
BLE,1705562048923496244,D3:F4:55:AB:96:20,-56
BLE,1705562049062261724,DF:DF:EE:00:00:04,-35
BLE,1705562049304720236,D3:F4:55:AB:96:20,-55
BLE,1705562049496093533,D3:F4:55:AB:96:20,-58
BLE,1705562049691996806,D3:F4:55:AB:96:20,-56
BLE,1705562050063631021,DF:DF:EE:00:00:04,-34
BLE,1705562050077753232,D3:F4:55:AB:96:20,-58
BLE,1705562050265200503,D3:F4:55:AB:96:20,-59
BLE,1705562050459840420,D3:F4:55:AB:96:20,-58
BLE,1705562050530633306,DF:DF:EE:00:00:04,-39
BLE,1705562050655870899,D3:F4:55:AB:96:20,-56
BLE,1705562051034163642,D3:F4:55:AB:96:20,-59
BLE,1705562051060684964,DF:DF:EE:00:00:04,-36
BLE,1705562051427191712,D3:F4:55:AB:96:20,-58
BLE,1705562051520602019,DF:DF:EE:00:00:04,-38
BLE,1705562051616113586,D3:F4:55:AB:96:20,-60
BLE,1705562051994983279,D3:F4:55:AB:96:20,-58
BLE,1705562052180657618,D3:F4:55:AB:96:20,-59
BLE,1705562052374342215,D3:F4:55:AB:96:20,-58
BLE,1705562052526094839,DF:DF:EE:00:00:04,-35
BLE,1705562052752753872,D3:F4:55:AB:96:20,-56
BLE,1705562052947145126,D3:F4:55:AB:96:20,-59
BLE,1705562053058104177,DF:DF:EE:00:00:04,-35
BLE,1705562053141574670,D3:F4:55:AB:96:20,-57
BLE,1705562053328813486,D3:F4:55:AB:96:20,-57
BLE,1705562053720619449,D3:F4:55:AB:96:20,-56
BLE,1705562053911977246,D3:F4:55:AB:96:20,-59
BLE,1705562054105930839,D3:F4:55:AB:96:20,-57
BLE,1705562054294645300,D3:F4:55:AB:96:20,-59
BLE,1705562054490658530,D3:F4:55:AB:96:20,-58
BLE,1705562054528789641,DF:DF:EE:00:00:04,-35
BLE,1705562054682555820,D3:F4:55:AB:96:20,-55
BLE,1705562054872703926,D3:F4:55:AB:96:20,-57
BLE,1705562055058066603,DF:DF:EE:00:00:04,-35
BLE,1705562055062788326,D3:F4:55:AB:96:20,-57
BLE,1705562055254350162,D3:F4:55:AB:96:20,-58
BLE,1705562055443732530,D3:F4:55:AB:96:20,-59
BLE,1705562055523070458,DF:DF:EE:00:00:04,-39
BLE,1705562055637310545,D3:F4:55:AB:96:20,-58
BLE,1705562055825553346,D3:F4:55:AB:96:20,-57
BLE,1705562056017018684,D3:F4:55:AB:96:20,-58
BLE,1705562056063635630,DF:DF:EE:00:00:04,-40
BLE,1705562056209499798,D3:F4:55:AB:96:20,-58
BLE,1705562056404251713,D3:F4:55:AB:96:20,-57
BLE,1705562056524880290,DF:DF:EE:00:00:04,-35
BLE,1705562056592432015,D3:F4:55:AB:96:20,-58
BLE,1705562056985354587,D3:F4:55:AB:96:20,-57
BLE,1705562057064273729,DF:DF:EE:00:00:04,-35
BLE,1705562057174648206,D3:F4:55:AB:96:20,-58
BLE,1705562057559415854,D3:F4:55:AB:96:20,-58
BLE,1705562058139780947,D3:F4:55:AB:96:20,-65
BLE,1705562058329080233,D3:F4:55:AB:96:20,-56
BLE,1705562058518602432,D3:F4:55:AB:96:20,-58
BLE,1705562058706918315,D3:F4:55:AB:96:20,-57
BLE,1705562058898253238,D3:F4:55:AB:96:20,-57
BLE,1705562058908113386,DF:A6:DC:DC:2E:81,-64
BLE,1705562058908138844,DF:DF:EE:00:00:01,-64
BLE,1705562059065351347,DF:DF:EE:00:00:04,-35
BLE,1705562059085007644,D3:F4:55:AB:96:20,-59
BLE,1705562059282536810,D3:F4:55:AB:96:20,-42
BLE,1705562059528793850,DF:DF:EE:00:00:04,-40
BLE,1705562059666259307,D3:F4:55:AB:96:20,-41
BLE,1705562059862071498,D3:F4:55:AB:96:20,-56
BLE,1705562060052365103,D3:F4:55:AB:96:20,-59
BLE,1705562060059551707,DF:DF:EE:00:00:04,-35
BLE,1705562060248253168,D3:F4:55:AB:96:20,-58
BLE,1705562060525080513,DF:DF:EE:00:00:04,-35
BLE,1705562060627871058,D3:F4:55:AB:96:20,-56
BLE,1705562060818882486,D3:F4:55:AB:96:20,-43
BLE,1705562061013678858,D3:F4:55:AB:96:20,-58
BLE,1705562061062143444,DF:DF:EE:00:00:04,-39
BLE,1705562061394936058,D3:F4:55:AB:96:20,-58
BLE,1705562061527473587,DF:DF:EE:00:00:04,-36
BLE,1705562061591310449,D3:F4:55:AB:96:20,-54
BLE,1705562061784819757,D3:F4:55:AB:96:20,-56
BLE,1705562062060387995,DF:DF:EE:00:00:04,-36
BLE,1705562062164511062,D3:F4:55:AB:96:20,-58
BLE,1705562062551621302,D3:F4:55:AB:96:20,-59
BLE,1705562062729795666,DF:A6:DC:DC:2E:81,-65
BLE,1705562062729826166,DF:DF:EE:00:00:01,-65
BLE,1705562063060760931,DF:DF:EE:00:00:04,-38
BLE,1705562063521478724,D3:F4:55:AB:96:20,-59
BLE,1705562063712685815,D3:F4:55:AB:96:20,-58
BLE,1705562063907148526,D3:F4:55:AB:96:20,-56
BLE,1705562064062611930,DF:DF:EE:00:00:04,-35
BLE,1705562064097646794,D3:F4:55:AB:96:20,-58
BLE,1705562064486143972,D3:F4:55:AB:96:20,-57
BLE,1705562064519454445,DF:DF:EE:00:00:04,-36
BLE,1705562064685106950,D3:F4:55:AB:96:20,-58
BLE,1705562064879513412,D3:F4:55:AB:96:20,-56
BLE,1705562065064524802,DF:DF:EE:00:00:04,-38
BLE,1705562065070190844,D3:F4:55:AB:96:20,-59
BLE,1705562065265186756,D3:F4:55:AB:96:20,-57
BLE,1705562065276369759,DF:A6:DC:DC:2E:81,-64
BLE,1705562065276395801,DF:DF:EE:00:00:01,-64
BLE,1705562065452202075,D3:F4:55:AB:96:20,-59
BLE,1705562065523856990,DF:DF:EE:00:00:04,-34
BLE,1705562066061154543,DF:DF:EE:00:00:04,-35
BLE,1705562066520823267,DF:DF:EE:00:00:04,-36
BLE,1705562066610170675,D3:F4:55:AB:96:20,-56
BLE,1705562067000072040,D3:F4:55:AB:96:20,-58
BLE,1705562067058872893,DF:DF:EE:00:00:04,-27
BLE,1705562067195224783,D3:F4:55:AB:96:20,-55
BLE,1705562067390811060,D3:F4:55:AB:96:20,-59
BLE,1705562067524102578,DF:DF:EE:00:00:04,-34
BLE,1705562067586523544,D3:F4:55:AB:96:20,-58
BLE,1705562067782179571,D3:F4:55:AB:96:20,-56
BLE,1705562067818744872,DF:A6:DC:DC:2E:81,-64
BLE,1705562067818771538,DF:DF:EE:00:00:01,-64
BLE,1705562067972286303,D3:F4:55:AB:96:20,-59
BLE,1705562068066141854,DF:DF:EE:00:00:04,-35
BLE,1705562068167416588,D3:F4:55:AB:96:20,-58
BLE,1705562068523657693,DF:DF:EE:00:00:04,-35
BLE,1705562068545279212,D3:F4:55:AB:96:20,-56
BLE,1705562068739884004,D3:F4:55:AB:96:20,-59
BLE,1705562068937477335,D3:F4:55:AB:96:20,-58
BLE,1705562069062250810,DF:DF:EE:00:00:04,-35
BLE,1705562069127548235,D3:F4:55:AB:96:20,-56
BLE,1705562069526638175,DF:DF:EE:00:00:04,-35
BLE,1705562069705529695,D3:F4:55:AB:96:20,-60
BLE,1705562069897424777,D3:F4:55:AB:96:20,-56
BLE,1705562070061567471,DF:DF:EE:00:00:04,-38
BLE,1705562070089069529,D3:F4:55:AB:96:20,-59
BLE,1705562070281915096,D3:F4:55:AB:96:20,-57
BLE,1705562070361051277,DF:A6:DC:DC:2E:81,-62
BLE,1705562070361081693,DF:DF:EE:00:00:01,-62
BLE,1705562070470983260,D3:F4:55:AB:96:20,-59
BLE,1705562070520862326,DF:DF:EE:00:00:04,-34
BLE,1705562070668480343,D3:F4:55:AB:96:20,-59
BLE,1705562070854127432,D3:F4:55:AB:96:20,-57
BLE,1705562071044004751,D3:F4:55:AB:96:20,-56
BLE,1705562071059220572,DF:DF:EE:00:00:04,-34
BLE,1705562071427968245,D3:F4:55:AB:96:20,-56
BLE,1705562071523189609,DF:DF:EE:00:00:04,-38
BLE,1705562071617245573,D3:F4:55:AB:96:20,-59
BLE,1705562071807182183,D3:F4:55:AB:96:20,-56
BLE,1705562072000405703,D3:F4:55:AB:96:20,-59
BLE,1705562072060223540,DF:DF:EE:00:00:04,-40
BLE,1705562072197157505,D3:F4:55:AB:96:20,-58
BLE,1705562072385495138,D3:F4:55:AB:96:20,-57
BLE,1705562072525256020,DF:DF:EE:00:00:04,-35
BLE,1705562073057694019,DF:DF:EE:00:00:04,-35
BLE,1705562073159696117,D3:F4:55:AB:96:20,-56
BLE,1705562073351784029,D3:F4:55:AB:96:20,-59
BLE,1705562073523787984,DF:DF:EE:00:00:04,-39
BLE,1705562073544739679,D3:F4:55:AB:96:20,-58
BLE,1705562073736620427,D3:F4:55:AB:96:20,-60
BLE,1705562074067271613,DF:DF:EE:00:00:04,-38
BLE,1705562074118221830,D3:F4:55:AB:96:20,-57
BLE,1705562074312706623,D3:F4:55:AB:96:20,-58
BLE,1705562074501383293,D3:F4:55:AB:96:20,-59
BLE,1705562074523645761,DF:DF:EE:00:00:04,-34
BLE,1705562074889180106,D3:F4:55:AB:96:20,-55
BLE,1705562075065774868,DF:DF:EE:00:00:04,-35
BLE,1705562075280943986,D3:F4:55:AB:96:20,-58
BLE,1705562075467341814,D3:F4:55:AB:96:20,-59
BLE,1705562075523187709,DF:DF:EE:00:00:04,-34
BLE,1705562075664420070,D3:F4:55:AB:96:20,-57
BLE,1705562075853146447,D3:F4:55:AB:96:20,-59
BLE,1705562076062332110,DF:DF:EE:00:00:04,-35
BLE,1705562076519685494,DF:DF:EE:00:00:04,-40
BLE,1705562076727007184,DF:A6:DC:DC:2E:81,-64
BLE,1705562076727043558,DF:DF:EE:00:00:01,-64
BLE,1705562076999842587,D3:F4:55:AB:96:20,-57
BLE,1705562077058943476,DF:DF:EE:00:00:04,-38
BLE,1705562077190405104,D3:F4:55:AB:96:20,-58
BLE,1705562077522354938,DF:DF:EE:00:00:04,-35
BLE,1705562077573960645,D3:F4:55:AB:96:20,-58
BLE,1705562077764462497,D3:F4:55:AB:96:20,-60
BLE,1705562077958611712,D3:F4:55:AB:96:20,-57
BLE,1705562078062000165,DF:DF:EE:00:00:04,-35
BLE,1705562078152820343,D3:F4:55:AB:96:20,-40
BLE,1705562078344878631,D3:F4:55:AB:96:20,-59
BLE,1705562078522906414,DF:DF:EE:00:00:04,-39
BLE,1705562078535273775,D3:F4:55:AB:96:20,-56
BLE,1705562078729428907,D3:F4:55:AB:96:20,-60
BLE,1705562078926010379,D3:F4:55:AB:96:20,-58
BLE,1705562079060286007,DF:DF:EE:00:00:04,-39
BLE,1705562079112738327,D3:F4:55:AB:96:20,-59
BLE,1705562079302621604,D3:F4:55:AB:96:20,-56
BLE,1705562079519959440,DF:DF:EE:00:00:04,-35
BLE,1705562079684251757,D3:F4:55:AB:96:20,-56
BLE,1705562080065358042,DF:DF:EE:00:00:04,-36
BLE,1705562080072501021,D3:F4:55:AB:96:20,-57
BLE,1705562080648079392,D3:F4:55:AB:96:20,-56
BLE,1705562080838963988,D3:F4:55:AB:96:20,-58
BLE,1705562081027323412,D3:F4:55:AB:96:20,-59
BLE,1705562081058049757,DF:DF:EE:00:00:04,-35
BLE,1705562081220325478,D3:F4:55:AB:96:20,-58
BLE,1705562081412963340,D3:F4:55:AB:96:20,-56
BLE,1705562081517989019,DF:DF:EE:00:00:04,-34
BLE,1705562081607453842,D3:F4:55:AB:96:20,-60
BLE,1705562081799212800,D3:F4:55:AB:96:20,-45
BLE,1705562081814034834,DF:A6:DC:DC:2E:81,-49
BLE,1705562081814061792,DF:DF:EE:00:00:01,-49
BLE,1705562082065654838,DF:DF:EE:00:00:04,-36
BLE,1705562082185687674,D3:F4:55:AB:96:20,-58
BLE,1705562082523199593,DF:DF:EE:00:00:04,-33
BLE,1705562082570533029,D3:F4:55:AB:96:20,-58
BLE,1705562082756903983,D3:F4:55:AB:96:20,-59
BLE,1705562082950572330,D3:F4:55:AB:96:20,-56
BLE,1705562083138649300,D3:F4:55:AB:96:20,-59
BLE,1705562083328151166,D3:F4:55:AB:96:20,-56
BLE,1705562083527416682,DF:DF:EE:00:00:04,-35
BLE,1705562083715337280,D3:F4:55:AB:96:20,-58
BLE,1705562083906880616,D3:F4:55:AB:96:20,-57
BLE,1705562084101120747,D3:F4:55:AB:96:20,-58
BLE,1705562084287966610,D3:F4:55:AB:96:20,-59
BLE,1705562084481499876,D3:F4:55:AB:96:20,-58
BLE,1705562084526884673,DF:DF:EE:00:00:04,-39
BLE,1705562084668226991,D3:F4:55:AB:96:20,-60
BLE,1705562084866781683,D3:F4:55:AB:96:20,-67
BLE,1705562085062805913,DF:DF:EE:00:00:04,-36
BLE,1705562085242560588,D3:F4:55:AB:96:20,-56
BLE,1705562085518881857,DF:DF:EE:00:00:04,-39
BLE,1705562086011906471,D3:F4:55:AB:96:20,-57
BLE,1705562086203021605,D3:F4:55:AB:96:20,-57
BLE,1705562086400035404,D3:F4:55:AB:96:20,-53
BLE,1705562086595543807,D3:F4:55:AB:96:20,-58
BLE,1705562086788451124,D3:F4:55:AB:96:20,-57
BLE,1705562087060657661,DF:DF:EE:00:00:04,-35
BLE,1705562087176477142,D3:F4:55:AB:96:20,-56
BLE,1705562087372433914,D3:F4:55:AB:96:20,-58
BLE,1705562087564219330,D3:F4:55:AB:96:20,-57
BLE,1705562087750424494,D3:F4:55:AB:96:20,-59
BLE,1705562088063232565,DF:DF:EE:00:00:04,-40
BLE,1705562088134355905,D3:F4:55:AB:96:20,-57
BLE,1705562088519361925,DF:DF:EE:00:00:04,-34
BLE,1705562088530931757,D3:F4:55:AB:96:20,-58
BLE,1705562089060789293,DF:DF:EE:00:00:04,-34
BLE,1705562089110597609,D3:F4:55:AB:96:20,-56
BLE,1705562089304590619,D3:F4:55:AB:96:20,-60
BLE,1705562089498139509,D3:F4:55:AB:96:20,-58
BLE,1705562089686820971,D3:F4:55:AB:96:20,-59
BLE,1705562089885553036,D3:F4:55:AB:96:20,-58
BLE,1705562090266060496,D3:F4:55:AB:96:20,-58
BLE,1705562090456028981,D3:F4:55:AB:96:20,-60
BLE,1705562090523865785,DF:DF:EE:00:00:04,-34
BLE,1705562090722882429,DF:A6:DC:DC:2E:81,-64
BLE,1705562090722915512,DF:DF:EE:00:00:01,-64
BLE,1705562091036790276,D3:F4:55:AB:96:20,-59
BLE,1705562091060871134,DF:DF:EE:00:00:04,-35
BLE,1705562091233312873,D3:F4:55:AB:96:20,-58
BLE,1705562091423181151,D3:F4:55:AB:96:20,-57
BLE,1705562091527562631,DF:DF:EE:00:00:04,-38
BLE,1705562091810994963,D3:F4:55:AB:96:20,-55
BLE,1705562091999547510,D3:F4:55:AB:96:20,-58
BLE,1705562092065155263,DF:DF:EE:00:00:04,-39
BLE,1705562092194161468,D3:F4:55:AB:96:20,-56
BLE,1705562092389952701,D3:F4:55:AB:96:20,-59
BLE,1705562092585102069,D3:F4:55:AB:96:20,-57
BLE,1705562092780745929,D3:F4:55:AB:96:20,-56
BLE,1705562092973203169,D3:F4:55:AB:96:20,-59
BLE,1705562093062011459,DF:DF:EE:00:00:04,-34
BLE,1705562093168036957,D3:F4:55:AB:96:20,-58
BLE,1705562093263147281,DF:A6:DC:DC:2E:81,-64
BLE,1705562093263175405,DF:DF:EE:00:00:01,-64
BLE,1705562093354492826,D3:F4:55:AB:96:20,-59
BLE,1705562093527726471,DF:DF:EE:00:00:04,-39
BLE,1705562093549512070,D3:F4:55:AB:96:20,-57
BLE,1705562093742791756,D3:F4:55:AB:96:20,-56
BLE,1705562093933860225,D3:F4:55:AB:96:20,-58
BLE,1705562094065740597,DF:DF:EE:00:00:04,-38
BLE,1705562094122532895,D3:F4:55:AB:96:20,-60
BLE,1705562094512775672,D3:F4:55:AB:96:20,-56
BLE,1705562094708340991,D3:F4:55:AB:96:20,-59
BLE,1705562095060680779,DF:DF:EE:00:00:04,-38
BLE,1705562095096707754,D3:F4:55:AB:96:20,-56
BLE,1705562095482936256,D3:F4:55:AB:96:20,-58
BLE,1705562095516840929,DF:DF:EE:00:00:04,-19
BLE,1705562096060764303,DF:DF:EE:00:00:04,-33
BLE,1705562096523697896,DF:DF:EE:00:00:04,-40
BLE,1705562096640800650,D3:F4:55:AB:96:20,-57
BLE,1705562097213362856,D3:F4:55:AB:96:20,-55
BLE,1705562097406984579,D3:F4:55:AB:96:20,-59
BLE,1705562097526866375,DF:DF:EE:00:00:04,-35
BLE,1705562097801801373,D3:F4:55:AB:96:20,-58
BLE,1705562097990789288,D3:F4:55:AB:96:20,-57
BLE,1705562098057209863,DF:DF:EE:00:00:04,-35
BLE,1705562098353234387,DF:A6:DC:DC:2E:81,-65
BLE,1705562098353264970,DF:DF:EE:00:00:01,-65
BLE,1705562098375535145,D3:F4:55:AB:96:20,-59
BLE,1705562098520791364,DF:DF:EE:00:00:04,-38
BLE,1705562098770326148,D3:F4:55:AB:96:20,-58
BLE,1705562098957195677,D3:F4:55:AB:96:20,-57
BLE,1705562099065231813,DF:DF:EE:00:00:04,-39
BLE,1705562099150772859,D3:F4:55:AB:96:20,-58
BLE,1705562099337702430,D3:F4:55:AB:96:20,-59
BLE,1705562099518211510,DF:DF:EE:00:00:04,-35
BLE,1705562099535797837,D3:F4:55:AB:96:20,-58
BLE,1705562099923357570,D3:F4:55:AB:96:20,-59
BLE,1705562100309577448,D3:F4:55:AB:96:20,-57
BLE,1705562100500780622,D3:F4:55:AB:96:20,-58
BLE,1705562100524427778,DF:DF:EE:00:00:04,-39
BLE,1705562100688986091,D3:F4:55:AB:96:20,-60
BLE,1705562101073509618,D3:F4:55:AB:96:20,-57
BLE,1705562101267181548,D3:F4:55:AB:96:20,-57
BLE,1705562101455697887,D3:F4:55:AB:96:20,-59
BLE,1705562101519019674,DF:DF:EE:00:00:04,-38
BLE,1705562101649401275,D3:F4:55:AB:96:20,-58
BLE,1705562102059466472,DF:DF:EE:00:00:04,-38
BLE,1705562102176753057,DF:A6:DC:DC:2E:81,-64
BLE,1705562102176817181,DF:DF:EE:00:00:01,-64
BLE,1705562102222901135,D3:F4:55:AB:96:20,-59
BLE,1705562102518589997,DF:DF:EE:00:00:04,-35
BLE,1705562102615739624,D3:F4:55:AB:96:20,-42
BLE,1705562102808553650,D3:F4:55:AB:96:20,-43
BLE,1705562102810064420,D3:F4:55:AB:96:20,-54
BLE,1705562103062352205,DF:DF:EE:00:00:04,-35
BLE,1705562103383296033,D3:F4:55:AB:96:20,-59
BLE,1705562103524315313,DF:DF:EE:00:00:04,-34
BLE,1705562103571846205,D3:F4:55:AB:96:20,-60
BLE,1705562103962634391,D3:F4:55:AB:96:20,-55
BLE,1705562104153447071,D3:F4:55:AB:96:20,-43
BLE,1705562104349716589,D3:F4:55:AB:96:20,-57
BLE,1705562104515800129,DF:DF:EE:00:00:04,-35
BLE,1705562104538616547,D3:F4:55:AB:96:20,-58
BLE,1705562104718655509,DF:A6:DC:DC:2E:81,-63
BLE,1705562104718691759,DF:DF:EE:00:00:01,-63
BLE,1705562104733457669,D3:F4:55:AB:96:20,-67
BLE,1705562104923460153,D3:F4:55:AB:96:20,-57
BLE,1705562105066330864,DF:DF:EE:00:00:04,-34
BLE,1705562105113811298,D3:F4:55:AB:96:20,-57
BLE,1705562105306280121,D3:F4:55:AB:96:20,-58
BLE,1705562105687199742,D3:F4:55:AB:96:20,-59
BLE,1705562106056673655,DF:DF:EE:00:00:04,-35
BLE,1705562106080742096,D3:F4:55:AB:96:20,-58
BLE,1705562106271397863,D3:F4:55:AB:96:20,-66
BLE,1705562106465980030,D3:F4:55:AB:96:20,-58
BLE,1705562106525885949,DF:DF:EE:00:00:04,-36
BLE,1705562106654707866,D3:F4:55:AB:96:20,-59
BLE,1705562107044582065,D3:F4:55:AB:96:20,-56
BLE,1705562107065454302,DF:DF:EE:00:00:04,-36
BLE,1705562107258606032,DF:A6:DC:DC:2E:81,-64
BLE,1705562107258653865,DF:DF:EE:00:00:01,-64
BLE,1705562107427964317,D3:F4:55:AB:96:20,-56
BLE,1705562107522306318,DF:DF:EE:00:00:04,-39
BLE,1705562107803023106,D3:F4:55:AB:96:20,-65
BLE,1705562107996721037,D3:F4:55:AB:96:20,-58
BLE,1705562108061657258,DF:DF:EE:00:00:04,-39
BLE,1705562108383202493,D3:F4:55:AB:96:20,-59
BLE,1705562108520955780,DF:DF:EE:00:00:04,-35
BLE,1705562108573047188,D3:F4:55:AB:96:20,-45
BLE,1705562108767122613,D3:F4:55:AB:96:20,-59
BLE,1705562109343681552,D3:F4:55:AB:96:20,-58
BLE,1705562109523506018,DF:DF:EE:00:00:04,-39
BLE,1705562109802334917,DF:A6:DC:DC:2E:81,-62
BLE,1705562109802368541,DF:DF:EE:00:00:01,-62
BLE,1705562110066736484,DF:DF:EE:00:00:04,-40
BLE,1705562110304921892,D3:F4:55:AB:96:20,-56
BLE,1705562110494981541,D3:F4:55:AB:96:20,-57
BLE,1705562110683944374,D3:F4:55:AB:96:20,-59
BLE,1705562110877273684,D3:F4:55:AB:96:20,-58
BLE,1705562111263435812,D3:F4:55:AB:96:20,-59
BLE,1705562111521847217,DF:DF:EE:00:00:04,-35
BLE,1705562111656886210,D3:F4:55:AB:96:20,-54
BLE,1705562111845251551,D3:F4:55:AB:96:20,-58
BLE,1705562112033035567,D3:F4:55:AB:96:20,-44
BLE,1705562112223806790,D3:F4:55:AB:96:20,-58
BLE,1705562112347239118,DF:A6:DC:DC:2E:81,-64
BLE,1705562112347269825,DF:DF:EE:00:00:01,-64
BLE,1705562112411285602,D3:F4:55:AB:96:20,-54
BLE,1705562112524722325,DF:DF:EE:00:00:04,-36
BLE,1705562112604200877,D3:F4:55:AB:96:20,-56
BLE,1705562112981099348,D3:F4:55:AB:96:20,-56
BLE,1705562113359995540,D3:F4:55:AB:96:20,-59
BLE,1705562113516916714,DF:DF:EE:00:00:04,-35
BLE,1705562113556134393,D3:F4:55:AB:96:20,-58
BLE,1705562113936766602,D3:F4:55:AB:96:20,-58
BLE,1705562114056146781,DF:DF:EE:00:00:04,-34
BLE,1705562114514692688,D3:F4:55:AB:96:20,-56
BLE,1705562114709674725,D3:F4:55:AB:96:20,-57
BLE,1705562114903021785,D3:F4:55:AB:96:20,-58
BLE,1705562115062462214,DF:DF:EE:00:00:04,-40
BLE,1705562115091174713,D3:F4:55:AB:96:20,-59
BLE,1705562115288025597,D3:F4:55:AB:96:20,-58
BLE,1705562115515541909,DF:DF:EE:00:00:04,-34
BLE,1705562115671337100,D3:F4:55:AB:96:20,-58
BLE,1705562115862597357,D3:F4:55:AB:96:20,-54
BLE,1705562116057497478,DF:DF:EE:00:00:04,-34
BLE,1705562116245506658,D3:F4:55:AB:96:20,-56
BLE,1705562116624364559,D3:F4:55:AB:96:20,-59
BLE,1705562116819350178,D3:F4:55:AB:96:20,-56
BLE,1705562117005025892,D3:F4:55:AB:96:20,-59
BLE,1705562117056929011,DF:DF:EE:00:00:04,-36
BLE,1705562117197197219,D3:F4:55:AB:96:20,-58
BLE,1705562117383651380,D3:F4:55:AB:96:20,-59
BLE,1705562117431793054,DF:A6:DC:DC:2E:81,-62
BLE,1705562117431821345,DF:DF:EE:00:00:01,-62
BLE,1705562117766153811,D3:F4:55:AB:96:20,-43
BLE,1705562118061944963,DF:DF:EE:00:00:04,-34
BLE,1705562118148787741,D3:F4:55:AB:96:20,-68
BLE,1705562118519803298,DF:DF:EE:00:00:04,-35
BLE,1705562118532711943,D3:F4:55:AB:96:20,-60
BLE,1705562118730035987,D3:F4:55:AB:96:20,-57
BLE,1705562118917293344,D3:F4:55:AB:96:20,-59
BLE,1705562119060622091,DF:DF:EE:00:00:04,-35
BLE,1705562119110043747,D3:F4:55:AB:96:20,-58
BLE,1705562119298206257,D3:F4:55:AB:96:20,-59
BLE,1705562119523679100,DF:DF:EE:00:00:04,-35
BLE,1705562119679478915,D3:F4:55:AB:96:20,-60
BLE,1705562119877145496,D3:F4:55:AB:96:20,-57
BLE,1705562120063690530,D3:F4:55:AB:96:20,-59
BLE,1705562120518641782,DF:DF:EE:00:00:04,-36
BLE,1705562120830974318,D3:F4:55:AB:96:20,-59
BLE,1705562121054871725,DF:DF:EE:00:00:04,-35
BLE,1705562121217817436,D3:F4:55:AB:96:20,-56
BLE,1705562121413747709,D3:F4:55:AB:96:20,-59
BLE,1705562121606278114,D3:F4:55:AB:96:20,-58
BLE,1705562121803243955,D3:F4:55:AB:96:20,-56
BLE,1705562121998263241,D3:F4:55:AB:96:20,-59
BLE,1705562122193700938,D3:F4:55:AB:96:20,-58
BLE,1705562122381927531,D3:F4:55:AB:96:20,-60
BLE,1705562122515840623,DF:A6:DC:DC:2E:81,-65
BLE,1705562122515870789,DF:DF:EE:00:00:01,-65
BLE,1705562122573456201,D3:F4:55:AB:96:20,-57
BLE,1705562122769962507,D3:F4:55:AB:96:20,-56
BLE,1705562123057075160,DF:DF:EE:00:00:04,-35
BLE,1705562123154400368,D3:F4:55:AB:96:20,-56
BLE,1705562123347704971,D3:F4:55:AB:96:20,-60
BLE,1705562123521399900,DF:DF:EE:00:00:04,-38
BLE,1705562123547036360,D3:F4:55:AB:96:20,-57
BLE,1705562123932409625,D3:F4:55:AB:96:20,-59
BLE,1705562124055150505,DF:DF:EE:00:00:04,-35
BLE,1705562124130439159,D3:F4:55:AB:96:20,-58
BLE,1705562124318892915,D3:F4:55:AB:96:20,-60
BLE,1705562124517011531,DF:DF:EE:00:00:04,-34
BLE,1705562124703311819,D3:F4:55:AB:96:20,-56
BLE,1705562124891537370,D3:F4:55:AB:96:20,-56
BLE,1705562125082145762,D3:F4:55:AB:96:20,-58
BLE,1705562125476012570,D3:F4:55:AB:96:20,-57
BLE,1705562125523885206,DF:DF:EE:00:00:04,-39
BLE,1705562125854065399,D3:F4:55:AB:96:20,-56
BLE,1705562126056206081,DF:DF:EE:00:00:04,-36
BLE,1705562126523239991,DF:DF:EE:00:00:04,-34
BLE,1705562127008884171,D3:F4:55:AB:96:20,-58
BLE,1705562127063772330,DF:DF:EE:00:00:04,-35
BLE,1705562127204512239,D3:F4:55:AB:96:20,-56
BLE,1705562127516387616,DF:DF:EE:00:00:04,-37
BLE,1705562127976509250,D3:F4:55:AB:96:20,-58
BLE,1705562128056456086,DF:DF:EE:00:00:04,-36
BLE,1705562128166223655,D3:F4:55:AB:96:20,-60
BLE,1705562128357400914,D3:F4:55:AB:96:20,-58
BLE,1705562128519209433,DF:DF:EE:00:00:04,-38
BLE,1705562128547973514,D3:F4:55:AB:96:20,-59
BLE,1705562128939268443,D3:F4:55:AB:96:20,-54
BLE,1705562129063328345,DF:DF:EE:00:00:04,-35
BLE,1705562129129685587,D3:F4:55:AB:96:20,-60
BLE,1705562129328478068,D3:F4:55:AB:96:20,-57
BLE,1705562129515283682,DF:DF:EE:00:00:04,-29
BLE,1705562129903104536,D3:F4:55:AB:96:20,-56
BLE,1705562130063668157,DF:DF:EE:00:00:04,-35
BLE,1705562130294984164,D3:F4:55:AB:96:20,-58
BLE,1705562130487761274,D3:F4:55:AB:96:20,-56
BLE,1705562130522115316,DF:DF:EE:00:00:04,-39
BLE,1705562130872240885,D3:F4:55:AB:96:20,-55
BLE,1705562131060878556,D3:F4:55:AB:96:20,-58
BLE,1705562131252184562,D3:F4:55:AB:96:20,-56
BLE,1705562131426870394,DF:A6:DC:DC:2E:81,-49
BLE,1705562131426903519,DF:DF:EE:00:00:01,-49
BLE,1705562131447529469,D3:F4:55:AB:96:20,-48
BLE,1705562131518075692,DF:DF:EE:00:00:04,-35
BLE,1705562131642748960,D3:F4:55:AB:96:20,-58
BLE,1705562131838928479,D3:F4:55:AB:96:20,-56
BLE,1705562132028898755,D3:F4:55:AB:96:20,-56
BLE,1705562132053948015,DF:DF:EE:00:00:04,-34
BLE,1705562132218950696,D3:F4:55:AB:96:20,-54
BLE,1705562132522711482,DF:DF:EE:00:00:04,-39
BLE,1705562132608851937,D3:F4:55:AB:96:20,-58
BLE,1705562132800631437,D3:F4:55:AB:96:20,-60
BLE,1705562133062713038,DF:DF:EE:00:00:04,-39
BLE,1705562133188806369,D3:F4:55:AB:96:20,-56
BLE,1705562133377601662,D3:F4:55:AB:96:20,-58
BLE,1705562133519211809,DF:DF:EE:00:00:04,-35
BLE,1705562133571007596,D3:F4:55:AB:96:20,-56
BLE,1705562133760996580,D3:F4:55:AB:96:20,-58
BLE,1705562133947744862,D3:F4:55:AB:96:20,-59
BLE,1705562133971713263,DF:A6:DC:DC:2E:81,-65
BLE,1705562133971740137,DF:DF:EE:00:00:01,-65
BLE,1705562134060310390,DF:DF:EE:00:00:04,-34
BLE,1705562134330213960,D3:F4:55:AB:96:20,-57
BLE,1705562134523501438,DF:DF:EE:00:00:04,-39
BLE,1705562134526508228,D3:F4:55:AB:96:20,-58
BLE,1705562134718478224,D3:F4:55:AB:96:20,-56
BLE,1705562134911307584,D3:F4:55:AB:96:20,-59
BLE,1705562135062825961,DF:DF:EE:00:00:04,-51
BLE,1705562135109459574,D3:F4:55:AB:96:20,-57
BLE,1705562135304697982,D3:F4:55:AB:96:20,-56
BLE,1705562135681319791,D3:F4:55:AB:96:20,-60
BLE,1705562135873785614,D3:F4:55:AB:96:20,-58
BLE,1705562136059131790,DF:DF:EE:00:00:04,-34
BLE,1705562136063905262,D3:F4:55:AB:96:20,-59
BLE,1705562136258595011,D3:F4:55:AB:96:20,-58
BLE,1705562136451966655,D3:F4:55:AB:96:20,-56
BLE,1705562136646043954,D3:F4:55:AB:96:20,-58
BLE,1705562137033558771,D3:F4:55:AB:96:20,-55
BLE,1705562137059218856,DF:DF:EE:00:00:04,-36
BLE,1705562137226747709,D3:F4:55:AB:96:20,-56
BLE,1705562137412792542,D3:F4:55:AB:96:20,-59
BLE,1705562137516590322,DF:DF:EE:00:00:04,-45
BLE,1705562137609496303,D3:F4:55:AB:96:20,-57
BLE,1705562137794167281,DF:A6:DC:DC:2E:81,-64
BLE,1705562137794202239,DF:DF:EE:00:00:01,-64
BLE,1705562137801038765,D3:F4:55:AB:96:20,-56
BLE,1705562137994822527,D3:F4:55:AB:96:20,-59
BLE,1705562138057579488,DF:DF:EE:00:00:04,-40
BLE,1705562138381161569,D3:F4:55:AB:96:20,-59
BLE,1705562138521636441,DF:DF:EE:00:00:04,-37
BLE,1705562138571680087,D3:F4:55:AB:96:20,-58
BLE,1705562139060348598,DF:DF:EE:00:00:04,-35
BLE,1705562139339849404,D3:F4:55:AB:96:20,-58
BLE,1705562139532744679,D3:F4:55:AB:96:20,-56
BLE,1705562139921166733,D3:F4:55:AB:96:20,-41
BLE,1705562140060758617,DF:DF:EE:00:00:04,-40
BLE,1705562140113642847,D3:F4:55:AB:96:20,-59
BLE,1705562140308976879,D3:F4:55:AB:96:20,-42
BLE,1705562140515291292,DF:DF:EE:00:00:04,-35
BLE,1705562140695739165,D3:F4:55:AB:96:20,-59
BLE,1705562140890362373,D3:F4:55:AB:96:20,-58
BLE,1705562141057825977,DF:DF:EE:00:00:04,-34
BLE,1705562141086228980,D3:F4:55:AB:96:20,-56
BLE,1705562141279233003,D3:F4:55:AB:96:20,-59
BLE,1705562141470270306,D3:F4:55:AB:96:20,-56
BLE,1705562141521301021,DF:DF:EE:00:00:04,-38
BLE,1705562141661846308,D3:F4:55:AB:96:20,-59
BLE,1705562141860796287,D3:F4:55:AB:96:20,-57
BLE,1705562142054467842,D3:F4:55:AB:96:20,-56
BLE,1705562142061665738,DF:DF:EE:00:00:04,-38
BLE,1705562142243524465,D3:F4:55:AB:96:20,-57
BLE,1705562142434244022,D3:F4:55:AB:96:20,-54
BLE,1705562143005595412,D3:F4:55:AB:96:20,-58
BLE,1705562143064249683,DF:DF:EE:00:00:04,-33
BLE,1705562143199016888,D3:F4:55:AB:96:20,-54
BLE,1705562143524501691,DF:DF:EE:00:00:04,-39
BLE,1705562143589179208,D3:F4:55:AB:96:20,-56
BLE,1705562143975507209,D3:F4:55:AB:96:20,-58
BLE,1705562144063706258,DF:DF:EE:00:00:04,-45
BLE,1705562144161268296,D3:F4:55:AB:96:20,-59
BLE,1705562144358977376,D3:F4:55:AB:96:20,-58
BLE,1705562144519591705,DF:DF:EE:00:00:04,-34
BLE,1705562144551207536,D3:F4:55:AB:96:20,-56
BLE,1705562144741226728,D3:F4:55:AB:96:20,-57
BLE,1705562144926836609,D3:F4:55:AB:96:20,-59
BLE,1705562145059305764,DF:DF:EE:00:00:04,-34
BLE,1705562145116854385,D3:F4:55:AB:96:20,-56
BLE,1705562145497982378,D3:F4:55:AB:96:20,-56
BLE,1705562145687458828,D3:F4:55:AB:96:20,-56
BLE,1705562145877433520,D3:F4:55:AB:96:20,-55
BLE,1705562146057440483,DF:DF:EE:00:00:04,-35
BLE,1705562146258823135,D3:F4:55:AB:96:20,-56
BLE,1705562146449212946,D3:F4:55:AB:96:20,-58
BLE,1705562146519598630,DF:DF:EE:00:00:04,-38
BLE,1705562146635892520,D3:F4:55:AB:96:20,-60
BLE,1705562146705012431,DF:A6:DC:DC:2E:81,-64
BLE,1705562146705039722,DF:DF:EE:00:00:01,-64
BLE,1705562147059692600,DF:DF:EE:00:00:04,-39
BLE,1705562147396180452,D3:F4:55:AB:96:20,-58
BLE,1705562147523583722,DF:DF:EE:00:00:04,-35
BLE,1705562147583014815,D3:F4:55:AB:96:20,-60
BLE,1705562147966753520,D3:F4:55:AB:96:20,-59
BLE,1705562148054695157,DF:DF:EE:00:00:04,-35
BLE,1705562148361883559,D3:F4:55:AB:96:20,-58
BLE,1705562148521223906,DF:DF:EE:00:00:04,-39
BLE,1705562148548471926,D3:F4:55:AB:96:20,-59
BLE,1705562148747485654,D3:F4:55:AB:96:20,-57
BLE,1705562148941991864,D3:F4:55:AB:96:20,-56
BLE,1705562149058081924,DF:DF:EE:00:00:04,-39
BLE,1705562149131784059,D3:F4:55:AB:96:20,-59
BLE,1705562149250053421,DF:A6:DC:DC:2E:81,-64
BLE,1705562149250079796,DF:DF:EE:00:00:01,-64
BLE,1705562149330442501,D3:F4:55:AB:96:20,-58
BLE,1705562149519079546,DF:DF:EE:00:00:04,-34
BLE,1705562149901297440,D3:F4:55:AB:96:20,-59
BLE,1705562150093193105,D3:F4:55:AB:96:20,-58
BLE,1705562150284359738,D3:F4:55:AB:96:20,-59
BLE,1705562150479959016,D3:F4:55:AB:96:20,-58
BLE,1705562150516766480,DF:DF:EE:00:00:04,-35
BLE,1705562150666974252,D3:F4:55:AB:96:20,-59
BLE,1705562150864284504,D3:F4:55:AB:96:20,-59
BLE,1705562151055715426,D3:F4:55:AB:96:20,-56
BLE,1705562151441715306,D3:F4:55:AB:96:20,-58
BLE,1705562151630709513,D3:F4:55:AB:96:20,-57
BLE,1705562151825462428,D3:F4:55:AB:96:20,-58
BLE,1705562152021361159,D3:F4:55:AB:96:20,-54
BLE,1705562152058960778,DF:DF:EE:00:00:04,-34
BLE,1705562152214400557,D3:F4:55:AB:96:20,-59
BLE,1705562152406287014,D3:F4:55:AB:96:20,-56
BLE,1705562152515044472,DF:DF:EE:00:00:04,-35
BLE,1705562152782296706,D3:F4:55:AB:96:20,-59
BLE,1705562153064675179,DF:DF:EE:00:00:04,-45
BLE,1705562153170517804,D3:F4:55:AB:96:20,-56
BLE,1705562153364805934,D3:F4:55:AB:96:20,-58
BLE,1705562153519107146,DF:DF:EE:00:00:04,-35
BLE,1705562153556726515,D3:F4:55:AB:96:20,-58
BLE,1705562153749791871,D3:F4:55:AB:96:20,-59
BLE,1705562153940697300,D3:F4:55:AB:96:20,-58
BLE,1705562154135153219,D3:F4:55:AB:96:20,-54
BLE,1705562154515171395,D3:F4:55:AB:96:20,-43
BLE,1705562154708067170,D3:F4:55:AB:96:20,-57
BLE,1705562154898947892,D3:F4:55:AB:96:20,-56
BLE,1705562155062654550,DF:DF:EE:00:00:04,-36
BLE,1705562155087554604,D3:F4:55:AB:96:20,-58
BLE,1705562155278490116,D3:F4:55:AB:96:20,-59
BLE,1705562155617027938,DF:A6:DC:DC:2E:81,-65
BLE,1705562155617064979,DF:DF:EE:00:00:01,-65
BLE,1705562156048174869,D3:F4:55:AB:96:20,-56
BLE,1705562156057393152,DF:DF:EE:00:00:04,-38
BLE,1705562156239018841,D3:F4:55:AB:96:20,-58
BLE,1705562156430281807,D3:F4:55:AB:96:20,-56
BLE,1705562156522387049,DF:DF:EE:00:00:04,-34
BLE,1705562156626086831,D3:F4:55:AB:96:20,-59
BLE,1705562156819318393,D3:F4:55:AB:96:20,-58
BLE,1705562157011759133,D3:F4:55:AB:96:20,-59
BLE,1705562157054393721,DF:DF:EE:00:00:04,-35
BLE,1705562157205912056,D3:F4:55:AB:96:20,-58
BLE,1705562157398119133,D3:F4:55:AB:96:20,-56
BLE,1705562157516969403,DF:DF:EE:00:00:04,-39
BLE,1705562157587002633,D3:F4:55:AB:96:20,-56
BLE,1705562157779609038,D3:F4:55:AB:96:20,-56
BLE,1705562157975220107,D3:F4:55:AB:96:20,-59
BLE,1705562158056805586,DF:DF:EE:00:00:04,-39
BLE,1705562158519250103,DF:DF:EE:00:00:04,-34
BLE,1705562158555971569,D3:F4:55:AB:96:20,-57
BLE,1705562158746802499,D3:F4:55:AB:96:20,-55
BLE,1705562158941436707,D3:F4:55:AB:96:20,-59
BLE,1705562159060281852,DF:DF:EE:00:00:04,-34
BLE,1705562159061776538,DF:DF:EE:00:00:04,-35
BLE,1705562159519624165,DF:DF:EE:00:00:04,-24
BLE,1705562159521515970,D3:F4:55:AB:96:20,-58
BLE,1705562159716513423,D3:F4:55:AB:96:20,-56
BLE,1705562159906499532,D3:F4:55:AB:96:20,-58
BLE,1705562160063051337,DF:DF:EE:00:00:04,-38
BLE,1705562160483518840,D3:F4:55:AB:96:20,-56
BLE,1705562160518208669,DF:DF:EE:00:00:04,-34
BLE,1705562160866234394,D3:F4:55:AB:96:20,-56
BLE,1705562161055326516,D3:F4:55:AB:96:20,-42
BLE,1705562161062069709,DF:DF:EE:00:00:04,-34
BLE,1705562161522428257,DF:DF:EE:00:00:04,-38
BLE,1705562161816685432,D3:F4:55:AB:96:20,-58
BLE,1705562161982923970,DF:A6:DC:DC:2E:81,-62
BLE,1705562161982956928,DF:DF:EE:00:00:01,-62
BLE,1705562162002798764,D3:F4:55:AB:96:20,-59
BLE,1705562162058623826,DF:DF:EE:00:00:04,-35
BLE,1705562162198400041,D3:F4:55:AB:96:20,-58
BLE,1705562162390318872,D3:F4:55:AB:96:20,-44
BLE,1705562162520872680,DF:DF:EE:00:00:04,-34
BLE,1705562162587505627,D3:F4:55:AB:96:20,-57
BLE,1705562162784312345,D3:F4:55:AB:96:20,-58
BLE,1705562162973165721,D3:F4:55:AB:96:20,-57
BLE,1705562163062197383,DF:DF:EE:00:00:04,-35
BLE,1705562163360459624,D3:F4:55:AB:96:20,-56
BLE,1705562163520378504,DF:DF:EE:00:00:04,-35
BLE,1705562163745015526,D3:F4:55:AB:96:20,-56
BLE,1705562164058343297,DF:DF:EE:00:00:04,-36
BLE,1705562164129024352,D3:F4:55:AB:96:20,-54
BLE,1705562164324391091,D3:F4:55:AB:96:20,-60
BLE,1705562164517082327,DF:DF:EE:00:00:04,-39
BLE,1705562164518921634,D3:F4:55:AB:96:20,-57
BLE,1705562164710295431,D3:F4:55:AB:96:20,-55
BLE,1705562164900907615,D3:F4:55:AB:96:20,-56
BLE,1705562165057553042,DF:DF:EE:00:00:04,-38
BLE,1705562165088212554,D3:F4:55:AB:96:20,-59
BLE,1705562165482267484,D3:F4:55:AB:96:20,-58
BLE,1705562165521944532,DF:DF:EE:00:00:04,-37
BLE,1705562165672140845,D3:F4:55:AB:96:20,-59
BLE,1705562166051619529,D3:F4:55:AB:96:20,-59
BLE,1705562166518602272,DF:DF:EE:00:00:04,-39
BLE,1705562166817846166,D3:F4:55:AB:96:20,-59
BLE,1705562167011689635,D3:F4:55:AB:96:20,-56
BLE,1705562167056382901,DF:DF:EE:00:00:04,-36
BLE,1705562167208139317,D3:F4:55:AB:96:20,-56
BLE,1705562167404291378,D3:F4:55:AB:96:20,-59
BLE,1705562167522037247,DF:DF:EE:00:00:04,-35
BLE,1705562167599812740,D3:F4:55:AB:96:20,-58
BLE,1705562167793821874,D3:F4:55:AB:96:20,-56
BLE,1705562167989801979,D3:F4:55:AB:96:20,-59
BLE,1705562168055759977,DF:DF:EE:00:00:04,-36
BLE,1705562168346647534,DF:A6:DC:DC:2E:81,-64
BLE,1705562168346678242,DF:DF:EE:00:00:01,-64
BLE,1705562168373672682,D3:F4:55:AB:96:20,-59
BLE,1705562168516747933,DF:DF:EE:00:00:04,-37
BLE,1705562168565330350,D3:F4:55:AB:96:20,-58
BLE,1705562168754188226,D3:F4:55:AB:96:20,-59
BLE,1705562168948016529,D3:F4:55:AB:96:20,-58
BLE,1705562169054230691,DF:DF:EE:00:00:04,-33
BLE,1705562169138353175,D3:F4:55:AB:96:20,-58
BLE,1705562169335103727,D3:F4:55:AB:96:20,-58
BLE,1705562169521073270,D3:F4:55:AB:96:20,-57
BLE,1705562169713530968,D3:F4:55:AB:96:20,-58
BLE,1705562169909763028,D3:F4:55:AB:96:20,-56
BLE,1705562170058178826,DF:DF:EE:00:00:04,-34
BLE,1705562170102946841,D3:F4:55:AB:96:20,-60
BLE,1705562170292911367,D3:F4:55:AB:96:20,-55
BLE,1705562170522228528,DF:DF:EE:00:00:04,-39
BLE,1705562170685474902,D3:F4:55:AB:96:20,-58
BLE,1705562170882296245,D3:F4:55:AB:96:20,-42
BLE,1705562171057050117,DF:DF:EE:00:00:04,-35
BLE,1705562171069340563,D3:F4:55:AB:96:20,-60
BLE,1705562171262395961,D3:F4:55:AB:96:20,-54
BLE,1705562171522466842,DF:DF:EE:00:00:04,-34
BLE,1705562171642012726,D3:F4:55:AB:96:20,-56
BLE,1705562171832043710,D3:F4:55:AB:96:20,-57
BLE,1705562172020458717,D3:F4:55:AB:96:20,-54
BLE,1705562172055128962,DF:DF:EE:00:00:04,-39
BLE,1705562172213576322,D3:F4:55:AB:96:20,-58
BLE,1705562172407143129,D3:F4:55:AB:96:20,-55
BLE,1705562172524336673,DF:DF:EE:00:00:04,-38
BLE,1705562172789727851,D3:F4:55:AB:96:20,-54
BLE,1705562172979789792,D3:F4:55:AB:96:20,-58
BLE,1705562173056860212,DF:DF:EE:00:00:04,-36
BLE,1705562173173464389,D3:F4:55:AB:96:20,-54
BLE,1705562173368233804,D3:F4:55:AB:96:20,-59
BLE,1705562173436788848,DF:A6:DC:DC:2E:81,-64
BLE,1705562173436816139,DF:DF:EE:00:00:01,-64
BLE,1705562173563586293,D3:F4:55:AB:96:20,-58
BLE,1705562173952288301,D3:F4:55:AB:96:20,-60
BLE,1705562174056059207,DF:DF:EE:00:00:04,-39
BLE,1705562174148291406,D3:F4:55:AB:96:20,-57
BLE,1705562174333538126,D3:F4:55:AB:96:20,-59
BLE,1705562174516744375,DF:DF:EE:00:00:04,-35
BLE,1705562174529009280,D3:F4:55:AB:96:20,-58
BLE,1705562174719603964,D3:F4:55:AB:96:20,-59
BLE,1705562174915542236,D3:F4:55:AB:96:20,-59
BLE,1705562175062309475,DF:DF:EE:00:00:04,-35
BLE,1705562175101761567,D3:F4:55:AB:96:20,-59
BLE,1705562175296185778,D3:F4:55:AB:96:20,-41
BLE,1705562175520935423,DF:DF:EE:00:00:04,-39
BLE,1705562175873301501,D3:F4:55:AB:96:20,-56
BLE,1705562176057496361,DF:DF:EE:00:00:04,-38
BLE,1705562176260913275,D3:F4:55:AB:96:20,-58
BLE,1705562176451952786,D3:F4:55:AB:96:20,-57
BLE,1705562176516838008,DF:DF:EE:00:00:04,-34
BLE,1705562176837408299,D3:F4:55:AB:96:20,-56
BLE,1705562177223748383,D3:F4:55:AB:96:20,-56
BLE,1705562177419888444,D3:F4:55:AB:96:20,-59
BLE,1705562177522449243,DF:DF:EE:00:00:04,-38
BLE,1705562177610552168,D3:F4:55:AB:96:20,-57
BLE,1705562177988484833,D3:F4:55:AB:96:20,-54
BLE,1705562178181519356,D3:F4:55:AB:96:20,-59
BLE,1705562178377497295,D3:F4:55:AB:96:20,-58
BLE,1705562178520938165,DF:DF:EE:00:00:04,-36
BLE,1705562178573188487,D3:F4:55:AB:96:20,-54
BLE,1705562178764812906,D3:F4:55:AB:96:20,-59
BLE,1705562178962255990,D3:F4:55:AB:96:20,-58
BLE,1705562179157175069,D3:F4:55:AB:96:20,-55
BLE,1705562179524910424,DF:DF:EE:00:00:04,-38
BLE,1705562179536919916,D3:F4:55:AB:96:20,-56
BLE,1705562179917626582,D3:F4:55:AB:96:20,-58
BLE,1705562180059939260,DF:DF:EE:00:00:04,-36
BLE,1705562180114872127,D3:F4:55:AB:96:20,-59
BLE,1705562180500416639,D3:F4:55:AB:96:20,-59
BLE,1705562180693505536,D3:F4:55:AB:96:20,-58
BLE,1705562181060131949,DF:DF:EE:00:00:04,-34
BLE,1705562181083298570,D3:F4:55:AB:96:20,-57
BLE,1705562181272750312,D3:F4:55:AB:96:20,-56
BLE,1705562181468221341,D3:F4:55:AB:96:20,-59
BLE,1705562181523238165,DF:DF:EE:00:00:04,-36
BLE,1705562181659203769,D3:F4:55:AB:96:20,-58
BLE,1705562181855949946,D3:F4:55:AB:96:20,-55
BLE,1705562182048246980,D3:F4:55:AB:96:20,-58
BLE,1705562182057788675,DF:DF:EE:00:00:04,-36
BLE,1705562182233551199,D3:F4:55:AB:96:20,-59
BLE,1705562182346635595,DF:A6:DC:DC:2E:81,-64
BLE,1705562182346661094,DF:DF:EE:00:00:01,-64
BLE,1705562182422078830,D3:F4:55:AB:96:20,-56
BLE,1705562182519327664,DF:DF:EE:00:00:04,-39
BLE,1705562182799494960,D3:F4:55:AB:96:20,-56
BLE,1705562182989591068,D3:F4:55:AB:96:20,-58
BLE,1705562183185019639,D3:F4:55:AB:96:20,-55
BLE,1705562183513898143,DF:DF:EE:00:00:04,-34
BLE,1705562184142252870,D3:F4:55:AB:96:20,-59
BLE,1705562184333262840,D3:F4:55:AB:96:20,-54
BLE,1705562184722549672,D3:F4:55:AB:96:20,-58
BLE,1705562184916979633,D3:F4:55:AB:96:20,-56
BLE,1705562185053816225,DF:DF:EE:00:00:04,-37
BLE,1705562185106434334,D3:F4:55:AB:96:20,-57
BLE,1705562185300257303,D3:F4:55:AB:96:20,-56
BLE,1705562185519464196,DF:DF:EE:00:00:04,-34
BLE,1705562185683825303,D3:F4:55:AB:96:20,-56
BLE,1705562185873173088,D3:F4:55:AB:96:20,-58
BLE,1705562186058658638,D3:F4:55:AB:96:20,-57
BLE,1705562186252637480,D3:F4:55:AB:96:20,-52
BLE,1705562186445075762,D3:F4:55:AB:96:20,-55
BLE,1705562186519600594,DF:DF:EE:00:00:04,-39
BLE,1705562186834884295,D3:F4:55:AB:96:20,-58
BLE,1705562187023592923,D3:F4:55:AB:96:20,-59
BLE,1705562187057600636,DF:DF:EE:00:00:04,-34
BLE,1705562187219213825,D3:F4:55:AB:96:20,-57
BLE,1705562187410113255,D3:F4:55:AB:96:20,-59
BLE,1705562187430208920,DF:A6:DC:DC:2E:81,-62
BLE,1705562187430233837,DF:DF:EE:00:00:01,-62
BLE,1705562187515161850,DF:DF:EE:00:00:04,-38
BLE,1705562187603694895,D3:F4:55:AB:96:20,-58
BLE,1705562187790237971,D3:F4:55:AB:96:20,-59
BLE,1705562187984173231,D3:F4:55:AB:96:20,-56
BLE,1705562188174520459,D3:F4:55:AB:96:20,-59
BLE,1705562188369670910,D3:F4:55:AB:96:20,-58
BLE,1705562188519209233,DF:DF:EE:00:00:04,-35
BLE,1705562188560024139,D3:F4:55:AB:96:20,-56
BLE,1705562188751218105,D3:F4:55:AB:96:20,-58
BLE,1705562188943699053,D3:F4:55:AB:96:20,-55
BLE,1705562189052917922,DF:DF:EE:00:00:04,-35
BLE,1705562189054575314,DF:DF:EE:00:00:04,-47
BLE,1705562189328888529,D3:F4:55:AB:96:20,-54
BLE,1705562189518399978,DF:DF:EE:00:00:04,-40
BLE,1705562189519810541,D3:F4:55:AB:96:20,-65
BLE,1705562189714966242,D3:F4:55:AB:96:20,-58
BLE,1705562189904013864,D3:F4:55:AB:96:20,-60
BLE,1705562190100999288,D3:F4:55:AB:96:20,-57
BLE,1705562190287583864,D3:F4:55:AB:96:20,-59
BLE,1705562190515096177,DF:DF:EE:00:00:04,-35
BLE,1705562190872651180,D3:F4:55:AB:96:20,-60
BLE,1705562191057564529,DF:DF:EE:00:00:04,-48
BLE,1705562191067709257,D3:F4:55:AB:96:20,-57
BLE,1705562191256390260,DF:A6:DC:DC:2E:81,-64
BLE,1705562191256422801,DF:DF:EE:00:00:01,-64
BLE,1705562191262090885,D3:F4:55:AB:96:20,-56
BLE,1705562191453402475,D3:F4:55:AB:96:20,-58
BLE,1705562191515011703,DF:DF:EE:00:00:04,-38
BLE,1705562191650188902,D3:F4:55:AB:96:20,-58
BLE,1705562191841028832,D3:F4:55:AB:96:20,-57
BLE,1705562192037427764,D3:F4:55:AB:96:20,-58
BLE,1705562192055355628,DF:DF:EE:00:00:04,-38
BLE,1705562192230215416,D3:F4:55:AB:96:20,-56
BLE,1705562192425932983,D3:F4:55:AB:96:20,-59
BLE,1705562192522782282,DF:DF:EE:00:00:04,-36
BLE,1705562192617200532,D3:F4:55:AB:96:20,-58
BLE,1705562192810846421,D3:F4:55:AB:96:20,-59
BLE,1705562193197640290,D3:F4:55:AB:96:20,-56
BLE,1705562193386643622,D3:F4:55:AB:96:20,-58
BLE,1705562193514322305,DF:DF:EE:00:00:04,-34
BLE,1705562193574274349,D3:F4:55:AB:96:20,-58
BLE,1705562193764913740,D3:F4:55:AB:96:20,-57
BLE,1705562193794797722,DF:A6:DC:DC:2E:81,-64
BLE,1705562193794823721,DF:DF:EE:00:00:01,-64
BLE,1705562193954969390,D3:F4:55:AB:96:20,-59
BLE,1705562194052636676,DF:DF:EE:00:00:04,-35
BLE,1705562194144013471,D3:F4:55:AB:96:20,-50
BLE,1705562194338937175,D3:F4:55:AB:96:20,-57
BLE,1705562194522965329,DF:DF:EE:00:00:04,-35
BLE,1705562194534768907,D3:F4:55:AB:96:20,-58
BLE,1705562194719959336,D3:F4:55:AB:96:20,-60
BLE,1705562194916774096,D3:F4:55:AB:96:20,-58
BLE,1705562195057185260,DF:DF:EE:00:00:04,-34
BLE,1705562195109622872,D3:F4:55:AB:96:20,-55
BLE,1705562195300267805,D3:F4:55:AB:96:20,-58
BLE,1705562195487478913,D3:F4:55:AB:96:20,-59
BLE,1705562195523876716,DF:DF:EE:00:00:04,-40
BLE,1705562195682172245,D3:F4:55:AB:96:20,-58
BLE,1705562196055019609,DF:DF:EE:00:00:04,-36
BLE,1705562196069749186,D3:F4:55:AB:96:20,-57
BLE,1705562196267325226,D3:F4:55:AB:96:20,-58
BLE,1705562196339241388,DF:A6:DC:DC:2E:81,-65
BLE,1705562196339270554,DF:DF:EE:00:00:01,-65
BLE,1705562196850041160,D3:F4:55:AB:96:20,-58
BLE,1705562197038817328,D3:F4:55:AB:96:20,-59
BLE,1705562197059867063,DF:DF:EE:00:00:04,-35
BLE,1705562197230316457,D3:F4:55:AB:96:20,-58
BLE,1705562197801688722,D3:F4:55:AB:96:20,-59
BLE,1705562197991032757,D3:F4:55:AB:96:20,-56
BLE,1705562198051682208,DF:DF:EE:00:00:04,-35
BLE,1705562198187344066,D3:F4:55:AB:96:20,-59
BLE,1705562198380268674,D3:F4:55:AB:96:20,-58
BLE,1705562198572738789,D3:F4:55:AB:96:20,-56
BLE,1705562198883888259,DF:A6:DC:DC:2E:81,-65
BLE,1705562198883921300,DF:DF:EE:00:00:01,-65
BLE,1705562199145547283,D3:F4:55:AB:96:20,-58
BLE,1705562199340668776,D3:F4:55:AB:96:20,-55
BLE,1705562199532995017,D3:F4:55:AB:96:20,-60
BLE,1705562199725335467,D3:F4:55:AB:96:20,-56
BLE,1705562200059950512,DF:DF:EE:00:00:04,-36
BLE,1705562200111447304,D3:F4:55:AB:96:20,-58
BLE,1705562200301632702,D3:F4:55:AB:96:20,-59
BLE,1705562200516708863,DF:DF:EE:00:00:04,-38
BLE,1705562200692164475,D3:F4:55:AB:96:20,-55
BLE,1705562200886639186,D3:F4:55:AB:96:20,-57
BLE,1705562201081537307,D3:F4:55:AB:96:20,-58
BLE,1705562201274187544,D3:F4:55:AB:96:20,-56
BLE,1705562201463800575,D3:F4:55:AB:96:20,-58
BLE,1705562201517960703,DF:DF:EE:00:00:04,-34
BLE,1705562201649298416,D3:F4:55:AB:96:20,-60
BLE,1705562201839279900,D3:F4:55:AB:96:20,-56
BLE,1705562202056933440,DF:DF:EE:00:00:04,-34
BLE,1705562202226135977,D3:F4:55:AB:96:20,-58
BLE,1705562202419825449,D3:F4:55:AB:96:20,-56
BLE,1705562202516001298,DF:DF:EE:00:00:04,-35
BLE,1705562202709041571,DF:A6:DC:DC:2E:81,-63
BLE,1705562202709072821,DF:DF:EE:00:00:01,-63
BLE,1705562202804272227,D3:F4:55:AB:96:20,-56
BLE,1705562203063055209,DF:DF:EE:00:00:04,-39
BLE,1705562203185642633,D3:F4:55:AB:96:20,-55
BLE,1705562203380447755,D3:F4:55:AB:96:20,-59
BLE,1705562203577655676,D3:F4:55:AB:96:20,-56
BLE,1705562203962089996,D3:F4:55:AB:96:20,-57
BLE,1705562204154194116,D3:F4:55:AB:96:20,-56
BLE,1705562204345862576,D3:F4:55:AB:96:20,-58
BLE,1705562204513607842,DF:DF:EE:00:00:04,-36
BLE,1705562204535540564,D3:F4:55:AB:96:20,-56
BLE,1705562204726463785,D3:F4:55:AB:96:20,-57
BLE,1705562204918732444,D3:F4:55:AB:96:20,-54
BLE,1705562205053940642,DF:DF:EE:00:00:04,-36
BLE,1705562205311526642,D3:F4:55:AB:96:20,-58
BLE,1705562205505876146,D3:F4:55:AB:96:20,-50
BLE,1705562205697907434,D3:F4:55:AB:96:20,-59
BLE,1705562205894245159,D3:F4:55:AB:96:20,-58
BLE,1705562206055013735,DF:DF:EE:00:00:04,-39
BLE,1705562206084783927,D3:F4:55:AB:96:20,-59
BLE,1705562206279114973,D3:F4:55:AB:96:20,-58
BLE,1705562206465504842,D3:F4:55:AB:96:20,-60
BLE,1705562206517327505,DF:DF:EE:00:00:04,-35
BLE,1705562206659879013,D3:F4:55:AB:96:20,-57
BLE,1705562206845360812,D3:F4:55:AB:96:20,-59
BLE,1705562207035375254,D3:F4:55:AB:96:20,-55
BLE,1705562207056656695,DF:DF:EE:00:00:04,-35
BLE,1705562207411647943,D3:F4:55:AB:96:20,-59
BLE,1705562207519905951,DF:DF:EE:00:00:04,-35
BLE,1705562207806848315,D3:F4:55:AB:96:20,-57
BLE,1705562207992848565,D3:F4:55:AB:96:20,-59
BLE,1705562208377739337,D3:F4:55:AB:96:20,-59
BLE,1705562208516307653,DF:DF:EE:00:00:04,-34
BLE,1705562208762213615,D3:F4:55:AB:96:20,-59
BLE,1705562208952643926,D3:F4:55:AB:96:20,-57
BLE,1705562209052983798,DF:DF:EE:00:00:04,-34
BLE,1705562209142642993,D3:F4:55:AB:96:20,-59
BLE,1705562209526805734,D3:F4:55:AB:96:20,-59
BLE,1705562209905566845,D3:F4:55:AB:96:20,-53
BLE,1705562210490337415,D3:F4:55:AB:96:20,-58
BLE,1705562210516302495,DF:DF:EE:00:00:04,-34
BLE,1705562210680667477,D3:F4:55:AB:96:20,-56
BLE,1705562211064762886,D3:F4:55:AB:96:20,-56
BLE,1705562211445747464,D3:F4:55:AB:96:20,-54
BLE,1705562211512782863,DF:DF:EE:00:00:04,-36
BLE,1705562211835540748,D3:F4:55:AB:96:20,-58
BLE,1705562212031841557,D3:F4:55:AB:96:20,-56
BLE,1705562212061288711,DF:DF:EE:00:00:04,-39
BLE,1705562212225073702,D3:F4:55:AB:96:20,-59
BLE,1705562212518087311,DF:DF:EE:00:00:04,-34
BLE,1705562213055112243,DF:DF:EE:00:00:04,-34
BLE,1705562213191992250,D3:F4:55:AB:96:20,-59
BLE,1705562213517047601,DF:DF:EE:00:00:04,-35
BLE,1705562213574234519,D3:F4:55:AB:96:20,-59
BLE,1705562213953352833,D3:F4:55:AB:96:20,-58
BLE,1705562214060201236,DF:DF:EE:00:00:04,-40
BLE,1705562214148870862,D3:F4:55:AB:96:20,-56
BLE,1705562214162426998,DF:A6:DC:DC:2E:81,-62
BLE,1705562214162452914,DF:DF:EE:00:00:01,-62
BLE,1705562214519397342,DF:DF:EE:00:00:04,-34
BLE,1705562214537227749,D3:F4:55:AB:96:20,-58
BLE,1705562215055126876,DF:DF:EE:00:00:04,-39
BLE,1705562215500735181,D3:F4:55:AB:96:20,-58
BLE,1705562215516898612,DF:DF:EE:00:00:04,-35
BLE,1705562215886476232,D3:F4:55:AB:96:20,-58
BLE,1705562216055488771,DF:DF:EE:00:00:04,-36
BLE,1705562216074590452,D3:F4:55:AB:96:20,-57
BLE,1705562216468193138,D3:F4:55:AB:96:20,-58
BLE,1705562216520178381,DF:DF:EE:00:00:04,-35
BLE,1705562216660687752,D3:F4:55:AB:96:20,-59
BLE,1705562216701747071,DF:A6:DC:DC:2E:81,-64
BLE,1705562216701774613,DF:DF:EE:00:00:01,-64
BLE,1705562216850754485,D3:F4:55:AB:96:20,-58
BLE,1705562217046779882,D3:F4:55:AB:96:20,-56
BLE,1705562217056743487,DF:DF:EE:00:00:04,-39
BLE,1705562217236386746,D3:F4:55:AB:96:20,-58
BLE,1705562217430135009,D3:F4:55:AB:96:20,-55
BLE,1705562217513314840,DF:DF:EE:00:00:04,-20
BLE,1705562217626435818,D3:F4:55:AB:96:20,-59
BLE,1705562218010642266,D3:F4:55:AB:96:20,-59
BLE,1705562218053656765,DF:DF:EE:00:00:04,-34
BLE,1705562218203248254,D3:F4:55:AB:96:20,-58
BLE,1705562218388942759,D3:F4:55:AB:96:20,-60
BLE,1705562218516464361,DF:DF:EE:00:00:04,-38
BLE,1705562218585865350,D3:F4:55:AB:96:20,-57
BLE,1705562218773538618,D3:F4:55:AB:96:20,-59
BLE,1705562219055884049,DF:DF:EE:00:00:04,-40
BLE,1705562219169449229,D3:F4:55:AB:96:20,-58
BLE,1705562219245762868,DF:A6:DC:DC:2E:81,-65
BLE,1705562219245790160,DF:DF:EE:00:00:01,-65
BLE,1705562219358403479,D3:F4:55:AB:96:20,-59
BLE,1705562219515830895,DF:DF:EE:00:00:04,-35
BLE,1705562219552190032,D3:F4:55:AB:96:20,-56
BLE,1705562219740765620,D3:F4:55:AB:96:20,-57
BLE,1705562219936997139,D3:F4:55:AB:96:20,-42
BLE,1705562220132777205,D3:F4:55:AB:96:20,-56
BLE,1705562220514205152,DF:DF:EE:00:00:04,-35
BLE,1705562220518317259,D3:F4:55:AB:96:20,-57
BLE,1705562221052752854,DF:DF:EE:00:00:04,-36
BLE,1705562221090617427,D3:F4:55:AB:96:20,-58
BLE,1705562221519413726,DF:DF:EE:00:00:04,-35
BLE,1705562221791134396,DF:A6:DC:DC:2E:81,-64
BLE,1705562221791182562,DF:DF:EE:00:00:01,-64
BLE,1705562222052691921,DF:DF:EE:00:00:04,-38
BLE,1705562222058145009,D3:F4:55:AB:96:20,-59
BLE,1705562222251892438,D3:F4:55:AB:96:20,-57
BLE,1705562222442467038,D3:F4:55:AB:96:20,-59
BLE,1705562222518699804,DF:DF:EE:00:00:04,-36
BLE,1705562222830565055,D3:F4:55:AB:96:20,-54
BLE,1705562223019412556,D3:F4:55:AB:96:20,-57
BLE,1705562223601942492,D3:F4:55:AB:96:20,-56
BLE,1705562223791805770,D3:F4:55:AB:96:20,-59
BLE,1705562223980840892,D3:F4:55:AB:96:20,-56
BLE,1705562224059561496,DF:DF:EE:00:00:04,-34
BLE,1705562224518154862,DF:DF:EE:00:00:04,-36
BLE,1705562224554026840,D3:F4:55:AB:96:20,-59
BLE,1705562224936248442,D3:F4:55:AB:96:20,-59
BLE,1705562225058404997,DF:DF:EE:00:00:04,-35
BLE,1705562225332840418,D3:F4:55:AB:96:20,-58
BLE,1705562225904674427,D3:F4:55:AB:96:20,-59
BLE,1705562226100462910,D3:F4:55:AB:96:20,-57
BLE,1705562226287335647,D3:F4:55:AB:96:20,-53
BLE,1705562226482869259,D3:F4:55:AB:96:20,-57
BLE,1705562226514144471,DF:DF:EE:00:00:04,-35
BLE,1705562226668372350,D3:F4:55:AB:96:20,-59
BLE,1705562226858339960,D3:F4:55:AB:96:20,-56
BLE,1705562227054741392,DF:DF:EE:00:00:04,-34
BLE,1705562227432824971,D3:F4:55:AB:96:20,-58
BLE,1705562227519209714,DF:DF:EE:00:00:04,-38
BLE,1705562228007733477,D3:F4:55:AB:96:20,-56
BLE,1705562228061322738,DF:DF:EE:00:00:04,-38
BLE,1705562228153461938,DF:A6:DC:DC:2E:81,-62
BLE,1705562228153490105,DF:DF:EE:00:00:01,-62
BLE,1705562228575927205,D3:F4:55:AB:96:20,-58
BLE,1705562228764178339,D3:F4:55:AB:96:20,-43
BLE,1705562229055751386,DF:DF:EE:00:00:04,-34
BLE,1705562229157929898,D3:F4:55:AB:96:20,-47
BLE,1705562229348356834,D3:F4:55:AB:96:20,-60
BLE,1705562229515954353,DF:DF:EE:00:00:04,-36
BLE,1705562229541930475,D3:F4:55:AB:96:20,-58
BLE,1705562229729679991,D3:F4:55:AB:96:20,-59
BLE,1705562229927810274,D3:F4:55:AB:96:20,-58
BLE,1705562230058472955,DF:DF:EE:00:00:04,-38
BLE,1705562230120490719,D3:F4:55:AB:96:20,-54
BLE,1705562230503490601,D3:F4:55:AB:96:20,-56
BLE,1705562231057248039,DF:DF:EE:00:00:04,-35
BLE,1705562231270989094,D3:F4:55:AB:96:20,-54
BLE,1705562231514366885,DF:DF:EE:00:00:04,-35
BLE,1705562231660665921,D3:F4:55:AB:96:20,-58
BLE,1705562231847984028,D3:F4:55:AB:96:20,-59
BLE,1705562232053512077,DF:DF:EE:00:00:04,-36
BLE,1705562232231032910,D3:F4:55:AB:96:20,-60
BLE,1705562232515817389,DF:DF:EE:00:00:04,-39
BLE,1705562232620808069,D3:F4:55:AB:96:20,-55
BLE,1705562232999735719,D3:F4:55:AB:96:20,-56
BLE,1705562233054755709,DF:DF:EE:00:00:04,-38
BLE,1705562233385187649,D3:F4:55:AB:96:20,-55
BLE,1705562234056045299,DF:DF:EE:00:00:04,-36
BLE,1705562234155512268,D3:F4:55:AB:96:20,-58
BLE,1705562234518758854,DF:DF:EE:00:00:04,-39
BLE,1705562234525935500,DF:A6:DC:DC:2E:81,-62
BLE,1705562234525960958,DF:DF:EE:00:00:01,-62
BLE,1705562234540383081,D3:F4:55:AB:96:20,-56
BLE,1705562234727952017,D3:F4:55:AB:96:20,-59
BLE,1705562234923720584,D3:F4:55:AB:96:20,-58
BLE,1705562235057249848,DF:DF:EE:00:00:04,-39
BLE,1705562235310852073,D3:F4:55:AB:96:20,-60
BLE,1705562235696065632,D3:F4:55:AB:96:20,-59
BLE,1705562236058248234,DF:DF:EE:00:00:04,-38
BLE,1705562236088640291,D3:F4:55:AB:96:20,-58
BLE,1705562236519599309,DF:DF:EE:00:00:04,-39
BLE,1705562237038402090,D3:F4:55:AB:96:20,-58
BLE,1705562237421861674,D3:F4:55:AB:96:20,-58
BLE,1705562237614868822,D3:F4:55:AB:96:20,-55
BLE,1705562237806835528,D3:F4:55:AB:96:20,-59
BLE,1705562238056476143,DF:DF:EE:00:00:04,-35
BLE,1705562238189004089,D3:F4:55:AB:96:20,-58
BLE,1705562238378685786,D3:F4:55:AB:96:20,-55
BLE,1705562238520620470,DF:DF:EE:00:00:04,-39
BLE,1705562238758560589,D3:F4:55:AB:96:20,-55
BLE,1705562238949465560,D3:F4:55:AB:96:20,-58
BLE,1705562239059365585,DF:DF:EE:00:00:04,-38
BLE,1705562239145471748,D3:F4:55:AB:96:20,-56
BLE,1705562239532348657,D3:F4:55:AB:96:20,-57
BLE,1705562239726227085,D3:F4:55:AB:96:20,-55
BLE,1705562240303635470,D3:F4:55:AB:96:20,-59
BLE,1705562240495588968,D3:F4:55:AB:96:20,-56
BLE,1705562240521119929,DF:DF:EE:00:00:04,-39
BLE,1705562240689719308,D3:F4:55:AB:96:20,-57
BLE,1705562240881296727,D3:F4:55:AB:96:20,-58
BLE,1705562240889834395,DF:A6:DC:DC:2E:81,-64
BLE,1705562240889860353,DF:DF:EE:00:00:01,-64
BLE,1705562241054661287,DF:DF:EE:00:00:04,-38
BLE,1705562241071182255,D3:F4:55:AB:96:20,-58
BLE,1705562241259960923,D3:F4:55:AB:96:20,-56
BLE,1705562241450696438,D3:F4:55:AB:96:20,-59
BLE,1705562242031000615,D3:F4:55:AB:96:20,-58
BLE,1705562242056272664,DF:DF:EE:00:00:04,-39
BLE,1705562242224599963,D3:F4:55:AB:96:20,-56
BLE,1705562242519515211,DF:DF:EE:00:00:04,-35
BLE,1705562242607313808,D3:F4:55:AB:96:20,-56
BLE,1705562242801327984,D3:F4:55:AB:96:20,-59
BLE,1705562242997760999,D3:F4:55:AB:96:20,-58
BLE,1705562243049718659,DF:DF:EE:00:00:04,-35
BLE,1705562243189104422,D3:F4:55:AB:96:20,-60
BLE,1705562243190641358,D3:F4:55:AB:96:20,-56
BLE,1705562243518680582,DF:DF:EE:00:00:04,-40
BLE,1705562243766362518,D3:F4:55:AB:96:20,-58
BLE,1705562243963938016,D3:F4:55:AB:96:20,-42
BLE,1705562244157000456,D3:F4:55:AB:96:20,-60
BLE,1705562244348713373,D3:F4:55:AB:96:20,-57
BLE,1705562244514947536,DF:DF:EE:00:00:04,-19
BLE,1705562244541084448,D3:F4:55:AB:96:20,-56
BLE,1705562244735766655,D3:F4:55:AB:96:20,-59
BLE,1705562244931585471,D3:F4:55:AB:96:20,-53
BLE,1705562245118171546,D3:F4:55:AB:96:20,-60
BLE,1705562245314839641,D3:F4:55:AB:96:20,-57
BLE,1705562245513902035,DF:DF:EE:00:00:04,-36
BLE,1705562245693854624,D3:F4:55:AB:96:20,-55
BLE,1705562245883977564,D3:F4:55:AB:96:20,-59
BLE,1705562246051323753,DF:DF:EE:00:00:04,-36
BLE,1705562246075389903,D3:F4:55:AB:96:20,-56
BLE,1705562246456751767,D3:F4:55:AB:96:20,-56
BLE,1705562246844995907,D3:F4:55:AB:96:20,-58
BLE,1705562247035713172,D3:F4:55:AB:96:20,-59
BLE,1705562247054929684,DF:DF:EE:00:00:04,-36
BLE,1705562247423852605,D3:F4:55:AB:96:20,-55
BLE,1705562247521375643,DF:DF:EE:00:00:04,-39
BLE,1705562247617019334,D3:F4:55:AB:96:20,-59
BLE,1705562247808822125,D3:F4:55:AB:96:20,-56
BLE,1705562248054544590,DF:DF:EE:00:00:04,-35
BLE,1705562248197941627,D3:F4:55:AB:96:20,-58
BLE,1705562248516228368,DF:DF:EE:00:00:04,-34
BLE,1705562248588121572,D3:F4:55:AB:96:20,-59
BLE,1705562248783295439,D3:F4:55:AB:96:20,-58
BLE,1705562248980829105,D3:F4:55:AB:96:20,-57
BLE,1705562249176307175,D3:F4:55:AB:96:20,-56
BLE,1705562249368336463,D3:F4:55:AB:96:20,-58
BLE,1705562249521515066,DF:DF:EE:00:00:04,-39
BLE,1705562249561214280,D3:F4:55:AB:96:20,-56
BLE,1705562250134084107,D3:F4:55:AB:96:20,-58
BLE,1705562250328274988,D3:F4:55:AB:96:20,-56
BLE,1705562250514636775,DF:DF:EE:00:00:04,-38
BLE,1705562250522473244,D3:F4:55:AB:96:20,-59
BLE,1705562251052441571,DF:DF:EE:00:00:04,-39
BLE,1705562251063749489,DF:A6:DC:DC:2E:81,-62
BLE,1705562251063778864,DF:DF:EE:00:00:01,-62
BLE,1705562251105178011,D3:F4:55:AB:96:20,-59
BLE,1705562251300006008,D3:F4:55:AB:96:20,-56
BLE,1705562251511560470,DF:DF:EE:00:00:04,-34
BLE,1705562251690498032,D3:F4:55:AB:96:20,-58
BLE,1705562251885204989,D3:F4:55:AB:96:20,-67
BLE,1705562252055759047,DF:DF:EE:00:00:04,-36
BLE,1705562252075175056,D3:F4:55:AB:96:20,-59
BLE,1705562253037087261,D3:F4:55:AB:96:20,-57
BLE,1705562253050875935,DF:DF:EE:00:00:04,-36
BLE,1705562253225914512,D3:F4:55:AB:96:20,-56
BLE,1705562253417083354,D3:F4:55:AB:96:20,-58
BLE,1705562253511456355,DF:DF:EE:00:00:04,-34
BLE,1705562253603822344,D3:F4:55:AB:96:20,-59
BLE,1705562253797764520,D3:F4:55:AB:96:20,-57
BLE,1705562253988091291,D3:F4:55:AB:96:20,-59
BLE,1705562254052715767,DF:DF:EE:00:00:04,-35
BLE,1705562254179352590,D3:F4:55:AB:96:20,-58
BLE,1705562254375914229,D3:F4:55:AB:96:20,-50
BLE,1705562254512934650,DF:DF:EE:00:00:04,-36
BLE,1705562254887915483,DF:A6:DC:DC:2E:81,-64
BLE,1705562254887947608,DF:DF:EE:00:00:01,-64
BLE,1705562255060905006,DF:DF:EE:00:00:04,-45
BLE,1705562255518437179,DF:DF:EE:00:00:04,-34
BLE,1705562255539297125,D3:F4:55:AB:96:20,-60
BLE,1705562255732810933,D3:F4:55:AB:96:20,-58
BLE,1705562255921480395,D3:F4:55:AB:96:20,-59
BLE,1705562256051070675,DF:DF:EE:00:00:04,-39
BLE,1705562256118278321,D3:F4:55:AB:96:20,-58
BLE,1705562256304716899,D3:F4:55:AB:96:20,-59
BLE,1705562256500959375,D3:F4:55:AB:96:20,-57
BLE,1705562256515525205,DF:DF:EE:00:00:04,-35
BLE,1705562256689632587,D3:F4:55:AB:96:20,-60
BLE,1705562256884677164,D3:F4:55:AB:96:20,-58
BLE,1705562257048822232,DF:DF:EE:00:00:04,-36
BLE,1705562257081876085,D3:F4:55:AB:96:20,-58
BLE,1705562257275993300,D3:F4:55:AB:96:20,-56
BLE,1705562257430115390,DF:A6:DC:DC:2E:81,-65
BLE,1705562257430143598,DF:DF:EE:00:00:01,-65
BLE,1705562257471493162,D3:F4:55:AB:96:20,-58
BLE,1705562257860982284,D3:F4:55:AB:96:20,-55
BLE,1705562258052158917,DF:DF:EE:00:00:04,-39
BLE,1705562258245977846,D3:F4:55:AB:96:20,-56
BLE,1705562258441560498,D3:F4:55:AB:96:20,-60
BLE,1705562258516959234,DF:DF:EE:00:00:04,-35
BLE,1705562258635314594,D3:F4:55:AB:96:20,-57
BLE,1705562258828596447,D3:F4:55:AB:96:20,-54
BLE,1705562259053887417,DF:DF:EE:00:00:04,-36
BLE,1705562259214814283,D3:F4:55:AB:96:20,-56
BLE,1705562259513141648,DF:DF:EE:00:00:04,-39
BLE,1705562259604008700,D3:F4:55:AB:96:20,-58
BLE,1705562259789874828,D3:F4:55:AB:96:20,-59
BLE,1705562259972262256,DF:A6:DC:DC:2E:81,-64
BLE,1705562259972295255,DF:DF:EE:00:00:01,-64
BLE,1705562259988377938,D3:F4:55:AB:96:20,-58
BLE,1705562260509471060,DF:DF:EE:00:00:04,-35
BLE,1705562260570971623,D3:F4:55:AB:96:20,-57
BLE,1705562260765359918,D3:F4:55:AB:96:20,-56
BLE,1705562261049041205,DF:DF:EE:00:00:04,-34
BLE,1705562261149829488,D3:F4:55:AB:96:20,-56
BLE,1705562261518423580,DF:DF:EE:00:00:04,-37
BLE,1705562261531370558,D3:F4:55:AB:96:20,-55
BLE,1705562261720136643,D3:F4:55:AB:96:20,-58
BLE,1705562261906099394,D3:F4:55:AB:96:20,-59
BLE,1705562262101930460,D3:F4:55:AB:96:20,-42
BLE,1705562262294405616,D3:F4:55:AB:96:20,-56
BLE,1705562262486061201,D3:F4:55:AB:96:20,-58
BLE,1705562262518993347,DF:DF:EE:00:00:04,-36
BLE,1705562262676023019,D3:F4:55:AB:96:20,-55
BLE,1705562263053954517,DF:DF:EE:00:00:04,-36
BLE,1705562263055949821,D3:F4:55:AB:96:20,-65
BLE,1705562263514890182,DF:DF:EE:00:00:04,-36
BLE,1705562263637321024,D3:F4:55:AB:96:20,-59
BLE,1705562263794897813,DF:A6:DC:DC:2E:81,-64
BLE,1705562263794933105,DF:DF:EE:00:00:01,-64
BLE,1705562263832631514,D3:F4:55:AB:96:20,-58
BLE,1705562264019072508,D3:F4:55:AB:96:20,-59
BLE,1705562264056717835,DF:DF:EE:00:00:04,-39
BLE,1705562264215314235,D3:F4:55:AB:96:20,-58
BLE,1705562264402997502,D3:F4:55:AB:96:20,-60
BLE,1705562264517420170,DF:DF:EE:00:00:04,-34
BLE,1705562264597984289,D3:F4:55:AB:96:20,-57
BLE,1705562264982880894,D3:F4:55:AB:96:20,-58
BLE,1705562265051559769,DF:DF:EE:00:00:04,-39
BLE,1705562265171649979,D3:F4:55:AB:96:20,-59
BLE,1705562265515282768,DF:DF:EE:00:00:04,-36
BLE,1705562265554884816,D3:F4:55:AB:96:20,-59
BLE,1705562265556216380,D3:F4:55:AB:96:20,-55
BLE,1705562265748866367,D3:F4:55:AB:96:20,-58
BLE,1705562265940490661,D3:F4:55:AB:96:20,-55
BLE,1705562266058675732,DF:DF:EE:00:00:04,-38
BLE,1705562266133600641,D3:F4:55:AB:96:20,-59
BLE,1705562266331698466,D3:F4:55:AB:96:20,-58
BLE,1705562266337308301,DF:A6:DC:DC:2E:81,-64
BLE,1705562266337334967,DF:DF:EE:00:00:01,-64
BLE,1705562266513332821,DF:DF:EE:00:00:04,-39
BLE,1705562266521685575,D3:F4:55:AB:96:20,-59
BLE,1705562266716097411,D3:F4:55:AB:96:20,-58
BLE,1705562266902433032,D3:F4:55:AB:96:20,-59
BLE,1705562267053682163,DF:DF:EE:00:00:04,-40
BLE,1705562267097031490,D3:F4:55:AB:96:20,-58
BLE,1705562267481873679,D3:F4:55:AB:96:20,-58
BLE,1705562267517332788,DF:DF:EE:00:00:04,-36
BLE,1705562267668994247,D3:F4:55:AB:96:20,-57
BLE,1705562268056915599,DF:DF:EE:00:00:04,-36
BLE,1705562268242981391,D3:F4:55:AB:96:20,-58
BLE,1705562268517113858,DF:DF:EE:00:00:04,-39
BLE,1705562268624740458,D3:F4:55:AB:96:20,-57
BLE,1705562268882488997,DF:A6:DC:DC:2E:81,-64
BLE,1705562268882522122,DF:DF:EE:00:00:01,-64
BLE,1705562269009911351,D3:F4:55:AB:96:20,-58
BLE,1705562269201885556,D3:F4:55:AB:96:20,-56
BLE,1705562269511576214,DF:DF:EE:00:00:04,-34
BLE,1705562269581617611,D3:F4:55:AB:96:20,-59
BLE,1705562269773750439,D3:F4:55:AB:96:20,-57
BLE,1705562269966272969,D3:F4:55:AB:96:20,-56
BLE,1705562270052399549,DF:DF:EE:00:00:04,-19
BLE,1705562270158018136,D3:F4:55:AB:96:20,-42
BLE,1705562270343443645,D3:F4:55:AB:96:20,-59
BLE,1705562270516942411,DF:DF:EE:00:00:04,-38
BLE,1705562270729647314,D3:F4:55:AB:96:20,-57
BLE,1705562270924279523,D3:F4:55:AB:96:20,-58
BLE,1705562271056779677,DF:DF:EE:00:00:04,-40
BLE,1705562271501751199,D3:F4:55:AB:96:20,-56
BLE,1705562271887809079,D3:F4:55:AB:96:20,-58
BLE,1705562272057461942,DF:DF:EE:00:00:04,-35
BLE,1705562272058895755,DF:DF:EE:00:00:04,-33
BLE,1705562272075404556,D3:F4:55:AB:96:20,-59
BLE,1705562272269243984,D3:F4:55:AB:96:20,-58
BLE,1705562272514554079,DF:DF:EE:00:00:04,-35
BLE,1705562272834346215,D3:F4:55:AB:96:20,-57
BLE,1705562273021388159,D3:F4:55:AB:96:20,-57
BLE,1705562273050541276,DF:DF:EE:00:00:04,-35
BLE,1705562273219213987,D3:F4:55:AB:96:20,-58
BLE,1705562273604601419,D3:F4:55:AB:96:20,-60
BLE,1705562273964111226,DF:A6:DC:DC:2E:81,-64
BLE,1705562273964156017,DF:DF:EE:00:00:01,-64
BLE,1705562274050175182,DF:DF:EE:00:00:04,-38
BLE,1705562274182249426,D3:F4:55:AB:96:20,-58
BLE,1705562274369102205,D3:F4:55:AB:96:20,-59
BLE,1705562274516301479,DF:DF:EE:00:00:04,-36
BLE,1705562274564295072,D3:F4:55:AB:96:20,-58
BLE,1705562274753504068,D3:F4:55:AB:96:20,-59
BLE,1705562275054326897,DF:DF:EE:00:00:04,-34
BLE,1705562275136872945,D3:F4:55:AB:96:20,-57
BLE,1705562275333423750,D3:F4:55:AB:96:20,-58
BLE,1705562275528083958,D3:F4:55:AB:96:20,-56
BLE,1705562275724338267,D3:F4:55:AB:96:20,-59
BLE,1705562275919717673,D3:F4:55:AB:96:20,-57
BLE,1705562276051878707,DF:DF:EE:00:00:04,-45
BLE,1705562276309735120,D3:F4:55:AB:96:20,-59
BLE,1705562276503454133,D3:F4:55:AB:96:20,-58
BLE,1705562276519316027,DF:DF:EE:00:00:04,-36
BLE,1705562276690461411,D3:F4:55:AB:96:20,-57
BLE,1705562277058304014,DF:DF:EE:00:00:04,-33
BLE,1705562277085604366,D3:F4:55:AB:96:20,-58
BLE,1705562277272966305,D3:F4:55:AB:96:20,-58
BLE,1705562277464625224,D3:F4:55:AB:96:20,-56
BLE,1705562277661699730,D3:F4:55:AB:96:20,-55
BLE,1705562277851664631,D3:F4:55:AB:96:20,-58
BLE,1705562278041333744,D3:F4:55:AB:96:20,-59
BLE,1705562278055459622,DF:DF:EE:00:00:04,-38
BLE,1705562278234786553,D3:F4:55:AB:96:20,-58
BLE,1705562278518467965,DF:DF:EE:00:00:04,-35
BLE,1705562279002591584,D3:F4:55:AB:96:20,-58
BLE,1705562279053161139,DF:A6:DC:DC:2E:81,-63
BLE,1705562279053188472,DF:DF:EE:00:00:01,-63
BLE,1705562279200429620,D3:F4:55:AB:96:20,-58
BLE,1705562279575785489,D3:F4:55:AB:96:20,-56
BLE,1705562279765211981,D3:F4:55:AB:96:20,-57
BLE,1705562279952997039,D3:F4:55:AB:96:20,-59
BLE,1705562280053874320,DF:DF:EE:00:00:04,-37
BLE,1705562280141802874,D3:F4:55:AB:96:20,-56
BLE,1705562280335879840,D3:F4:55:AB:96:20,-59
BLE,1705562280512169648,DF:DF:EE:00:00:04,-35
BLE,1705562280530250094,D3:F4:55:AB:96:20,-58
BLE,1705562280917808576,D3:F4:55:AB:96:20,-59
BLE,1705562281049477910,DF:DF:EE:00:00:04,-39
BLE,1705562281301812944,D3:F4:55:AB:96:20,-59
BLE,1705562281495329585,D3:F4:55:AB:96:20,-58
BLE,1705562281517168476,DF:DF:EE:00:00:04,-39
BLE,1705562281682461944,D3:F4:55:AB:96:20,-53
BLE,1705562281876493203,D3:F4:55:AB:96:20,-57
BLE,1705562282047624170,DF:DF:EE:00:00:04,-35
BLE,1705562282049047149,DF:DF:EE:00:00:04,-35
BLE,1705562282065686365,D3:F4:55:AB:96:20,-59
BLE,1705562282264627011,D3:F4:55:AB:96:20,-58
BLE,1705562282516621801,DF:DF:EE:00:00:04,-36
BLE,1705562282652079370,D3:F4:55:AB:96:20,-59
BLE,1705562282846880451,D3:F4:55:AB:96:20,-58
BLE,1705562283431957892,D3:F4:55:AB:96:20,-58
BLE,1705562283509303391,DF:DF:EE:00:00:04,-35
BLE,1705562283816321629,D3:F4:55:AB:96:20,-57
BLE,1705562284047739510,DF:DF:EE:00:00:04,-35
BLE,1705562284201781601,D3:F4:55:AB:96:20,-59
BLE,1705562284400760454,D3:F4:55:AB:96:20,-57
BLE,1705562284511029724,DF:DF:EE:00:00:04,-38
BLE,1705562284586897328,D3:F4:55:AB:96:20,-59
BLE,1705562284779711021,D3:F4:55:AB:96:20,-58
BLE,1705562284976211368,D3:F4:55:AB:96:20,-56
BLE,1705562285172252973,D3:F4:55:AB:96:20,-69
BLE,1705562285367833917,D3:F4:55:AB:96:20,-58
BLE,1705562285420961977,DF:A6:DC:DC:2E:81,-64
BLE,1705562285420992810,DF:DF:EE:00:00:01,-64
BLE,1705562285509058903,DF:DF:EE:00:00:04,-20
BLE,1705562285555876638,D3:F4:55:AB:96:20,-43
BLE,1705562285746978856,D3:F4:55:AB:96:20,-58
BLE,1705562285934587375,D3:F4:55:AB:96:20,-59
BLE,1705562286051534589,DF:DF:EE:00:00:04,-34
BLE,1705562286129116918,D3:F4:55:AB:96:20,-58
BLE,1705562286317442384,D3:F4:55:AB:96:20,-59
BLE,1705562286515792247,D3:F4:55:AB:96:20,-57
BLE,1705562286707281834,D3:F4:55:AB:96:20,-56
BLE,1705562287054773525,DF:DF:EE:00:00:04,-38
BLE,1705562287092866095,D3:F4:55:AB:96:20,-56
BLE,1705562287282127298,D3:F4:55:AB:96:20,-58
BLE,1705562287474597080,D3:F4:55:AB:96:20,-54
BLE,1705562287518411692,DF:DF:EE:00:00:04,-35
BLE,1705562287858138246,D3:F4:55:AB:96:20,-56
BLE,1705562288246976960,D3:F4:55:AB:96:20,-58
BLE,1705562288433724283,D3:F4:55:AB:96:20,-57
BLE,1705562288515514884,DF:DF:EE:00:00:04,-38
BLE,1705562288627976164,D3:F4:55:AB:96:20,-57
BLE,1705562288816973037,D3:F4:55:AB:96:20,-59
BLE,1705562289010758424,D3:F4:55:AB:96:20,-58
BLE,1705562289049834439,DF:DF:EE:00:00:04,-35
BLE,1705562289198728188,D3:F4:55:AB:96:20,-58
BLE,1705562289241534315,DF:A6:DC:DC:2E:81,-65
BLE,1705562289241562023,DF:DF:EE:00:00:01,-65
BLE,1705562289394276883,D3:F4:55:AB:96:20,-41
BLE,1705562289583385338,D3:F4:55:AB:96:20,-59
BLE,1705562289780405761,D3:F4:55:AB:96:20,-57
BLE,1705562289969459467,D3:F4:55:AB:96:20,-56
BLE,1705562290049454011,DF:DF:EE:00:00:04,-39
BLE,1705562290159458493,D3:F4:55:AB:96:20,-58
BLE,1705562290348476283,D3:F4:55:AB:96:20,-58
BLE,1705562290515291521,DF:DF:EE:00:00:04,-36
BLE,1705562290540463696,D3:F4:55:AB:96:20,-57
BLE,1705562290728671998,D3:F4:55:AB:96:20,-57
BLE,1705562290925754212,D3:F4:55:AB:96:20,-58
BLE,1705562291050122068,DF:DF:EE:00:00:04,-33
BLE,1705562291112588867,D3:F4:55:AB:96:20,-58
BLE,1705562291309052632,D3:F4:55:AB:96:20,-53
BLE,1705562291504316539,D3:F4:55:AB:96:20,-56
BLE,1705562291694375439,D3:F4:55:AB:96:20,-59
BLE,1705562291887094425,D3:F4:55:AB:96:20,-54
BLE,1705562292049904388,DF:DF:EE:00:00:04,-39
BLE,1705562292079519540,D3:F4:55:AB:96:20,-59
BLE,1705562292475839604,D3:F4:55:AB:96:20,-58
BLE,1705562292513136061,DF:DF:EE:00:00:04,-35
BLE,1705562292663393665,D3:F4:55:AB:96:20,-59
BLE,1705562292858664698,D3:F4:55:AB:96:20,-58
BLE,1705562293048333686,DF:DF:EE:00:00:04,-34
BLE,1705562293244780660,D3:F4:55:AB:96:20,-58
BLE,1705562293509833426,DF:DF:EE:00:00:04,-38
BLE,1705562293631158868,D3:F4:55:AB:96:20,-59
BLE,1705562293821206268,D3:F4:55:AB:96:20,-55
BLE,1705562294012990893,D3:F4:55:AB:96:20,-59
BLE,1705562294205352092,D3:F4:55:AB:96:20,-56
BLE,1705562294329718490,DF:A6:DC:DC:2E:81,-65
BLE,1705562294329748073,DF:DF:EE:00:00:01,-65
BLE,1705562294402203351,D3:F4:55:AB:96:20,-55
BLE,1705562294509344042,DF:DF:EE:00:00:04,-35
BLE,1705562294595165751,D3:F4:55:AB:96:20,-41
BLE,1705562294793203867,D3:F4:55:AB:96:20,-57
BLE,1705562294982990396,D3:F4:55:AB:96:20,-59
BLE,1705562295055971875,DF:DF:EE:00:00:04,-36
BLE,1705562295176082377,D3:F4:55:AB:96:20,-57
BLE,1705562295513530464,DF:DF:EE:00:00:04,-39
BLE,1705562295559661501,D3:F4:55:AB:96:20,-57
BLE,1705562295943448414,D3:F4:55:AB:96:20,-58
BLE,1705562296055712738,DF:DF:EE:00:00:04,-38
BLE,1705562296131777714,D3:F4:55:AB:96:20,-60
BLE,1705562296511694974,DF:DF:EE:00:00:04,-34
BLE,1705562296518387794,D3:F4:55:AB:96:20,-55
BLE,1705562296714316358,D3:F4:55:AB:96:20,-57
BLE,1705562296903467812,D3:F4:55:AB:96:20,-56
BLE,1705562297057634985,DF:DF:EE:00:00:04,-35
BLE,1705562297283036537,D3:F4:55:AB:96:20,-56
BLE,1705562297511053217,DF:DF:EE:00:00:04,-35
BLE,1705562297666799158,D3:F4:55:AB:96:20,-56
BLE,1705562297862396811,D3:F4:55:AB:96:20,-59
BLE,1705562298054837134,DF:DF:EE:00:00:04,-40
BLE,1705562298249875878,D3:F4:55:AB:96:20,-56
BLE,1705562298440185149,D3:F4:55:AB:96:20,-57
BLE,1705562298515939171,DF:DF:EE:00:00:04,-34
BLE,1705562298634373739,D3:F4:55:AB:96:20,-54
BLE,1705562298829318692,D3:F4:55:AB:96:20,-59
BLE,1705562299052803272,DF:DF:EE:00:00:04,-34
BLE,1705562299219699217,D3:F4:55:AB:96:20,-56
BLE,1705562299409197125,D3:F4:55:AB:96:20,-57
BLE,1705562299510801229,DF:DF:EE:00:00:04,-35
BLE,1705562299989460469,D3:F4:55:AB:96:20,-58
BLE,1705562300050601246,DF:DF:EE:00:00:04,-35
BLE,1705562300181411217,D3:F4:55:AB:96:20,-60
BLE,1705562300372059149,D3:F4:55:AB:96:20,-57
BLE,1705562300697072126,DF:A6:DC:DC:2E:81,-64
BLE,1705562300697113917,DF:DF:EE:00:00:01,-64
BLE,1705562300748083592,D3:F4:55:AB:96:20,-54
BLE,1705562301052844072,DF:DF:EE:00:00:04,-39
BLE,1705562301130172488,D3:F4:55:AB:96:20,-56
BLE,1705562301324939652,D3:F4:55:AB:96:20,-60
BLE,1705562301514607974,D3:F4:55:AB:96:20,-56
BLE,1705562301516890816,DF:DF:EE:00:00:04,-36
BLE,1705562301900291443,D3:F4:55:AB:96:20,-56
BLE,1705562302092129733,D3:F4:55:AB:96:20,-58
BLE,1705562302290598844,D3:F4:55:AB:96:20,-58
BLE,1705562302483384704,D3:F4:55:AB:96:20,-56
BLE,1705562302514255296,DF:DF:EE:00:00:04,-39
BLE,1705562302677244465,D3:F4:55:AB:96:20,-59
BLE,1705562303053849941,DF:DF:EE:00:00:04,-38
BLE,1705562303062523314,D3:F4:55:AB:96:20,-59
BLE,1705562303253086457,D3:F4:55:AB:96:20,-58
BLE,1705562303508300658,DF:DF:EE:00:00:04,-34
BLE,1705562303636981493,D3:F4:55:AB:96:20,-57
BLE,1705562304021015986,D3:F4:55:AB:96:20,-58
BLE,1705562304051265378,DF:DF:EE:00:00:04,-35
BLE,1705562304208210969,D3:F4:55:AB:96:20,-60
BLE,1705562304400300881,D3:F4:55:AB:96:20,-57
BLE,1705562304513164279,DF:DF:EE:00:00:04,-38
BLE,1705562304591651511,D3:F4:55:AB:96:20,-59
BLE,1705562304787485744,D3:F4:55:AB:96:20,-58
BLE,1705562304978539837,D3:F4:55:AB:96:20,-56
BLE,1705562306132167376,D3:F4:55:AB:96:20,-58
BLE,1705562306323775628,D3:F4:55:AB:96:20,-58
BLE,1705562306516871817,D3:F4:55:AB:96:20,-57
BLE,1705562306518349087,DF:DF:EE:00:00:04,-40
BLE,1705562306712598384,D3:F4:55:AB:96:20,-56
BLE,1705562307058237602,DF:DF:EE:00:00:04,-40
BLE,1705562307092600977,D3:F4:55:AB:96:20,-40
BLE,1705562307285055675,D3:F4:55:AB:96:20,-58
BLE,1705562307475070701,D3:F4:55:AB:96:20,-56
BLE,1705562307513716430,DF:DF:EE:00:00:04,-35
BLE,1705562307859732726,D3:F4:55:AB:96:20,-56
BLE,1705562308052959704,DF:DF:EE:00:00:04,-35
BLE,1705562308243740302,D3:F4:55:AB:96:20,-56
BLE,1705562308510066133,DF:DF:EE:00:00:04,-36
BLE,1705562308625836573,D3:F4:55:AB:96:20,-56
BLE,1705562309051631624,DF:DF:EE:00:00:04,-36
BLE,1705562309203398914,D3:F4:55:AB:96:20,-49
BLE,1705562309397349508,D3:F4:55:AB:96:20,-57
BLE,1705562309604624282,DF:A6:DC:DC:2E:81,-65
BLE,1705562309604679656,DF:DF:EE:00:00:01,-65
BLE,1705562309784747326,D3:F4:55:AB:96:20,-59
BLE,1705562309976525992,D3:F4:55:AB:96:20,-54
BLE,1705562310048852356,DF:DF:EE:00:00:04,-39
BLE,1705562310167545462,D3:F4:55:AB:96:20,-60
BLE,1705562310367505717,D3:F4:55:AB:96:20,-57
BLE,1705562310514446328,DF:DF:EE:00:00:04,-36
BLE,1705562310752316490,D3:F4:55:AB:96:20,-59
BLE,1705562310943433208,D3:F4:55:AB:96:20,-56
BLE,1705562311049531871,DF:DF:EE:00:00:04,-35
BLE,1705562311135845573,D3:F4:55:AB:96:20,-59
BLE,1705562311331097147,D3:F4:55:AB:96:20,-57
BLE,1705562312149917185,DF:A6:DC:DC:2E:81,-64
BLE,1705562312149959476,DF:DF:EE:00:00:01,-64
BLE,1705562312885149065,D3:F4:55:AB:96:20,-58
BLE,1705562313072847166,D3:F4:55:AB:96:20,-58
BLE,1705562313514980312,DF:DF:EE:00:00:04,-39
BLE,1705562314052125451,DF:DF:EE:00:00:04,-39
BLE,1705562314615992659,D3:F4:55:AB:96:20,-58
BLE,1705562314811310565,D3:F4:55:AB:96:20,-56
BLE,1705562315001523088,D3:F4:55:AB:96:20,-58
BLE,1705562315050944326,DF:DF:EE:00:00:04,-36
BLE,1705562315197133531,D3:F4:55:AB:96:20,-55
BLE,1705562315392220316,D3:F4:55:AB:96:20,-59
BLE,1705562315509059157,DF:DF:EE:00:00:04,-36
BLE,1705562315582986956,D3:F4:55:AB:96:20,-58
BLE,1705562315778766314,D3:F4:55:AB:96:20,-56
BLE,1705562315968003517,D3:F4:55:AB:96:20,-58
BLE,1705562316052434913,DF:DF:EE:00:00:04,-36
BLE,1705562316356741566,D3:F4:55:AB:96:20,-59
BLE,1705562316547397791,D3:F4:55:AB:96:20,-56
BLE,1705562316740163734,D3:F4:55:AB:96:20,-59
BLE,1705562317052220108,DF:DF:EE:00:00:04,-35
BLE,1705562317131305623,D3:F4:55:AB:96:20,-54
BLE,1705562317322267010,D3:F4:55:AB:96:20,-59
BLE,1705562317506707242,DF:DF:EE:00:00:04,-34
BLE,1705562317518740525,D3:F4:55:AB:96:20,-58
BLE,1705562317712727826,D3:F4:55:AB:96:20,-56
BLE,1705562318052282091,DF:DF:EE:00:00:04,-35
BLE,1705562318092135052,D3:F4:55:AB:96:20,-59
BLE,1705562318283976968,D3:F4:55:AB:96:20,-58
BLE,1705562318474670066,D3:F4:55:AB:96:20,-57
BLE,1705562318664835840,D3:F4:55:AB:96:20,-58
BLE,1705562318859756669,D3:F4:55:AB:96:20,-56
BLE,1705562319048497296,DF:DF:EE:00:00:04,-40
BLE,1705562319234713835,D3:F4:55:AB:96:20,-59
BLE,1705562319427205199,D3:F4:55:AB:96:20,-56
BLE,1705562319618842284,D3:F4:55:AB:96:20,-59
BLE,1705562319815877124,D3:F4:55:AB:96:20,-58
BLE,1705562320009095478,D3:F4:55:AB:96:20,-55
BLE,1705562320056100627,DF:DF:EE:00:00:04,-35
BLE,1705562320205271289,D3:F4:55:AB:96:20,-59
BLE,1705562320398414477,D3:F4:55:AB:96:20,-58
BLE,1705562320507898716,DF:DF:EE:00:00:04,-36
BLE,1705562320784213735,D3:F4:55:AB:96:20,-57
BLE,1705562320976351313,D3:F4:55:AB:96:20,-56
BLE,1705562321054068015,DF:DF:EE:00:00:04,-39
BLE,1705562321362968768,D3:F4:55:AB:96:20,-56
BLE,1705562321511574230,DF:DF:EE:00:00:04,-34
BLE,1705562321751033327,D3:F4:55:AB:96:20,-58
BLE,1705562321947106597,D3:F4:55:AB:96:20,-50
BLE,1705562322048709118,DF:DF:EE:00:00:04,-34
BLE,1705562322336325014,D3:F4:55:AB:96:20,-58
BLE,1705562322514145676,DF:DF:EE:00:00:04,-38
BLE,1705562322911691805,D3:F4:55:AB:96:20,-55
BLE,1705562323052957207,DF:DF:EE:00:00:04,-27
BLE,1705562323301071011,D3:F4:55:AB:96:20,-58
BLE,1705562323490286090,D3:F4:55:AB:96:20,-59
BLE,1705562323687259639,D3:F4:55:AB:96:20,-57
BLE,1705562323876158472,D3:F4:55:AB:96:20,-68
BLE,1705562323877397621,D3:F4:55:AB:96:20,-55
BLE,1705562324054232505,DF:DF:EE:00:00:04,-35
BLE,1705562324257234591,D3:F4:55:AB:96:20,-59
BLE,1705562324511493348,DF:DF:EE:00:00:04,-34
BLE,1705562324648719559,D3:F4:55:AB:96:20,-56
BLE,1705562325051687234,DF:DF:EE:00:00:04,-36
BLE,1705562325228662157,D3:F4:55:AB:96:20,-55
BLE,1705562325619485843,D3:F4:55:AB:96:20,-58
BLE,1705562325815235993,D3:F4:55:AB:96:20,-55
BLE,1705562326007445986,D3:F4:55:AB:96:20,-59
BLE,1705562326200787463,D3:F4:55:AB:96:20,-56
BLE,1705562326394128149,D3:F4:55:AB:96:20,-60
BLE,1705562326512015307,DF:DF:EE:00:00:04,-35
BLE,1705562326777708439,D3:F4:55:AB:96:20,-57
BLE,1705562326971536451,D3:F4:55:AB:96:20,-56
BLE,1705562327046673440,DF:DF:EE:00:00:04,-35
BLE,1705562327167018188,D3:F4:55:AB:96:20,-56
BLE,1705562327510310482,DF:DF:EE:00:00:04,-38
BLE,1705562327553590894,D3:F4:55:AB:96:20,-58
BLE,1705562327744657279,D3:F4:55:AB:96:20,-59
BLE,1705562327938303751,D3:F4:55:AB:96:20,-58
BLE,1705562328054801222,DF:DF:EE:00:00:04,-33
BLE,1705562328127511289,D3:F4:55:AB:96:20,-57
BLE,1705562328687808548,DF:A6:DC:DC:2E:81,-65
BLE,1705562328687850506,DF:DF:EE:00:00:01,-65
BLE,1705562328709660022,D3:F4:55:AB:96:20,-59
BLE,1705562328905752625,D3:F4:55:AB:96:20,-57
BLE,1705562329048123511,DF:DF:EE:00:00:04,-35
BLE,1705562329098603818,D3:F4:55:AB:96:20,-56
BLE,1705562329294174262,D3:F4:55:AB:96:20,-59
BLE,1705562329491146645,D3:F4:55:AB:96:20,-57
BLE,1705562329512148714,DF:DF:EE:00:00:04,-37
BLE,1705562329880247522,D3:F4:55:AB:96:20,-59
BLE,1705562330054518485,DF:DF:EE:00:00:04,-39
BLE,1705562330075805925,D3:F4:55:AB:96:20,-58
BLE,1705562330264844256,D3:F4:55:AB:96:20,-60
BLE,1705562330511444250,DF:DF:EE:00:00:04,-34
BLE,1705562330650908302,D3:F4:55:AB:96:20,-54
BLE,1705562330840648207,D3:F4:55:AB:96:20,-73
BLE,1705562331049977701,DF:DF:EE:00:00:04,-29
BLE,1705562331221214500,D3:F4:55:AB:96:20,-58
BLE,1705562331232981287,DF:A6:DC:DC:2E:81,-64
BLE,1705562331233006912,DF:DF:EE:00:00:01,-64
BLE,1705562331509835256,DF:DF:EE:00:00:04,-35
BLE,1705562332049164446,DF:DF:EE:00:00:04,-36
BLE,1705562332175426733,D3:F4:55:AB:96:20,-59
BLE,1705562332365382885,D3:F4:55:AB:96:20,-56
BLE,1705562332512710323,DF:DF:EE:00:00:04,-35
BLE,1705562332560722624,D3:F4:55:AB:96:20,-57
BLE,1705562332755658619,D3:F4:55:AB:96:20,-57
BLE,1705562332941781618,D3:F4:55:AB:96:20,-57
BLE,1705562333050446828,DF:DF:EE:00:00:04,-36
BLE,1705562333135393175,D3:F4:55:AB:96:20,-59
BLE,1705562333323674559,D3:F4:55:AB:96:20,-69
BLE,1705562333513768208,DF:DF:EE:00:00:04,-37
BLE,1705562333517595860,D3:F4:55:AB:96:20,-58
BLE,1705562333706304905,D3:F4:55:AB:96:20,-57
BLE,1705562333902547506,D3:F4:55:AB:96:20,-57
BLE,1705562334484370619,D3:F4:55:AB:96:20,-58
BLE,1705562335048499448,DF:DF:EE:00:00:04,-40
BLE,1705562335055769676,DF:A6:DC:DC:2E:81,-74
BLE,1705562335055797592,DF:DF:EE:00:00:01,-74
BLE,1705562335058748216,D3:F4:55:AB:96:20,-44
BLE,1705562335512815022,DF:DF:EE:00:00:04,-36
BLE,1705562335632036495,D3:F4:55:AB:96:20,-67
BLE,1705562336017565590,D3:F4:55:AB:96:20,-64
BLE,1705562336046466503,DF:DF:EE:00:00:04,-36
BLE,1705562336508942478,DF:DF:EE:00:00:04,-39
BLE,1705562336599369412,D3:F4:55:AB:96:20,-67
BLE,1705562336978203563,D3:F4:55:AB:96:20,-56
BLE,1705562337170278101,D3:F4:55:AB:96:20,-59
BLE,1705562337359375806,D3:F4:55:AB:96:20,-56
BLE,1705562337551345011,D3:F4:55:AB:96:20,-43
BLE,1705562337598843403,DF:A6:DC:DC:2E:81,-59
BLE,1705562337598872736,DF:DF:EE:00:00:01,-59
BLE,1705562337743160552,D3:F4:55:AB:96:20,-56
BLE,1705562337935163840,D3:F4:55:AB:96:20,-43
BLE,1705562338049538467,DF:DF:EE:00:00:04,-35
BLE,1705562338507654422,DF:DF:EE:00:00:04,-35
BLE,1705562339053819971,DF:DF:EE:00:00:04,-39
BLE,1705562339089472369,D3:F4:55:AB:96:20,-54
BLE,1705562339285239477,D3:F4:55:AB:96:20,-60
BLE,1705562339475220711,D3:F4:55:AB:96:20,-45
BLE,1705562339508398228,DF:DF:EE:00:00:04,-34
BLE,1705562339669599007,D3:F4:55:AB:96:20,-57
BLE,1705562339862712695,D3:F4:55:AB:96:20,-57
BLE,1705562340048248328,DF:DF:EE:00:00:04,-20
BLE,1705562340059230793,D3:F4:55:AB:96:20,-56
BLE,1705562340514810452,DF:DF:EE:00:00:04,-45
BLE,1705562340634341545,D3:F4:55:AB:96:20,-57
BLE,1705562341056817270,DF:DF:EE:00:00:04,-39
BLE,1705562341205708144,D3:F4:55:AB:96:20,-56
BLE,1705562341399807151,D3:F4:55:AB:96:20,-59
BLE,1705562341424468709,DF:A6:DC:DC:2E:81,-64
BLE,1705562341424496500,DF:DF:EE:00:00:01,-64
BLE,1705562341593169461,D3:F4:55:AB:96:20,-57
BLE,1705562341981043981,D3:F4:55:AB:96:20,-58
BLE,1705562342050129475,DF:DF:EE:00:00:04,-34
BLE,1705562342177962031,D3:F4:55:AB:96:20,-58
BLE,1705562342365843463,D3:F4:55:AB:96:20,-59
BLE,1705562342508936254,DF:DF:EE:00:00:04,-35
BLE,1705562342560913914,D3:F4:55:AB:96:20,-58
BLE,1705562342755577414,D3:F4:55:AB:96:20,-56
BLE,1705562343055732877,DF:DF:EE:00:00:04,-40
BLE,1705562343330824581,D3:F4:55:AB:96:20,-58
BLE,1705562343509374398,DF:DF:EE:00:00:04,-39
BLE,1705562343518368851,D3:F4:55:AB:96:20,-59
BLE,1705562343709351029,D3:F4:55:AB:96:20,-57
BLE,1705562343905253177,D3:F4:55:AB:96:20,-56
BLE,1705562343966758823,DF:A6:DC:DC:2E:81,-49
BLE,1705562343966788864,DF:DF:EE:00:00:01,-49
BLE,1705562344050711559,DF:DF:EE:00:00:04,-40
BLE,1705562344095788944,D3:F4:55:AB:96:20,-58
BLE,1705562344292696244,D3:F4:55:AB:96:20,-57
BLE,1705562344481792658,D3:F4:55:AB:96:20,-59
BLE,1705562344510790403,DF:DF:EE:00:00:04,-36
BLE,1705562344678564002,D3:F4:55:AB:96:20,-58
BLE,1705562344871502568,D3:F4:55:AB:96:20,-56
BLE,1705562345044855503,DF:DF:EE:00:00:04,-35
BLE,1705562345062884448,D3:F4:55:AB:96:20,-58
BLE,1705562345249215153,D3:F4:55:AB:96:20,-59
BLE,1705562345515286112,DF:DF:EE:00:00:04,-35
BLE,1705562345639411430,D3:F4:55:AB:96:20,-56
BLE,1705562345831098098,D3:F4:55:AB:96:20,-58
BLE,1705562346021541576,D3:F4:55:AB:96:20,-50
BLE,1705562346052038923,DF:DF:EE:00:00:04,-38
BLE,1705562346211007651,D3:F4:55:AB:96:20,-58
BLE,1705562346398329340,D3:F4:55:AB:96:20,-57
BLE,1705562346507088924,DF:DF:EE:00:00:04,-35
BLE,1705562346590395044,D3:F4:55:AB:96:20,-57
BLE,1705562346779680830,D3:F4:55:AB:96:20,-57
BLE,1705562347046525737,DF:DF:EE:00:00:04,-35
BLE,1705562347357124299,D3:F4:55:AB:96:20,-56
BLE,1705562347512468329,DF:DF:EE:00:00:04,-39
BLE,1705562347747454866,D3:F4:55:AB:96:20,-59
BLE,1705562347939002369,D3:F4:55:AB:96:20,-69
BLE,1705562348054481021,DF:DF:EE:00:00:04,-39
BLE,1705562348127059840,D3:F4:55:AB:96:20,-60
BLE,1705562348320791644,D3:F4:55:AB:96:20,-57
BLE,1705562348508518161,DF:DF:EE:00:00:04,-35
BLE,1705562348700705697,D3:F4:55:AB:96:20,-56
BLE,1705562348890703056,D3:F4:55:AB:96:20,-59
BLE,1705562349087170321,D3:F4:55:AB:96:20,-58
BLE,1705562349277485800,D3:F4:55:AB:96:20,-44
BLE,1705562349473713485,D3:F4:55:AB:96:20,-58
BLE,1705562349507853904,DF:DF:EE:00:00:04,-36
BLE,1705562349666703967,D3:F4:55:AB:96:20,-56
BLE,1705562350048242704,DF:DF:EE:00:00:04,-34
BLE,1705562350429237116,D3:F4:55:AB:96:20,-51
BLE,1705562350811624966,D3:F4:55:AB:96:20,-54
BLE,1705562351001141832,D3:F4:55:AB:96:20,-58
BLE,1705562351511601192,DF:DF:EE:00:00:04,-35
BLE,1705562351584674795,D3:F4:55:AB:96:20,-56
BLE,1705562351775818095,D3:F4:55:AB:96:20,-59
BLE,1705562352044703514,DF:DF:EE:00:00:04,-34
BLE,1705562352513757519,DF:DF:EE:00:00:04,-35
BLE,1705562352537948875,D3:F4:55:AB:96:20,-59
BLE,1705562352735921243,D3:F4:55:AB:96:20,-58
BLE,1705562352933275286,D3:F4:55:AB:96:20,-57
BLE,1705562353315734427,D3:F4:55:AB:96:20,-57
BLE,1705562353505538914,DF:DF:EE:00:00:04,-34
BLE,1705562353508409580,D3:F4:55:AB:96:20,-57
BLE,1705562353698537937,D3:F4:55:AB:96:20,-58
BLE,1705562353888318633,D3:F4:55:AB:96:20,-59
BLE,1705562354046690952,DF:DF:EE:00:00:04,-34
BLE,1705562354080592834,D3:F4:55:AB:96:20,-52
BLE,1705562354268806552,D3:F4:55:AB:96:20,-59
BLE,1705562355051048747,DF:DF:EE:00:00:04,-39
BLE,1705562355237210079,D3:F4:55:AB:96:20,-59
BLE,1705562355427218354,D3:F4:55:AB:96:20,-54
BLE,1705562355508382964,DF:DF:EE:00:00:04,-34
BLE,1705562355622444804,D3:F4:55:AB:96:20,-57
BLE,1705562355814927418,D3:F4:55:AB:96:20,-58
BLE,1705562356004617657,D3:F4:55:AB:96:20,-60
BLE,1705562356049530461,DF:DF:EE:00:00:04,-35
BLE,1705562356394117278,D3:F4:55:AB:96:20,-56
BLE,1705562356513579455,DF:DF:EE:00:00:04,-39
BLE,1705562356678618719,DF:A6:DC:DC:2E:81,-65
BLE,1705562356678656052,DF:DF:EE:00:00:01,-65
BLE,1705562357052091824,DF:DF:EE:00:00:04,-39
BLE,1705562357160525745,D3:F4:55:AB:96:20,-54
BLE,1705562357513028739,DF:DF:EE:00:00:04,-34
BLE,1705562357539680809,D3:F4:55:AB:96:20,-56
BLE,1705562358049336806,DF:DF:EE:00:00:04,-34
BLE,1705562358113120877,D3:F4:55:AB:96:20,-58
BLE,1705562358303519064,D3:F4:55:AB:96:20,-56
BLE,1705562358492702935,D3:F4:55:AB:96:20,-56
BLE,1705562358514671490,DF:DF:EE:00:00:04,-39
BLE,1705562358678298483,D3:F4:55:AB:96:20,-59
BLE,1705562358876277642,D3:F4:55:AB:96:20,-58
BLE,1705562359055806362,DF:DF:EE:00:00:04,-39
BLE,1705562359066764161,D3:F4:55:AB:96:20,-59
BLE,1705562359068097600,D3:F4:55:AB:96:20,-56
BLE,1705562359261270829,D3:F4:55:AB:96:20,-58
BLE,1705562359459002075,D3:F4:55:AB:96:20,-58
BLE,1705562359511073067,DF:DF:EE:00:00:04,-35
BLE,1705562359650118793,D3:F4:55:AB:96:20,-59
BLE,1705562360044968336,D3:F4:55:AB:96:20,-58
BLE,1705562360047331802,DF:DF:EE:00:00:04,-39
BLE,1705562360232355733,D3:F4:55:AB:96:20,-53
BLE,1705562360422998500,D3:F4:55:AB:96:20,-55
BLE,1705562360500676952,DF:A6:DC:DC:2E:81,-64
BLE,1705562360500710577,DF:DF:EE:00:00:01,-64
BLE,1705562360506015041,DF:DF:EE:00:00:04,-34
BLE,1705562360616137355,D3:F4:55:AB:96:20,-59
BLE,1705562361010672028,D3:F4:55:AB:96:20,-58
BLE,1705562361049562253,DF:DF:EE:00:00:04,-36
BLE,1705562361198567584,D3:F4:55:AB:96:20,-59
BLE,1705562361394965308,D3:F4:55:AB:96:20,-57
BLE,1705562361514429819,DF:DF:EE:00:00:04,-35
BLE,1705562361580793019,D3:F4:55:AB:96:20,-59
BLE,1705562361963697737,D3:F4:55:AB:96:20,-59
BLE,1705562362158734314,D3:F4:55:AB:96:20,-58
BLE,1705562362354354758,D3:F4:55:AB:96:20,-55
BLE,1705562362509390126,DF:DF:EE:00:00:04,-35
BLE,1705562362510892812,DF:DF:EE:00:00:04,-35
BLE,1705562362546142257,D3:F4:55:AB:96:20,-56
BLE,1705562362731918261,D3:F4:55:AB:96:20,-59
BLE,1705562362924848994,D3:F4:55:AB:96:20,-58
BLE,1705562363046518848,DF:DF:EE:00:00:04,-35
BLE,1705562363112599427,D3:F4:55:AB:96:20,-60
BLE,1705562363302457038,D3:F4:55:AB:96:20,-56
BLE,1705562363491547660,D3:F4:55:AB:96:20,-56
BLE,1705562363514134748,DF:DF:EE:00:00:04,-39
BLE,1705562363678159485,D3:F4:55:AB:96:20,-59
BLE,1705562363872853026,D3:F4:55:AB:96:20,-58
BLE,1705562364050100112,DF:DF:EE:00:00:04,-38
BLE,1705562364067478401,D3:F4:55:AB:96:20,-56
BLE,1705562364260732046,D3:F4:55:AB:96:20,-59
BLE,1705562364458687414,D3:F4:55:AB:96:20,-58
BLE,1705562364510620241,DF:DF:EE:00:00:04,-35
BLE,1705562364645711316,D3:F4:55:AB:96:20,-59
BLE,1705562364837811728,D3:F4:55:AB:96:20,-58
BLE,1705562365027959126,D3:F4:55:AB:96:20,-59
BLE,1705562365046981391,DF:DF:EE:00:00:04,-35
BLE,1705562365220273243,D3:F4:55:AB:96:20,-57
BLE,1705562365408412879,D3:F4:55:AB:96:20,-57
BLE,1705562365515696401,DF:DF:EE:00:00:04,-39
BLE,1705562365796043111,D3:F4:55:AB:96:20,-56
BLE,1705562365986115969,D3:F4:55:AB:96:20,-58
BLE,1705562366044983987,DF:DF:EE:00:00:04,-35
BLE,1705562366172437882,D3:F4:55:AB:96:20,-60
BLE,1705562366366025355,D3:F4:55:AB:96:20,-58
BLE,1705562366506930887,DF:DF:EE:00:00:04,-39
BLE,1705562366558703342,D3:F4:55:AB:96:20,-57
BLE,1705562366947314309,D3:F4:55:AB:96:20,-56
BLE,1705562367048529961,DF:DF:EE:00:00:04,-36
BLE,1705562367138210447,D3:F4:55:AB:96:20,-60
BLE,1705562367336270480,D3:F4:55:AB:96:20,-57
BLE,1705562367508969507,DF:DF:EE:00:00:04,-36
BLE,1705562367525749430,D3:F4:55:AB:96:20,-59
BLE,1705562367716688775,D3:F4:55:AB:96:20,-58
BLE,1705562368048755232,DF:DF:EE:00:00:04,-36
BLE,1705562368091633650,D3:F4:55:AB:96:20,-56
BLE,1705562368131438695,DF:A6:DC:DC:2E:81,-65
BLE,1705562368131467237,DF:DF:EE:00:00:01,-65
BLE,1705562368283199611,D3:F4:55:AB:96:20,-59
BLE,1705562369049133585,DF:DF:EE:00:00:04,-39
BLE,1705562369236376318,D3:F4:55:AB:96:20,-59
BLE,1705562369431070108,D3:F4:55:AB:96:20,-57
BLE,1705562369508653687,DF:DF:EE:00:00:04,-33
BLE,1705562369823308398,D3:F4:55:AB:96:20,-56
BLE,1705562370019443709,D3:F4:55:AB:96:20,-59
BLE,1705562370053722044,DF:DF:EE:00:00:04,-34
BLE,1705562370211042128,D3:F4:55:AB:96:20,-56
BLE,1705562370406586323,D3:F4:55:AB:96:20,-59
BLE,1705562370407961303,D3:F4:55:AB:96:20,-55
BLE,1705562370511229383,DF:DF:EE:00:00:04,-38
BLE,1705562370795725617,D3:F4:55:AB:96:20,-56
BLE,1705562371047440035,DF:DF:EE:00:00:04,-38
BLE,1705562371181075507,D3:F4:55:AB:96:20,-58
BLE,1705562371368320822,D3:F4:55:AB:96:20,-59
BLE,1705562371504664962,DF:DF:EE:00:00:04,-34
BLE,1705562371746279028,D3:F4:55:AB:96:20,-58
BLE,1705562371935733562,D3:F4:55:AB:96:20,-59
BLE,1705562371953756383,DF:A6:DC:DC:2E:81,-64
BLE,1705562371953781507,DF:DF:EE:00:00:01,-64
BLE,1705562372045889791,DF:DF:EE:00:00:04,-36
BLE,1705562372323881869,D3:F4:55:AB:96:20,-46
BLE,1705562372508048688,DF:DF:EE:00:00:04,-36
BLE,1705562372518342705,D3:F4:55:AB:96:20,-74
BLE,1705562372712423963,D3:F4:55:AB:96:20,-58
BLE,1705562372906026978,D3:F4:55:AB:96:20,-56
BLE,1705562373049140144,DF:DF:EE:00:00:04,-39
BLE,1705562373286939849,D3:F4:55:AB:96:20,-58
BLE,1705562373478898721,D3:F4:55:AB:96:20,-58
BLE,1705562373514584243,DF:DF:EE:00:00:04,-35
BLE,1705562373665186801,D3:F4:55:AB:96:20,-59
BLE,1705562373858811690,D3:F4:55:AB:96:20,-58
BLE,1705562374047705065,DF:DF:EE:00:00:04,-34
BLE,1705562374054805878,D3:F4:55:AB:96:20,-56
BLE,1705562374440928216,D3:F4:55:AB:96:20,-55
BLE,1705562374512098596,DF:DF:EE:00:00:04,-38
BLE,1705562374635775629,D3:F4:55:AB:96:20,-57
BLE,1705562374831772734,D3:F4:55:AB:96:20,-58
BLE,1705562375018868052,D3:F4:55:AB:96:20,-59
BLE,1705562375508489382,DF:DF:EE:00:00:04,-36
BLE,1705562375595149037,D3:F4:55:AB:96:20,-58
BLE,1705562375779288440,DF:A6:DC:DC:2E:81,-63
BLE,1705562375779328606,DF:DF:EE:00:00:01,-63
BLE,1705562375782503976,D3:F4:55:AB:96:20,-59
BLE,1705562375975478334,D3:F4:55:AB:96:20,-58
BLE,1705562376051211981,DF:DF:EE:00:00:04,-35
BLE,1705562376164680954,D3:F4:55:AB:96:20,-59
BLE,1705562376358794462,D3:F4:55:AB:96:20,-57
BLE,1705562376515944507,DF:DF:EE:00:00:04,-39
BLE,1705562376545903571,D3:F4:55:AB:96:20,-59
BLE,1705562376735778223,D3:F4:55:AB:96:20,-56
BLE,1705562376928458293,D3:F4:55:AB:96:20,-59
BLE,1705562377050977718,DF:DF:EE:00:00:04,-36
BLE,1705562377125091306,D3:F4:55:AB:96:20,-58
BLE,1705562377312771948,D3:F4:55:AB:96:20,-60
BLE,1705562377509628749,D3:F4:55:AB:96:20,-57
BLE,1705562377699552734,D3:F4:55:AB:96:20,-54
BLE,1705562378048140826,DF:DF:EE:00:00:04,-39
BLE,1705562378083372313,D3:F4:55:AB:96:20,-56
BLE,1705562378277076535,D3:F4:55:AB:96:20,-60
BLE,1705562378324774674,DF:A6:DC:DC:2E:81,-64
BLE,1705562378324799757,DF:DF:EE:00:00:01,-64
BLE,1705562378466180865,D3:F4:55:AB:96:20,-56
BLE,1705562378506772066,DF:DF:EE:00:00:04,-35
BLE,1705562378656195724,D3:F4:55:AB:96:20,-58
BLE,1705562378847065154,D3:F4:55:AB:96:20,-55
BLE,1705562379038362994,D3:F4:55:AB:96:20,-58
BLE,1705562379052718326,DF:DF:EE:00:00:04,-35
BLE,1705562379223384925,D3:F4:55:AB:96:20,-59
BLE,1705562379419192366,D3:F4:55:AB:96:20,-58
BLE,1705562379511519814,DF:DF:EE:00:00:04,-39
BLE,1705562379606406224,D3:F4:55:AB:96:20,-48
BLE,1705562379800901892,D3:F4:55:AB:96:20,-58
BLE,1705562379991049458,D3:F4:55:AB:96:20,-59
BLE,1705562380385178636,D3:F4:55:AB:96:20,-57
BLE,1705562380574647170,D3:F4:55:AB:96:20,-59
BLE,1705562380868875095,DF:A6:DC:DC:2E:81,-64
BLE,1705562380868909511,DF:DF:EE:00:00:01,-64
BLE,1705562380969377715,D3:F4:55:AB:96:20,-58
BLE,1705562381052236342,DF:DF:EE:00:00:04,-36
BLE,1705562381161627666,D3:F4:55:AB:96:20,-60
BLE,1705562381546482563,D3:F4:55:AB:96:20,-55
BLE,1705562381741048314,D3:F4:55:AB:96:20,-59
BLE,1705562381930236893,D3:F4:55:AB:96:20,-56
BLE,1705562382045307343,DF:DF:EE:00:00:04,-36
BLE,1705562382121404777,D3:F4:55:AB:96:20,-58
BLE,1705562382501984778,D3:F4:55:AB:96:20,-41
BLE,1705562382690970777,D3:F4:55:AB:96:20,-59
BLE,1705562382885338697,D3:F4:55:AB:96:20,-58
BLE,1705562383053466249,DF:DF:EE:00:00:04,-35
BLE,1705562383509760565,DF:DF:EE:00:00:04,-34
BLE,1705562384047798315,DF:DF:EE:00:00:04,-36
BLE,1705562384221578285,D3:F4:55:AB:96:20,-60
BLE,1705562384415292882,D3:F4:55:AB:96:20,-58
BLE,1705562384508466192,DF:DF:EE:00:00:04,-33
BLE,1705562384691140033,DF:A6:DC:DC:2E:81,-64
BLE,1705562384691170782,DF:DF:EE:00:00:01,-64
BLE,1705562384996027303,D3:F4:55:AB:96:20,-58
BLE,1705562385051380705,DF:DF:EE:00:00:04,-35
BLE,1705562385191056463,D3:F4:55:AB:96:20,-56
BLE,1705562385381591814,D3:F4:55:AB:96:20,-56
BLE,1705562385571018473,D3:F4:55:AB:96:20,-59
BLE,1705562385765173980,D3:F4:55:AB:96:20,-58
BLE,1705562386043512386,DF:DF:EE:00:00:04,-34
BLE,1705562386152940585,D3:F4:55:AB:96:20,-59
BLE,1705562386534224951,D3:F4:55:AB:96:20,-59
BLE,1705562386734859863,D3:F4:55:AB:96:20,-58
BLE,1705562386920933363,D3:F4:55:AB:96:20,-59
BLE,1705562387112956400,D3:F4:55:AB:96:20,-58
BLE,1705562387308746967,D3:F4:55:AB:96:20,-55
BLE,1705562387505328688,DF:DF:EE:00:00:04,-35
BLE,1705562387688892391,D3:F4:55:AB:96:20,-45
BLE,1705562387878868584,D3:F4:55:AB:96:20,-56
BLE,1705562388043818724,DF:DF:EE:00:00:04,-35
BLE,1705562388261604387,D3:F4:55:AB:96:20,-58
BLE,1705562388447330683,D3:F4:55:AB:96:20,-60
BLE,1705562388636754925,D3:F4:55:AB:96:20,-56
BLE,1705562388831796877,D3:F4:55:AB:96:20,-59
BLE,1705562389027751650,D3:F4:55:AB:96:20,-42
BLE,1705562389214271726,D3:F4:55:AB:96:20,-59
BLE,1705562389411429606,D3:F4:55:AB:96:20,-58
BLE,1705562389514347899,DF:DF:EE:00:00:04,-35
BLE,1705562389799808785,D3:F4:55:AB:96:20,-59
BLE,1705562389996129760,D3:F4:55:AB:96:20,-58
BLE,1705562390044924925,DF:DF:EE:00:00:04,-34
BLE,1705562390384249318,D3:F4:55:AB:96:20,-59
BLE,1705562390505302056,DF:DF:EE:00:00:04,-36
BLE,1705562390582085938,D3:F4:55:AB:96:20,-58
BLE,1705562390778696909,D3:F4:55:AB:96:20,-58
BLE,1705562390971185190,D3:F4:55:AB:96:20,-58
BLE,1705562391053561032,DF:DF:EE:00:00:04,-39
BLE,1705562391165358405,D3:F4:55:AB:96:20,-58
BLE,1705562391352854384,D3:F4:55:AB:96:20,-59
BLE,1705562391507639547,DF:DF:EE:00:00:04,-34
BLE,1705562391738712475,D3:F4:55:AB:96:20,-56
BLE,1705562391929403907,D3:F4:55:AB:96:20,-58
BLE,1705562392116246812,D3:F4:55:AB:96:20,-59
BLE,1705562392305498556,D3:F4:55:AB:96:20,-55
BLE,1705562392338710531,DF:A6:DC:DC:2E:81,-65
BLE,1705562392338736906,DF:DF:EE:00:00:01,-65
BLE,1705562392501311831,D3:F4:55:AB:96:20,-59
BLE,1705562392509024552,DF:DF:EE:00:00:04,-36
BLE,1705562392889978922,D3:F4:55:AB:96:20,-54
BLE,1705562393044893292,DF:DF:EE:00:00:04,-35
BLE,1705562393272484437,D3:F4:55:AB:96:20,-54
BLE,1705562393467477724,D3:F4:55:AB:96:20,-59
BLE,1705562393664454148,D3:F4:55:AB:96:20,-58
BLE,1705562393855676822,D3:F4:55:AB:96:20,-56
BLE,1705562394045762555,D3:F4:55:AB:96:20,-58
BLE,1705562394233007995,D3:F4:55:AB:96:20,-44
BLE,1705562394424266586,D3:F4:55:AB:96:20,-58
BLE,1705562394804056349,D3:F4:55:AB:96:20,-56
BLE,1705562394885487413,DF:A6:DC:DC:2E:81,-64
BLE,1705562394885517996,DF:DF:EE:00:00:01,-64
BLE,1705562394995879514,D3:F4:55:AB:96:20,-59
BLE,1705562395051251500,DF:DF:EE:00:00:04,-36
BLE,1705562395185032802,D3:F4:55:AB:96:20,-56
BLE,1705562395573087528,D3:F4:55:AB:96:20,-57
BLE,1705562395764279619,D3:F4:55:AB:96:20,-57
BLE,1705562395961333459,D3:F4:55:AB:96:20,-59
BLE,1705562396344193302,D3:F4:55:AB:96:20,-59
BLE,1705562396505434746,DF:DF:EE:00:00:04,-34
BLE,1705562396539508250,D3:F4:55:AB:96:20,-57
BLE,1705562396727580429,D3:F4:55:AB:96:20,-59
BLE,1705562396926850986,D3:F4:55:AB:96:20,-58
BLE,1705562397050059026,DF:DF:EE:00:00:04,-36
BLE,1705562397312995698,D3:F4:55:AB:96:20,-59
BLE,1705562397425060733,DF:A6:DC:DC:2E:81,-64
BLE,1705562397425090274,DF:DF:EE:00:00:01,-64
BLE,1705562397509412422,D3:F4:55:AB:96:20,-58
BLE,1705562397696692445,D3:F4:55:AB:96:20,-59
BLE,1705562398076767204,D3:F4:55:AB:96:20,-59
BLE,1705562398460116623,D3:F4:55:AB:96:20,-59
BLE,1705562398506316659,DF:DF:EE:00:00:04,-34
BLE,1705562398654317296,D3:F4:55:AB:96:20,-41
BLE,1705562398846403624,D3:F4:55:AB:96:20,-59
BLE,1705562399039243317,D3:F4:55:AB:96:20,-58
BLE,1705562399227598117,D3:F4:55:AB:96:20,-60
BLE,1705562399514301401,DF:DF:EE:00:00:04,-38
BLE,1705562399617252569,D3:F4:55:AB:96:20,-56
BLE,1705562399969431025,DF:A6:DC:DC:2E:81,-64
BLE,1705562399969472108,DF:DF:EE:00:00:01,-64
BLE,1705562400049842396,DF:DF:EE:00:00:04,-39
BLE,1705562400389170581,D3:F4:55:AB:96:20,-57
BLE,1705562400583252631,D3:F4:55:AB:96:20,-55
BLE,1705562400774646219,D3:F4:55:AB:96:20,-58
BLE,1705562400968636437,D3:F4:55:AB:96:20,-56
BLE,1705562401049338887,DF:DF:EE:00:00:04,-35
BLE,1705562401160282939,D3:F4:55:AB:96:20,-60
BLE,1705562401350086217,D3:F4:55:AB:96:20,-54
BLE,1705562401508512744,DF:DF:EE:00:00:04,-36
BLE,1705562401739832293,D3:F4:55:AB:96:20,-58
BLE,1705562401929444908,D3:F4:55:AB:96:20,-59
BLE,1705562402042034060,DF:DF:EE:00:00:04,-35
BLE,1705562402119824011,D3:F4:55:AB:96:20,-58
BLE,1705562402309029590,D3:F4:55:AB:96:20,-59
BLE,1705562402506675879,D3:F4:55:AB:96:20,-57
BLE,1705562402514656305,DF:A6:DC:DC:2E:81,-65
BLE,1705562402514682096,DF:DF:EE:00:00:01,-65
BLE,1705562402692334551,D3:F4:55:AB:96:20,-59
BLE,1705562402887016134,D3:F4:55:AB:96:20,-56
BLE,1705562403270389053,D3:F4:55:AB:96:20,-58
BLE,1705562403509775942,DF:DF:EE:00:00:04,-36
BLE,1705562403652095829,D3:F4:55:AB:96:20,-58
BLE,1705562403840840414,D3:F4:55:AB:96:20,-59
BLE,1705562404033390236,D3:F4:55:AB:96:20,-58
BLE,1705562404048243145,DF:DF:EE:00:00:04,-35
BLE,1705562404222759771,D3:F4:55:AB:96:20,-59
BLE,1705562404417972179,D3:F4:55:AB:96:20,-41
BLE,1705562404511667065,DF:DF:EE:00:00:04,-35
BLE,1705562404607322631,D3:F4:55:AB:96:20,-59
BLE,1705562404608736569,D3:F4:55:AB:96:20,-55
BLE,1705562405001705973,D3:F4:55:AB:96:20,-58
BLE,1705562405048199837,DF:DF:EE:00:00:04,-38
BLE,1705562405056600090,DF:A6:DC:DC:2E:81,-64
BLE,1705562405056632590,DF:DF:EE:00:00:01,-64
BLE,1705562405190842844,D3:F4:55:AB:96:20,-60
BLE,1705562405385653425,D3:F4:55:AB:96:20,-58
BLE,1705562405505232726,DF:DF:EE:00:00:04,-34
BLE,1705562405573548481,D3:F4:55:AB:96:20,-59
BLE,1705562405768209814,D3:F4:55:AB:96:20,-42
BLE,1705562405962028075,D3:F4:55:AB:96:20,-54
BLE,1705562406043315267,DF:DF:EE:00:00:04,-35
BLE,1705562406339951324,D3:F4:55:AB:96:20,-43
BLE,1705562406341492968,D3:F4:55:AB:96:20,-54
BLE,1705562406536952914,D3:F4:55:AB:96:20,-59
BLE,1705562406734514829,D3:F4:55:AB:96:20,-58
BLE,1705562406928297425,D3:F4:55:AB:96:20,-56
BLE,1705562407047809602,DF:DF:EE:00:00:04,-22
BLE,1705562407316523231,D3:F4:55:AB:96:20,-57
BLE,1705562407504956822,DF:DF:EE:00:00:04,-34
BLE,1705562407703891300,D3:F4:55:AB:96:20,-58
BLE,1705562408086240859,D3:F4:55:AB:96:20,-58
BLE,1705562408278489519,D3:F4:55:AB:96:20,-56
BLE,1705562408667111611,D3:F4:55:AB:96:20,-58
BLE,1705562408863008467,D3:F4:55:AB:96:20,-56
BLE,1705562408878683531,DF:A6:DC:DC:2E:81,-64
BLE,1705562408878712364,DF:DF:EE:00:00:01,-64
BLE,1705562409044597240,DF:DF:EE:00:00:04,-37
BLE,1705562409053980479,D3:F4:55:AB:96:20,-56
BLE,1705562409252087970,D3:F4:55:AB:96:20,-58
BLE,1705562409629563558,D3:F4:55:AB:96:20,-56
BLE,1705562409820275281,D3:F4:55:AB:96:20,-58
BLE,1705562410012160488,D3:F4:55:AB:96:20,-54
BLE,1705562410046924023,DF:DF:EE:00:00:04,-34
BLE,1705562410511676466,DF:DF:EE:00:00:04,-39
BLE,1705562410590270363,D3:F4:55:AB:96:20,-57
BLE,1705562410970752074,D3:F4:55:AB:96:20,-59
BLE,1705562411053247873,DF:DF:EE:00:00:04,-39
BLE,1705562411160698142,D3:F4:55:AB:96:20,-56
BLE,1705562411354191075,D3:F4:55:AB:96:20,-59
BLE,1705562411750302559,D3:F4:55:AB:96:20,-58
BLE,1705562411939689551,D3:F4:55:AB:96:20,-60
BLE,1705562412045875714,DF:DF:EE:00:00:04,-51
BLE,1705562412135370036,D3:F4:55:AB:96:20,-57
BLE,1705562412705732941,D3:F4:55:AB:96:20,-57
BLE,1705562412900906891,D3:F4:55:AB:96:20,-58
BLE,1705562413042137627,DF:DF:EE:00:00:04,-34
BLE,1705562413093162801,D3:F4:55:AB:96:20,-55
BLE,1705562413287497180,D3:F4:55:AB:96:20,-59
BLE,1705562413505657254,DF:DF:EE:00:00:04,-40
BLE,1705562413868455430,D3:F4:55:AB:96:20,-58
BLE,1705562413964224495,DF:A6:DC:DC:2E:81,-65
BLE,1705562413964257661,DF:DF:EE:00:00:01,-65
BLE,1705562414257128397,D3:F4:55:AB:96:20,-59
BLE,1705562414454211403,D3:F4:55:AB:96:20,-58
BLE,1705562414503421770,DF:DF:EE:00:00:04,-34
BLE,1705562414649655891,D3:F4:55:AB:96:20,-56
BLE,1705562414843249406,D3:F4:55:AB:96:20,-60
BLE,1705562415032395069,D3:F4:55:AB:96:20,-55
BLE,1705562415043297160,DF:DF:EE:00:00:04,-34
BLE,1705562415227883598,D3:F4:55:AB:96:20,-59
BLE,1705562415509897034,DF:DF:EE:00:00:04,-39
BLE,1705562415619683394,D3:F4:55:AB:96:20,-58
BLE,1705562416006577928,D3:F4:55:AB:96:20,-58
BLE,1705562416044211589,DF:DF:EE:00:00:04,-36
BLE,1705562416197900560,D3:F4:55:AB:96:20,-54
BLE,1705562416512656394,DF:DF:EE:00:00:04,-36
BLE,1705562416577938735,D3:F4:55:AB:96:20,-59
BLE,1705562416775377569,D3:F4:55:AB:96:20,-60
BLE,1705562417044854730,DF:DF:EE:00:00:04,-35
BLE,1705562417159770515,D3:F4:55:AB:96:20,-59
BLE,1705562417357989671,D3:F4:55:AB:96:20,-58
BLE,1705562417505300735,DF:DF:EE:00:00:04,-37
BLE,1705562417554946220,D3:F4:55:AB:96:20,-58
BLE,1705562417746714970,D3:F4:55:AB:96:20,-59
BLE,1705562418047419717,DF:DF:EE:00:00:04,-35
BLE,1705562418133581463,D3:F4:55:AB:96:20,-56
BLE,1705562418510519809,DF:DF:EE:00:00:04,-34
BLE,1705562418512344282,D3:F4:55:AB:96:20,-58
BLE,1705562419043833086,DF:DF:EE:00:00:04,-39
BLE,1705562419050092662,DF:A6:DC:DC:2E:81,-62
BLE,1705562419050118745,DF:DF:EE:00:00:01,-62
BLE,1705562419092268590,D3:F4:55:AB:96:20,-59
BLE,1705562419289366845,D3:F4:55:AB:96:20,-58
BLE,1705562419474784604,D3:F4:55:AB:96:20,-59
BLE,1705562419513103796,DF:DF:EE:00:00:04,-38
BLE,1705562419672134273,D3:F4:55:AB:96:20,-57
BLE,1705562419861004023,D3:F4:55:AB:96:20,-59
BLE,1705562420042003596,DF:DF:EE:00:00:04,-34
BLE,1705562420052335904,D3:F4:55:AB:96:20,-58
BLE,1705562420241059115,D3:F4:55:AB:96:20,-59
BLE,1705562420431077557,D3:F4:55:AB:96:20,-56
BLE,1705562420814878345,D3:F4:55:AB:96:20,-56
BLE,1705562421402933367,D3:F4:55:AB:96:20,-57
BLE,1705562421503429779,DF:DF:EE:00:00:04,-34
BLE,1705562421598177191,D3:F4:55:AB:96:20,-56
BLE,1705562421789859192,D3:F4:55:AB:96:20,-57
BLE,1705562422048597051,DF:DF:EE:00:00:04,-36
BLE,1705562422172282917,D3:F4:55:AB:96:20,-58
BLE,1705562422369611169,D3:F4:55:AB:96:20,-58
BLE,1705562422507047460,DF:DF:EE:00:00:04,-39
BLE,1705562422561182797,D3:F4:55:AB:96:20,-60
BLE,1705562422755605425,D3:F4:55:AB:96:20,-56
BLE,1705562422874965187,DF:A6:DC:DC:2E:81,-65
BLE,1705562422874993020,DF:DF:EE:00:00:01,-65
BLE,1705562422940967476,D3:F4:55:AB:96:20,-59
BLE,1705562423042356208,DF:DF:EE:00:00:04,-35
BLE,1705562423135684850,D3:F4:55:AB:96:20,-58
BLE,1705562423325934163,D3:F4:55:AB:96:20,-58
BLE,1705562423502629008,DF:DF:EE:00:00:04,-35
BLE,1705562423515286073,D3:F4:55:AB:96:20,-56
BLE,1705562423897076140,D3:F4:55:AB:96:20,-55
BLE,1705562424049872166,DF:DF:EE:00:00:04,-36
BLE,1705562424094260728,D3:F4:55:AB:96:20,-41
BLE,1705562424288041115,D3:F4:55:AB:96:20,-58
BLE,1705562424484307675,D3:F4:55:AB:96:20,-58
BLE,1705562424503703975,DF:DF:EE:00:00:04,-36
BLE,1705562424676638833,D3:F4:55:AB:96:20,-59
BLE,1705562425051830912,DF:DF:EE:00:00:04,-39
BLE,1705562425071482585,D3:F4:55:AB:96:20,-58
BLE,1705562425258676151,D3:F4:55:AB:96:20,-57
BLE,1705562425644132665,D3:F4:55:AB:96:20,-59
BLE,1705562425835674918,D3:F4:55:AB:96:20,-57
BLE,1705562426024873913,D3:F4:55:AB:96:20,-59
BLE,1705562426409964432,D3:F4:55:AB:96:20,-59
BLE,1705562426513256137,DF:DF:EE:00:00:04,-39
BLE,1705562426989464537,D3:F4:55:AB:96:20,-59
BLE,1705562427046844202,DF:DF:EE:00:00:04,-35
BLE,1705562427187401114,D3:F4:55:AB:96:20,-58
BLE,1705562427376155699,D3:F4:55:AB:96:20,-60
BLE,1705562427572249511,D3:F4:55:AB:96:20,-57
BLE,1705562427759742448,D3:F4:55:AB:96:20,-59
BLE,1705562427952309687,D3:F4:55:AB:96:20,-58
BLE,1705562428048779824,DF:DF:EE:00:00:04,-35
BLE,1705562428137674405,D3:F4:55:AB:96:20,-59
BLE,1705562428335710772,D3:F4:55:AB:96:20,-58
BLE,1705562428724728025,D3:F4:55:AB:96:20,-59
BLE,1705562428919418107,D3:F4:55:AB:96:20,-58
BLE,1705562429052320589,DF:DF:EE:00:00:04,-39
BLE,1705562429108798892,D3:F4:55:AB:96:20,-58
BLE,1705562429239822235,DF:A6:DC:DC:2E:81,-64
BLE,1705562429239853901,DF:DF:EE:00:00:01,-64
BLE,1705562429694062288,D3:F4:55:AB:96:20,-59
BLE,1705562430044802557,DF:DF:EE:00:00:04,-40
BLE,1705562430276311020,D3:F4:55:AB:96:20,-60
BLE,1705562430503125926,DF:DF:EE:00:00:04,-34
BLE,1705562430667910736,D3:F4:55:AB:96:20,-56
BLE,1705562430861994577,D3:F4:55:AB:96:20,-59
BLE,1705562431049687594,DF:DF:EE:00:00:04,-36
BLE,1705562431055008017,D3:F4:55:AB:96:20,-58
BLE,1705562431249982970,D3:F4:55:AB:96:20,-55
BLE,1705562431506180365,DF:DF:EE:00:00:04,-40
BLE,1705562431642539880,D3:F4:55:AB:96:20,-58
BLE,1705562431837014716,D3:F4:55:AB:96:20,-56
BLE,1705562432047320154,DF:DF:EE:00:00:04,-39
BLE,1705562432511240525,DF:DF:EE:00:00:04,-34
BLE,1705562432609175683,D3:F4:55:AB:96:20,-58
BLE,1705562432993860957,D3:F4:55:AB:96:20,-58
BLE,1705562433047920337,DF:DF:EE:00:00:04,-34
BLE,1705562433049553563,DF:DF:EE:00:00:04,-35
BLE,1705562433186360322,D3:F4:55:AB:96:20,-55
BLE,1705562433377814534,D3:F4:55:AB:96:20,-58
BLE,1705562433503228875,DF:DF:EE:00:00:04,-35
BLE,1705562433953288448,D3:F4:55:AB:96:20,-56
BLE,1705562434148752186,D3:F4:55:AB:96:20,-59
BLE,1705562434513211922,DF:DF:EE:00:00:04,-35
BLE,1705562434726500692,D3:F4:55:AB:96:20,-58
BLE,1705562434915781478,D3:F4:55:AB:96:20,-58
BLE,1705562435508390309,DF:DF:EE:00:00:04,-36
BLE,1705562435686412717,D3:F4:55:AB:96:20,-56
BLE,1705562435878032261,D3:F4:55:AB:96:20,-59
BLE,1705562436043875805,DF:DF:EE:00:00:04,-36
BLE,1705562436067746207,D3:F4:55:AB:96:20,-54
BLE,1705562436262610870,D3:F4:55:AB:96:20,-57
BLE,1705562436458860472,D3:F4:55:AB:96:20,-51
BLE,1705562436846496287,D3:F4:55:AB:96:20,-59
BLE,1705562436872162913,DF:A6:DC:DC:2E:81,-64
BLE,1705562436872190621,DF:DF:EE:00:00:01,-64
BLE,1705562437037800043,D3:F4:55:AB:96:20,-56
BLE,1705562437048840883,DF:DF:EE:00:00:04,-35
BLE,1705562437229503211,D3:F4:55:AB:96:20,-57
BLE,1705562437425067405,D3:F4:55:AB:96:20,-58
BLE,1705562437512214220,DF:DF:EE:00:00:04,-38
BLE,1705562437620893180,D3:F4:55:AB:96:20,-56
BLE,1705562437816427208,D3:F4:55:AB:96:20,-60
BLE,1705562438008381205,D3:F4:55:AB:96:20,-58
BLE,1705562438050896211,DF:DF:EE:00:00:04,-36
BLE,1705562438195002822,D3:F4:55:AB:96:20,-59
BLE,1705562438505365387,DF:DF:EE:00:00:04,-39
BLE,1705562438767098910,D3:F4:55:AB:96:20,-54
BLE,1705562439047587035,DF:DF:EE:00:00:04,-39
BLE,1705562439158945788,D3:F4:55:AB:96:20,-57
BLE,1705562439348313490,D3:F4:55:AB:96:20,-59
BLE,1705562439510515753,DF:DF:EE:00:00:04,-36
BLE,1705562439540246071,D3:F4:55:AB:96:20,-58
BLE,1705562439736143260,D3:F4:55:AB:96:20,-56
BLE,1705562439931335585,D3:F4:55:AB:96:20,-58
BLE,1705562440042297428,DF:DF:EE:00:00:04,-34
BLE,1705562440120719703,D3:F4:55:AB:96:20,-55
BLE,1705562440503466256,DF:DF:EE:00:00:04,-36
BLE,1705562440504944735,DF:DF:EE:00:00:04,-40
BLE,1705562440508079522,D3:F4:55:AB:96:20,-58
BLE,1705562440697731511,D3:F4:55:AB:96:20,-58
BLE,1705562440889930422,D3:F4:55:AB:96:20,-57
BLE,1705562441043368938,DF:DF:EE:00:00:04,-34
BLE,1705562441080678853,D3:F4:55:AB:96:20,-59
BLE,1705562441082137623,D3:F4:55:AB:96:20,-55
BLE,1705562441273915415,D3:F4:55:AB:96:20,-57
BLE,1705562441511469831,DF:DF:EE:00:00:04,-35
BLE,1705562441854949414,D3:F4:55:AB:96:20,-57
BLE,1705562441957604045,DF:A6:DC:DC:2E:81,-65
BLE,1705562441957639753,DF:DF:EE:00:00:01,-65
BLE,1705562442232098340,D3:F4:55:AB:96:20,-55
BLE,1705562442427325665,D3:F4:55:AB:96:20,-59
BLE,1705562442807772251,D3:F4:55:AB:96:20,-60
BLE,1705562443006520775,D3:F4:55:AB:96:20,-58
BLE,1705562443192280445,D3:F4:55:AB:96:20,-59
BLE,1705562443507651729,DF:DF:EE:00:00:04,-34
BLE,1705562443577319506,D3:F4:55:AB:96:20,-57
BLE,1705562443768885176,D3:F4:55:AB:96:20,-58
BLE,1705562443963521051,D3:F4:55:AB:96:20,-56
BLE,1705562444346584974,D3:F4:55:AB:96:20,-56
BLE,1705562444502825449,DF:DF:EE:00:00:04,-36
BLE,1705562444538006396,D3:F4:55:AB:96:20,-58
BLE,1705562444731486246,D3:F4:55:AB:96:20,-56
BLE,1705562444920479786,D3:F4:55:AB:96:20,-58
BLE,1705562445049856152,DF:DF:EE:00:00:04,-38
BLE,1705562445108049722,D3:F4:55:AB:96:20,-60
BLE,1705562445302292852,D3:F4:55:AB:96:20,-58
BLE,1705562445498245500,D3:F4:55:AB:96:20,-56
BLE,1705562445509697458,DF:DF:EE:00:00:04,-34
BLE,1705562445695053093,D3:F4:55:AB:96:20,-56
BLE,1705562446047006636,DF:DF:EE:00:00:04,-17
BLE,1705562446084820377,D3:F4:55:AB:96:20,-57
BLE,1705562446273613253,D3:F4:55:AB:96:20,-59
BLE,1705562446845044601,D3:F4:55:AB:96:20,-56
BLE,1705562447034067724,D3:F4:55:AB:96:20,-58
BLE,1705562447042223772,DF:DF:EE:00:00:04,-36
BLE,1705562447220997586,D3:F4:55:AB:96:20,-59
BLE,1705562447417387269,D3:F4:55:AB:96:20,-58
BLE,1705562447506362557,DF:DF:EE:00:00:04,-38
BLE,1705562447605076995,D3:F4:55:AB:96:20,-59
BLE,1705562447795311767,D3:F4:55:AB:96:20,-58
BLE,1705562447984788925,D3:F4:55:AB:96:20,-59
BLE,1705562448182312133,D3:F4:55:AB:96:20,-57
BLE,1705562448375117493,D3:F4:55:AB:96:20,-56
BLE,1705562448507708104,DF:DF:EE:00:00:04,-35
BLE,1705562448758655451,D3:F4:55:AB:96:20,-56
BLE,1705562448951405769,D3:F4:55:AB:96:20,-59
BLE,1705562449045403526,DF:DF:EE:00:00:04,-36
BLE,1705562449150374664,D3:F4:55:AB:96:20,-58
BLE,1705562449342409536,D3:F4:55:AB:96:20,-54
BLE,1705562449502890741,DF:DF:EE:00:00:04,-35
BLE,1705562449532946428,D3:F4:55:AB:96:20,-56
BLE,1705562450045533341,DF:DF:EE:00:00:04,-39
BLE,1705562450102664884,D3:F4:55:AB:96:20,-58
BLE,1705562450298211412,D3:F4:55:AB:96:20,-58
BLE,1705562450502467314,DF:DF:EE:00:00:04,-35
BLE,1705562450877863265,D3:F4:55:AB:96:20,-58
BLE,1705562451047595669,DF:DF:EE:00:00:04,-34
BLE,1705562451263773314,D3:F4:55:AB:96:20,-58
BLE,1705562451449426153,D3:F4:55:AB:96:20,-59
BLE,1705562451639173390,D3:F4:55:AB:96:20,-56
BLE,1705562451834888708,D3:F4:55:AB:96:20,-59
BLE,1705562452024994732,D3:F4:55:AB:96:20,-58
BLE,1705562452147111537,DF:A6:DC:DC:2E:81,-64
BLE,1705562452147142995,DF:DF:EE:00:00:01,-64
BLE,1705562452403746218,D3:F4:55:AB:96:20,-54
BLE,1705562452509191391,DF:DF:EE:00:00:04,-35
BLE,1705562452599579867,D3:F4:55:AB:96:20,-43
BLE,1705562452793893705,D3:F4:55:AB:96:20,-56
BLE,1705562452979828081,D3:F4:55:AB:96:20,-58
BLE,1705562453175654897,D3:F4:55:AB:96:20,-58
BLE,1705562453361286778,D3:F4:55:AB:96:20,-59
BLE,1705562453507585190,DF:DF:EE:00:00:04,-35
BLE,1705562453555453201,D3:F4:55:AB:96:20,-57
BLE,1705562453747755527,D3:F4:55:AB:96:20,-59
BLE,1705562453939414320,D3:F4:55:AB:96:20,-42
BLE,1705562454044016922,DF:DF:EE:00:00:04,-35
BLE,1705562454129584301,D3:F4:55:AB:96:20,-59
BLE,1705562454516209506,D3:F4:55:AB:96:20,-55
BLE,1705562454900865239,D3:F4:55:AB:96:20,-56
BLE,1705562455046131041,DF:DF:EE:00:00:04,-39
BLE,1705562455280632836,D3:F4:55:AB:96:20,-56
BLE,1705562455476809105,D3:F4:55:AB:96:20,-59
BLE,1705562455675248882,D3:F4:55:AB:96:20,-56
BLE,1705562456041321220,DF:DF:EE:00:00:04,-34
BLE,1705562456058788340,D3:F4:55:AB:96:20,-58
BLE,1705562456255477019,D3:F4:55:AB:96:20,-58
BLE,1705562456506912650,DF:DF:EE:00:00:04,-40
BLE,1705562456634510459,D3:F4:55:AB:96:20,-56
BLE,1705562456829249249,D3:F4:55:AB:96:20,-59
BLE,1705562457025067315,D3:F4:55:AB:96:20,-58
BLE,1705562457045254729,DF:DF:EE:00:00:04,-39
BLE,1705562457218057589,D3:F4:55:AB:96:20,-56
BLE,1705562457414339773,D3:F4:55:AB:96:20,-53
BLE,1705562457511653606,DF:DF:EE:00:00:04,-35
BLE,1705562457801829673,D3:F4:55:AB:96:20,-56
BLE,1705562457997809278,D3:F4:55:AB:96:20,-60
BLE,1705562458039962998,DF:DF:EE:00:00:04,-34
BLE,1705562458191526667,D3:F4:55:AB:96:20,-57
BLE,1705562458378371655,D3:F4:55:AB:96:20,-59
BLE,1705562458514679212,DF:A6:DC:DC:2E:81,-64
BLE,1705562458514712378,DF:DF:EE:00:00:01,-64
BLE,1705562458764476617,D3:F4:55:AB:96:20,-59
BLE,1705562458959940688,D3:F4:55:AB:96:20,-57
BLE,1705562459050573911,DF:DF:EE:00:00:04,-52
BLE,1705562459145573944,D3:F4:55:AB:96:20,-60
BLE,1705562459341312553,D3:F4:55:AB:96:20,-58
BLE,1705562459512007610,DF:DF:EE:00:00:04,-36
BLE,1705562459535532309,D3:F4:55:AB:96:20,-56
BLE,1705562460043119003,DF:DF:EE:00:00:04,-35
BLE,1705562460305571348,D3:F4:55:AB:96:20,-58
BLE,1705562460493097618,D3:F4:55:AB:96:20,-59
BLE,1705562460505520646,DF:DF:EE:00:00:04,-35
BLE,1705562460872452637,D3:F4:55:AB:96:20,-58
BLE,1705562461048429242,DF:DF:EE:00:00:04,-39
BLE,1705562461060513733,D3:F4:55:AB:96:20,-60
BLE,1705562461254410285,D3:F4:55:AB:96:20,-56
BLE,1705562461450073270,D3:F4:55:AB:96:20,-55
BLE,1705562461503545616,DF:DF:EE:00:00:04,-38
BLE,1705562462024424950,D3:F4:55:AB:96:20,-59
BLE,1705562462048295894,DF:DF:EE:00:00:04,-35
BLE,1705562462340336768,DF:A6:DC:DC:2E:81,-65
BLE,1705562462340370600,DF:DF:EE:00:00:01,-65
BLE,1705562462420792055,D3:F4:55:AB:96:20,-58
BLE,1705562462511760939,DF:DF:EE:00:00:04,-38
BLE,1705562462611764149,D3:F4:55:AB:96:20,-59
BLE,1705562462800764356,D3:F4:55:AB:96:20,-56
BLE,1705562463045120799,DF:DF:EE:00:00:04,-36
BLE,1705562463187299229,D3:F4:55:AB:96:20,-58
BLE,1705562463373156232,D3:F4:55:AB:96:20,-59
BLE,1705562463568990839,D3:F4:55:AB:96:20,-58
BLE,1705562463756937603,D3:F4:55:AB:96:20,-59
BLE,1705562463950757906,D3:F4:55:AB:96:20,-58
BLE,1705562464041779123,DF:DF:EE:00:00:04,-38
BLE,1705562464137755059,D3:F4:55:AB:96:20,-60
BLE,1705562464327157718,D3:F4:55:AB:96:20,-54
BLE,1705562464513015304,DF:DF:EE:00:00:04,-39
BLE,1705562464712747188,D3:F4:55:AB:96:20,-56
BLE,1705562464901318693,D3:F4:55:AB:96:20,-58
BLE,1705562465042705801,DF:DF:EE:00:00:04,-35
BLE,1705562465092968527,D3:F4:55:AB:96:20,-56
BLE,1705562465282905096,D3:F4:55:AB:96:20,-56
BLE,1705562465665625357,D3:F4:55:AB:96:20,-57
BLE,1705562465852320014,D3:F4:55:AB:96:20,-59
BLE,1705562466040810395,DF:DF:EE:00:00:04,-36
BLE,1705562466045545368,D3:F4:55:AB:96:20,-58
BLE,1705562466503879737,DF:DF:EE:00:00:04,-34
BLE,1705562466623562370,D3:F4:55:AB:96:20,-55
BLE,1705562466811995460,D3:F4:55:AB:96:20,-58
BLE,1705562466998555827,D3:F4:55:AB:96:20,-43
BLE,1705562467044242829,DF:DF:EE:00:00:04,-34
BLE,1705562467192061427,D3:F4:55:AB:96:20,-57
BLE,1705562467580883225,D3:F4:55:AB:96:20,-59
BLE,1705562467773410672,D3:F4:55:AB:96:20,-55
BLE,1705562468041506810,DF:DF:EE:00:00:04,-35
BLE,1705562468152026452,D3:F4:55:AB:96:20,-56
BLE,1705562468346789908,D3:F4:55:AB:96:20,-59
BLE,1705562468510280069,DF:DF:EE:00:00:04,-36
BLE,1705562469105804150,D3:F4:55:AB:96:20,-58
BLE,1705562469295537429,D3:F4:55:AB:96:20,-58
BLE,1705562469502013506,DF:DF:EE:00:00:04,-35
BLE,1705562469687813802,D3:F4:55:AB:96:20,-57
BLE,1705562469876998589,D3:F4:55:AB:96:20,-59
BLE,1705562470041869897,DF:DF:EE:00:00:04,-35
BLE,1705562470070641937,D3:F4:55:AB:96:20,-58
BLE,1705562470262199815,D3:F4:55:AB:96:20,-59
BLE,1705562470842919235,D3:F4:55:AB:96:20,-59
BLE,1705562471046256567,DF:DF:EE:00:00:04,-35
BLE,1705562471225305835,D3:F4:55:AB:96:20,-59
BLE,1705562471416003934,D3:F4:55:AB:96:20,-54
BLE,1705562471506068498,DF:DF:EE:00:00:04,-36
BLE,1705562471604784894,D3:F4:55:AB:96:20,-57
BLE,1705562471994353931,D3:F4:55:AB:96:20,-59
BLE,1705562472043528590,DF:DF:EE:00:00:04,-34
BLE,1705562472189099054,D3:F4:55:AB:96:20,-58
BLE,1705562472375048889,D3:F4:55:AB:96:20,-59
BLE,1705562472504419589,DF:DF:EE:00:00:04,-40
BLE,1705562472568179452,D3:F4:55:AB:96:20,-70
BLE,1705562472947821050,D3:F4:55:AB:96:20,-56
BLE,1705562473048059632,DF:DF:EE:00:00:04,-35
BLE,1705562473142825503,D3:F4:55:AB:96:20,-57
BLE,1705562473334910498,D3:F4:55:AB:96:20,-58
BLE,1705562473506619998,DF:DF:EE:00:00:04,-35
BLE,1705562473724219247,D3:F4:55:AB:96:20,-59
BLE,1705562473791295396,DF:A6:DC:DC:2E:81,-59
BLE,1705562473791325312,DF:DF:EE:00:00:01,-59
BLE,1705562474040594350,DF:DF:EE:00:00:04,-35
BLE,1705562474110023672,D3:F4:55:AB:96:20,-57
BLE,1705562474301681340,D3:F4:55:AB:96:20,-58
BLE,1705562474676713422,D3:F4:55:AB:96:20,-55
BLE,1705562474872178077,D3:F4:55:AB:96:20,-59
BLE,1705562475065884007,D3:F4:55:AB:96:20,-58
BLE,1705562475443607716,D3:F4:55:AB:96:20,-56
BLE,1705562475508829850,DF:DF:EE:00:00:04,-35
BLE,1705562475826144939,D3:F4:55:AB:96:20,-55
BLE,1705562476022107044,D3:F4:55:AB:96:20,-57
BLE,1705562476046331775,DF:DF:EE:00:00:04,-34
BLE,1705562476215924556,D3:F4:55:AB:96:20,-42
BLE,1705562476411544041,D3:F4:55:AB:96:20,-45
BLE,1705562476503553410,DF:DF:EE:00:00:04,-35
BLE,1705562476604190403,D3:F4:55:AB:96:20,-58
BLE,1705562476986092968,D3:F4:55:AB:96:20,-43
BLE,1705562477048343354,DF:DF:EE:00:00:04,-40
BLE,1705562477177279352,D3:F4:55:AB:96:20,-56
BLE,1705562477506522309,DF:DF:EE:00:00:04,-35
BLE,1705562477565703197,D3:F4:55:AB:96:20,-57
BLE,1705562477752326688,D3:F4:55:AB:96:20,-57
BLE,1705562477947848800,D3:F4:55:AB:96:20,-57
BLE,1705562478043878361,DF:DF:EE:00:00:04,-35
BLE,1705562478135884646,D3:F4:55:AB:96:20,-59
BLE,1705562478330334565,D3:F4:55:AB:96:20,-58
BLE,1705562478510332195,DF:DF:EE:00:00:04,-39
BLE,1705562478526817663,D3:F4:55:AB:96:20,-56
BLE,1705562478719801812,D3:F4:55:AB:96:20,-57
BLE,1705562479048014076,DF:DF:EE:00:00:04,-39
BLE,1705562479292064898,D3:F4:55:AB:96:20,-56
BLE,1705562479488238792,D3:F4:55:AB:96:20,-58
BLE,1705562479679703129,D3:F4:55:AB:96:20,-58
BLE,1705562479874910121,D3:F4:55:AB:96:20,-55
BLE,1705562480045756050,DF:DF:EE:00:00:04,-42
BLE,1705562480507812949,DF:DF:EE:00:00:04,-37
BLE,1705562480642220075,D3:F4:55:AB:96:20,-54
BLE,1705562480836758535,D3:F4:55:AB:96:20,-57
BLE,1705562481029291482,D3:F4:55:AB:96:20,-58
BLE,1705562481220099079,D3:F4:55:AB:96:20,-57
BLE,1705562481411345211,D3:F4:55:AB:96:20,-58
BLE,1705562481422258136,DF:A6:DC:DC:2E:81,-63
BLE,1705562481422284302,DF:DF:EE:00:00:01,-63
BLE,1705562481599229101,D3:F4:55:AB:96:20,-60
BLE,1705562481796040903,D3:F4:55:AB:96:20,-57
BLE,1705562482042360442,DF:DF:EE:00:00:04,-38
BLE,1705562482188046487,D3:F4:55:AB:96:20,-71
BLE,1705562482503778683,DF:DF:EE:00:00:04,-35
BLE,1705562482576245836,D3:F4:55:AB:96:20,-55
BLE,1705562482953004351,D3:F4:55:AB:96:20,-59
BLE,1705562483043473076,DF:DF:EE:00:00:04,-35
BLE,1705562483145784794,D3:F4:55:AB:96:20,-58
BLE,1705562483331026889,D3:F4:55:AB:96:20,-59
BLE,1705562483525678264,D3:F4:55:AB:96:20,-64
BLE,1705562483713095744,D3:F4:55:AB:96:20,-59
BLE,1705562483909636716,D3:F4:55:AB:96:20,-56
BLE,1705562483964867745,DF:A6:DC:DC:2E:81,-65
BLE,1705562483964904453,DF:DF:EE:00:00:01,-65
BLE,1705562484047332378,DF:DF:EE:00:00:04,-40
BLE,1705562484284312803,D3:F4:55:AB:96:20,-54
BLE,1705562484474918028,D3:F4:55:AB:96:20,-57
BLE,1705562484510944712,DF:DF:EE:00:00:04,-36
BLE,1705562484666160536,D3:F4:55:AB:96:20,-56
BLE,1705562485041228617,DF:DF:EE:00:00:04,-36
BLE,1705562485432531712,D3:F4:55:AB:96:20,-56
BLE,1705562485506254472,DF:DF:EE:00:00:04,-39
BLE,1705562485627417083,D3:F4:55:AB:96:20,-59
BLE,1705562485823485145,D3:F4:55:AB:96:20,-56
BLE,1705562486042473749,DF:DF:EE:00:00:04,-39
BLE,1705562486503432163,DF:A6:DC:DC:2E:81,-64
BLE,1705562486503467121,DF:DF:EE:00:00:01,-64
BLE,1705562486598626194,D3:F4:55:AB:96:20,-58
BLE,1705562486791946171,D3:F4:55:AB:96:20,-58
BLE,1705562486981538661,D3:F4:55:AB:96:20,-59
BLE,1705562486983077055,D3:F4:55:AB:96:20,-55
BLE,1705562487044918863,DF:DF:EE:00:00:04,-34
BLE,1705562487176527739,D3:F4:55:AB:96:20,-58
BLE,1705562487370595414,D3:F4:55:AB:96:20,-56
BLE,1705562487502575576,DF:DF:EE:00:00:04,-35
BLE,1705562487754286411,D3:F4:55:AB:96:20,-55
BLE,1705562487945517544,D3:F4:55:AB:96:20,-59
BLE,1705562488042392967,DF:DF:EE:00:00:04,-36
BLE,1705562488136221309,D3:F4:55:AB:96:20,-45
BLE,1705562488326006588,D3:F4:55:AB:96:20,-59
BLE,1705562488518443537,D3:F4:55:AB:96:20,-56
BLE,1705562488713282658,D3:F4:55:AB:96:20,-58
BLE,1705562488905712524,D3:F4:55:AB:96:20,-57
BLE,1705562489041618253,DF:DF:EE:00:00:04,-38
BLE,1705562489050753204,DF:A6:DC:DC:2E:81,-58
BLE,1705562489050780370,DF:DF:EE:00:00:01,-58
BLE,1705562489095032768,D3:F4:55:AB:96:20,-57
BLE,1705562489289780432,D3:F4:55:AB:96:20,-58
BLE,1705562489511936073,DF:DF:EE:00:00:04,-38
BLE,1705562489678589772,D3:F4:55:AB:96:20,-58
BLE,1705562489868236303,D3:F4:55:AB:96:20,-55
BLE,1705562490048605052,DF:DF:EE:00:00:04,-35
BLE,1705562490254484805,D3:F4:55:AB:96:20,-57
BLE,1705562490834350155,D3:F4:55:AB:96:20,-55
BLE,1705562491045061837,DF:DF:EE:00:00:04,-38
BLE,1705562491211280375,D3:F4:55:AB:96:20,-59
BLE,1705562491507480188,DF:DF:EE:00:00:04,-36
BLE,1705562491604962811,D3:F4:55:AB:96:20,-58
BLE,1705562491792617621,D3:F4:55:AB:96:20,-57
BLE,1705562491986975083,D3:F4:55:AB:96:20,-58
BLE,1705562492048514728,DF:DF:EE:00:00:04,-36
BLE,1705562492943765779,D3:F4:55:AB:96:20,-57
BLE,1705562493044978847,DF:DF:EE:00:00:04,-39
BLE,1705562493138096200,D3:F4:55:AB:96:20,-58
BLE,1705562493326620997,D3:F4:55:AB:96:20,-59
BLE,1705562493328158391,D3:F4:55:AB:96:20,-55
BLE,1705562493523452006,D3:F4:55:AB:96:20,-57
BLE,1705562493718791496,D3:F4:55:AB:96:20,-58
BLE,1705562494104490547,D3:F4:55:AB:96:20,-58
BLE,1705562494496696462,D3:F4:55:AB:96:20,-59
BLE,1705562494503621695,DF:DF:EE:00:00:04,-36
BLE,1705562494693837842,D3:F4:55:AB:96:20,-59
BLE,1705562495046191296,DF:DF:EE:00:00:04,-38
BLE,1705562495075904114,D3:F4:55:AB:96:20,-59
BLE,1705562495270888192,D3:F4:55:AB:96:20,-58
BLE,1705562495655002558,D3:F4:55:AB:96:20,-57
BLE,1705562495850942330,D3:F4:55:AB:96:20,-56
BLE,1705562496044603803,DF:DF:EE:00:00:04,-35
BLE,1705562496047014601,D3:F4:55:AB:96:20,-57
BLE,1705562496238229692,D3:F4:55:AB:96:20,-58
BLE,1705562496428895750,D3:F4:55:AB:96:20,-60
BLE,1705562496499188435,DF:DF:EE:00:00:04,-35
BLE,1705562496500852994,DF:DF:EE:00:00:04,-36
BLE,1705562496618671570,D3:F4:55:AB:96:20,-55
BLE,1705562496676701017,DF:A6:DC:DC:2E:81,-65
BLE,1705562496676728267,DF:DF:EE:00:00:01,-65
BLE,1705562496810151408,D3:F4:55:AB:96:20,-59
BLE,1705562497009222968,D3:F4:55:AB:96:20,-58
BLE,1705562497045413191,DF:DF:EE:00:00:04,-36
BLE,1705562497194573145,D3:F4:55:AB:96:20,-59
BLE,1705562497384033970,D3:F4:55:AB:96:20,-50
BLE,1705562497503380982,DF:DF:EE:00:00:04,-39
BLE,1705562497578003187,D3:F4:55:AB:96:20,-60
BLE,1705562497774587784,D3:F4:55:AB:96:20,-58
BLE,1705562497965028220,D3:F4:55:AB:96:20,-46
BLE,1705562498044058944,DF:DF:EE:00:00:04,-39
BLE,1705562498155878233,D3:F4:55:AB:96:20,-58
BLE,1705562498350216029,D3:F4:55:AB:96:20,-56
BLE,1705562498505059191,DF:DF:EE:00:00:04,-35
BLE,1705562498546392214,D3:F4:55:AB:96:20,-59
BLE,1705562498738876329,D3:F4:55:AB:96:20,-57
BLE,1705562498933898448,D3:F4:55:AB:96:20,-47
BLE,1705562499044935748,DF:DF:EE:00:00:04,-36
BLE,1705562499503854942,DF:DF:EE:00:00:04,-39
BLE,1705562499703693783,D3:F4:55:AB:96:20,-64
BLE,1705562499894000721,D3:F4:55:AB:96:20,-59
BLE,1705562500088042729,D3:F4:55:AB:96:20,-58
BLE,1705562500275260004,D3:F4:55:AB:96:20,-59
BLE,1705562500472217220,D3:F4:55:AB:96:20,-57
BLE,1705562500501468835,DF:DF:EE:00:00:04,-34
BLE,1705562500666737388,D3:F4:55:AB:96:20,-55
BLE,1705562500859548789,D3:F4:55:AB:96:20,-59
BLE,1705562501043922647,DF:DF:EE:00:00:04,-35
BLE,1705562501051426746,D3:F4:55:AB:96:20,-55
BLE,1705562501243426784,D3:F4:55:AB:96:20,-69
BLE,1705562501438880355,D3:F4:55:AB:96:20,-58
BLE,1705562501508953918,DF:DF:EE:00:00:04,-39
BLE,1705562501627921811,D3:F4:55:AB:96:20,-59
BLE,1705562501823451840,D3:F4:55:AB:96:20,-58
BLE,1705562502017177144,D3:F4:55:AB:96:20,-53
BLE,1705562502041890535,DF:DF:EE:00:00:04,-36
BLE,1705562502396599162,D3:F4:55:AB:96:20,-56
BLE,1705562502504270762,DF:DF:EE:00:00:04,-34
BLE,1705562502588604992,D3:F4:55:AB:96:20,-56
BLE,1705562502784734720,D3:F4:55:AB:96:20,-54
BLE,1705562502976185891,D3:F4:55:AB:96:20,-57
BLE,1705562503041068738,DF:DF:EE:00:00:04,-35
BLE,1705562503173483394,D3:F4:55:AB:96:20,-58
BLE,1705562503507932900,DF:DF:EE:00:00:04,-38
BLE,1705562503940924513,D3:F4:55:AB:96:20,-59
BLE,1705562504043407855,DF:DF:EE:00:00:04,-36
BLE,1705562504130866873,D3:F4:55:AB:96:20,-56
BLE,1705562504326458817,D3:F4:55:AB:96:20,-60
BLE,1705562504520667698,D3:F4:55:AB:96:20,-57
BLE,1705562504710144315,D3:F4:55:AB:96:20,-59
BLE,1705562504903190546,D3:F4:55:AB:96:20,-58
BLE,1705562505096041613,D3:F4:55:AB:96:20,-56
BLE,1705562505287764072,D3:F4:55:AB:96:20,-58
BLE,1705562505479399907,D3:F4:55:AB:96:20,-56
BLE,1705562505509664300,DF:DF:EE:00:00:04,-39
BLE,1705562505868947111,D3:F4:55:AB:96:20,-42
BLE,1705562506049405151,DF:DF:EE:00:00:04,-39
BLE,1705562506060695112,D3:F4:55:AB:96:20,-44
BLE,1705562506447634687,D3:F4:55:AB:96:20,-55
BLE,1705562506502748384,DF:DF:EE:00:00:04,-39
BLE,1705562506643556543,D3:F4:55:AB:96:20,-57
BLE,1705562506834484972,D3:F4:55:AB:96:20,-56
BLE,1705562506835998949,D3:F4:55:AB:96:20,-58
BLE,1705562507042674232,DF:DF:EE:00:00:04,-38
BLE,1705562507223522016,D3:F4:55:AB:96:20,-57
BLE,1705562507411576778,D3:F4:55:AB:96:20,-43
BLE,1705562507505529369,DF:DF:EE:00:00:04,-36
BLE,1705562507799109470,D3:F4:55:AB:96:20,-55
BLE,1705562507988225467,D3:F4:55:AB:96:20,-58
BLE,1705562508039847507,DF:DF:EE:00:00:04,-36
BLE,1705562508182294183,D3:F4:55:AB:96:20,-56
BLE,1705562508377332219,D3:F4:55:AB:96:20,-59
BLE,1705562508505341397,DF:DF:EE:00:00:04,-40
BLE,1705562508570617488,D3:F4:55:AB:96:20,-57
BLE,1705562508758528044,D3:F4:55:AB:96:20,-57
BLE,1705562508949756802,D3:F4:55:AB:96:20,-56
BLE,1705562509045271578,DF:DF:EE:00:00:04,-40
BLE,1705562509140786396,D3:F4:55:AB:96:20,-60
BLE,1705562509336126094,D3:F4:55:AB:96:20,-57
BLE,1705562509525991038,D3:F4:55:AB:96:20,-59
BLE,1705562509716085771,D3:F4:55:AB:96:20,-58
BLE,1705562510046973870,DF:DF:EE:00:00:04,-48
BLE,1705562510096055239,D3:F4:55:AB:96:20,-56
BLE,1705562510289865167,D3:F4:55:AB:96:20,-60
BLE,1705562510484293254,D3:F4:55:AB:96:20,-58
BLE,1705562510504033091,DF:DF:EE:00:00:04,-38
BLE,1705562510672736594,D3:F4:55:AB:96:20,-59
BLE,1705562511045514375,DF:DF:EE:00:00:04,-38
BLE,1705562511061147772,D3:F4:55:AB:96:20,-56
BLE,1705562511450117610,D3:F4:55:AB:96:20,-57
BLE,1705562511507364984,DF:DF:EE:00:00:04,-34
BLE,1705562511643945871,D3:F4:55:AB:96:20,-55
BLE,1705562511839126613,D3:F4:55:AB:96:20,-59
BLE,1705562512034777973,D3:F4:55:AB:96:20,-57
BLE,1705562512044114462,DF:DF:EE:00:00:04,-34
BLE,1705562512221448839,D3:F4:55:AB:96:20,-60
BLE,1705562512420678438,D3:F4:55:AB:96:20,-57
BLE,1705562512503598731,DF:DF:EE:00:00:04,-35
BLE,1705562512613316259,D3:F4:55:AB:96:20,-56
BLE,1705562512807062605,D3:F4:55:AB:96:20,-72
BLE,1705562513002947753,D3:F4:55:AB:96:20,-58
BLE,1705562513048748003,DF:DF:EE:00:00:04,-39
BLE,1705562513191416884,D3:F4:55:AB:96:20,-44
BLE,1705562513215434785,DF:A6:DC:DC:2E:81,-64
BLE,1705562513215478867,DF:DF:EE:00:00:01,-64
BLE,1705562513381141456,D3:F4:55:AB:96:20,-56
BLE,1705562513504673407,DF:DF:EE:00:00:04,-34
BLE,1705562513761581459,D3:F4:55:AB:96:20,-56
BLE,1705562514153187299,D3:F4:55:AB:96:20,-58
BLE,1705562514338286563,D3:F4:55:AB:96:20,-57
BLE,1705562514527440684,D3:F4:55:AB:96:20,-40
BLE,1705562514906653122,D3:F4:55:AB:96:20,-56
BLE,1705562515043991581,DF:DF:EE:00:00:04,-35
BLE,1705562515097950420,D3:F4:55:AB:96:20,-58
BLE,1705562515293154579,D3:F4:55:AB:96:20,-55
BLE,1705562515488749481,D3:F4:55:AB:96:20,-59
BLE,1705562515503132647,DF:DF:EE:00:00:04,-39
BLE,1705562515682975903,D3:F4:55:AB:96:20,-57
BLE,1705562515868037584,D3:F4:55:AB:96:20,-59
BLE,1705562516041572433,DF:DF:EE:00:00:04,-27
BLE,1705562516437766040,D3:F4:55:AB:96:20,-55
BLE,1705562516501690109,DF:DF:EE:00:00:04,-34
BLE,1705562516628778634,D3:F4:55:AB:96:20,-58
BLE,1705562516820513760,D3:F4:55:AB:96:20,-56
BLE,1705562517010209873,D3:F4:55:AB:96:20,-58
BLE,1705562517041967369,DF:DF:EE:00:00:04,-34
BLE,1705562517043664636,DF:DF:EE:00:00:04,-36
BLE,1705562517199838154,D3:F4:55:AB:96:20,-59
BLE,1705562517391235534,D3:F4:55:AB:96:20,-58
BLE,1705562517499584124,DF:DF:EE:00:00:04,-35
BLE,1705562517576687126,D3:F4:55:AB:96:20,-60
BLE,1705562517769238531,D3:F4:55:AB:96:20,-56
BLE,1705562518148798589,D3:F4:55:AB:96:20,-56
BLE,1705562518343214259,D3:F4:55:AB:96:20,-44
BLE,1705562518503642923,DF:DF:EE:00:00:04,-34
BLE,1705562518540611301,D3:F4:55:AB:96:20,-58
BLE,1705562518733807489,D3:F4:55:AB:96:20,-56
BLE,1705562518928768484,D3:F4:55:AB:96:20,-59
BLE,1705562519313766004,D3:F4:55:AB:96:20,-59
BLE,1705562519500711532,DF:DF:EE:00:00:04,-36
BLE,1705562519505188426,D3:F4:55:AB:96:20,-57
BLE,1705562519580618911,DF:A6:DC:DC:2E:81,-63
BLE,1705562519580652994,DF:DF:EE:00:00:01,-63
BLE,1705562519695553529,D3:F4:55:AB:96:20,-57
BLE,1705562519888848507,D3:F4:55:AB:96:20,-57
BLE,1705562520041412119,DF:DF:EE:00:00:04,-35
BLE,1705562520271898430,D3:F4:55:AB:96:20,-58
BLE,1705562520460532101,D3:F4:55:AB:96:20,-60
BLE,1705562520501913165,DF:DF:EE:00:00:04,-34
BLE,1705562520653082173,D3:F4:55:AB:96:20,-57
BLE,1705562521042016511,DF:DF:EE:00:00:04,-35
BLE,1705562521237693203,D3:F4:55:AB:96:20,-58
BLE,1705562521426032253,D3:F4:55:AB:96:20,-60
BLE,1705562521501370281,DF:DF:EE:00:00:04,-36
BLE,1705562521995738834,D3:F4:55:AB:96:20,-56
BLE,1705562522125084785,DF:A6:DC:DC:2E:81,-62
BLE,1705562522125111993,DF:DF:EE:00:00:01,-62
BLE,1705562522501874341,DF:DF:EE:00:00:04,-39
BLE,1705562523348280102,D3:F4:55:AB:96:20,-56
BLE,1705562523510131954,DF:DF:EE:00:00:04,-40
BLE,1705562523726856674,D3:F4:55:AB:96:20,-55
BLE,1705562524038144184,DF:DF:EE:00:00:04,-34
BLE,1705562524110406465,D3:F4:55:AB:96:20,-56
BLE,1705562524498842144,D3:F4:55:AB:96:20,-57
BLE,1705562524500141458,DF:DF:EE:00:00:04,-39
BLE,1705562524667118111,DF:A6:DC:DC:2E:81,-49
BLE,1705562524667148818,DF:DF:EE:00:00:01,-49
BLE,1705562524878843528,D3:F4:55:AB:96:20,-55
BLE,1705562525073990437,D3:F4:55:AB:96:20,-59
BLE,1705562525455711713,D3:F4:55:AB:96:20,-44
BLE,1705562525501017012,DF:DF:EE:00:00:04,-34
BLE,1705562525647655336,D3:F4:55:AB:96:20,-58
BLE,1705562525841412265,D3:F4:55:AB:96:20,-55
BLE,1705562526031342000,D3:F4:55:AB:96:20,-58
BLE,1705562526046933940,DF:DF:EE:00:00:04,-36
BLE,1705562526504487570,DF:DF:EE:00:00:04,-39
BLE,1705562526603889456,D3:F4:55:AB:96:20,-60
BLE,1705562526797554262,D3:F4:55:AB:96:20,-58
BLE,1705562526987355540,D3:F4:55:AB:96:20,-59
BLE,1705562527045245239,DF:DF:EE:00:00:04,-45
BLE,1705562527374497238,D3:F4:55:AB:96:20,-56
BLE,1705562527500209991,DF:DF:EE:00:00:04,-35
BLE,1705562527566975977,D3:F4:55:AB:96:20,-60
BLE,1705562527761327981,D3:F4:55:AB:96:20,-57
BLE,1705562527956993424,D3:F4:55:AB:96:20,-56
BLE,1705562528041996895,DF:DF:EE:00:00:04,-35
BLE,1705562528148104517,D3:F4:55:AB:96:20,-56
BLE,1705562528336090530,D3:F4:55:AB:96:20,-59
BLE,1705562528491978844,DF:A6:DC:DC:2E:81,-64
BLE,1705562528492012844,DF:DF:EE:00:00:01,-64
BLE,1705562528527183957,D3:F4:55:AB:96:20,-58
BLE,1705562528714217275,D3:F4:55:AB:96:20,-60
BLE,1705562529041729966,DF:DF:EE:00:00:04,-36
BLE,1705562529292096488,D3:F4:55:AB:96:20,-58
BLE,1705562529479547384,D3:F4:55:AB:96:20,-59
BLE,1705562529679089020,D3:F4:55:AB:96:20,-57
BLE,1705562529867405279,D3:F4:55:AB:96:20,-59
BLE,1705562530252818001,D3:F4:55:AB:96:20,-56
BLE,1705562530441970789,D3:F4:55:AB:96:20,-74
BLE,1705562530507051883,DF:DF:EE:00:00:04,-38
BLE,1705562530636761120,D3:F4:55:AB:96:20,-55
BLE,1705562531019034763,D3:F4:55:AB:96:20,-56
BLE,1705562531031461041,DF:A6:DC:DC:2E:81,-64
BLE,1705562531031487540,DF:DF:EE:00:00:01,-64
BLE,1705562531214927786,D3:F4:55:AB:96:20,-59
BLE,1705562531501973732,DF:DF:EE:00:00:04,-38
BLE,1705562531601981068,D3:F4:55:AB:96:20,-56
BLE,1705562531791808888,D3:F4:55:AB:96:20,-57
BLE,1705562531979303617,D3:F4:55:AB:96:20,-59
BLE,1705562532041394338,DF:DF:EE:00:00:04,-39
BLE,1705562532174463984,D3:F4:55:AB:96:20,-56
BLE,1705562532364749005,D3:F4:55:AB:96:20,-59
BLE,1705562532502004882,DF:DF:EE:00:00:04,-35
BLE,1705562532756641550,D3:F4:55:AB:96:20,-58
BLE,1705562532947242484,D3:F4:55:AB:96:20,-59
BLE,1705562533040025383,DF:DF:EE:00:00:04,-35
BLE,1705562533139376062,D3:F4:55:AB:96:20,-58
BLE,1705562533331155853,D3:F4:55:AB:96:20,-59
BLE,1705562533522059574,D3:F4:55:AB:96:20,-58
BLE,1705562533899165709,D3:F4:55:AB:96:20,-55
BLE,1705562534284289185,D3:F4:55:AB:96:20,-55
BLE,1705562534505580089,DF:DF:EE:00:00:04,-35
BLE,1705562534663403749,D3:F4:55:AB:96:20,-56
BLE,1705562535041496912,DF:DF:EE:00:00:04,-19
BLE,1705562535051890135,D3:F4:55:AB:96:20,-47
BLE,1705562535239603111,D3:F4:55:AB:96:20,-43
BLE,1705562535432344680,D3:F4:55:AB:96:20,-56
BLE,1705562535498370636,DF:DF:EE:00:00:04,-35
BLE,1705562535623746102,D3:F4:55:AB:96:20,-59
BLE,1705562535819589542,D3:F4:55:AB:96:20,-58
BLE,1705562536045013886,DF:DF:EE:00:00:04,-40
BLE,1705562536202765422,D3:F4:55:AB:96:20,-58
BLE,1705562536392796198,D3:F4:55:AB:96:20,-59
BLE,1705562536502562725,DF:DF:EE:00:00:04,-35
BLE,1705562536584808236,D3:F4:55:AB:96:20,-58
BLE,1705562536972123222,D3:F4:55:AB:96:20,-59
BLE,1705562537046954508,DF:DF:EE:00:00:04,-35
BLE,1705562537167068759,D3:F4:55:AB:96:20,-58
BLE,1705562537359107130,D3:F4:55:AB:96:20,-57
BLE,1705562537500997731,DF:DF:EE:00:00:04,-36
BLE,1705562537549392901,D3:F4:55:AB:96:20,-58
BLE,1705562537744854639,D3:F4:55:AB:96:20,-56
BLE,1705562537937339128,D3:F4:55:AB:96:20,-56
BLE,1705562538038756110,DF:DF:EE:00:00:04,-35
BLE,1705562538318836408,D3:F4:55:AB:96:20,-58
BLE,1705562538661281714,DF:A6:DC:DC:2E:81,-64
BLE,1705562538661314339,DF:DF:EE:00:00:01,-64
BLE,1705562538900422483,D3:F4:55:AB:96:20,-57
BLE,1705562539089418148,D3:F4:55:AB:96:20,-59
BLE,1705562539285955787,D3:F4:55:AB:96:20,-57
BLE,1705562539477938325,D3:F4:55:AB:96:20,-56
BLE,1705562539497944659,DF:DF:EE:00:00:04,-35
BLE,1705562539499439096,DF:DF:EE:00:00:04,-35
BLE,1705562539672146706,D3:F4:55:AB:96:20,-59
BLE,1705562539864750694,D3:F4:55:AB:96:20,-56
BLE,1705562540040592259,DF:DF:EE:00:00:04,-35
BLE,1705562540059195113,D3:F4:55:AB:96:20,-59
BLE,1705562540253392286,D3:F4:55:AB:96:20,-58
BLE,1705562540447077175,D3:F4:55:AB:96:20,-56
BLE,1705562540643152403,D3:F4:55:AB:96:20,-60
BLE,1705562541027388685,D3:F4:55:AB:96:20,-59
BLE,1705562541206042667,DF:A6:DC:DC:2E:81,-64
BLE,1705562541206074958,DF:DF:EE:00:00:01,-64
BLE,1705562541412385538,D3:F4:55:AB:96:20,-56
BLE,1705562541506122715,DF:DF:EE:00:00:04,-35
BLE,1705562541607880734,D3:F4:55:AB:96:20,-58
BLE,1705562541803017768,D3:F4:55:AB:96:20,-57
BLE,1705562541997324272,D3:F4:55:AB:96:20,-55
BLE,1705562542043050482,DF:DF:EE:00:00:04,-35
BLE,1705562542186722723,D3:F4:55:AB:96:20,-58
BLE,1705562542374852443,D3:F4:55:AB:96:20,-59
BLE,1705562542759218264,D3:F4:55:AB:96:20,-59
BLE,1705562543040589001,DF:DF:EE:00:00:04,-39
BLE,1705562543534406479,D3:F4:55:AB:96:20,-59
BLE,1705562543721683086,D3:F4:55:AB:96:20,-59
BLE,1705562543920982642,D3:F4:55:AB:96:20,-58
BLE,1705562544042639163,DF:DF:EE:00:00:04,-35
BLE,1705562544044245556,DF:DF:EE:00:00:04,-35
BLE,1705562544106988185,D3:F4:55:AB:96:20,-59
BLE,1705562544499735425,DF:DF:EE:00:00:04,-35
BLE,1705562544684682816,D3:F4:55:AB:96:20,-57
BLE,1705562544873720689,D3:F4:55:AB:96:20,-59
BLE,1705562545029806042,DF:A6:DC:DC:2E:81,-62
BLE,1705562545029845874,DF:DF:EE:00:00:01,-62
BLE,1705562545066501466,D3:F4:55:AB:96:20,-58
BLE,1705562545252435092,D3:F4:55:AB:96:20,-59
BLE,1705562545449921926,D3:F4:55:AB:96:20,-57
BLE,1705562545504416341,DF:DF:EE:00:00:04,-35
BLE,1705562545638583429,D3:F4:55:AB:96:20,-60
BLE,1705562546221792814,D3:F4:55:AB:96:20,-59
BLE,1705562546419785889,D3:F4:55:AB:96:20,-58
BLE,1705562546501677781,DF:DF:EE:00:00:04,-36
BLE,1705562546997319773,D3:F4:55:AB:96:20,-55
BLE,1705562547048051285,DF:DF:EE:00:00:04,-39
BLE,1705562547189598974,D3:F4:55:AB:96:20,-59
BLE,1705562547569638525,D3:F4:55:AB:96:20,-60
BLE,1705562547767114900,D3:F4:55:AB:96:20,-57
BLE,1705562547953460354,D3:F4:55:AB:96:20,-57
BLE,1705562548148732677,D3:F4:55:AB:96:20,-58
BLE,1705562548339403943,D3:F4:55:AB:96:20,-59
BLE,1705562548507628119,DF:DF:EE:00:00:04,-39
BLE,1705562548732789800,D3:F4:55:AB:96:20,-58
BLE,1705562548919963450,D3:F4:55:AB:96:20,-59
BLE,1705562549039731581,DF:DF:EE:00:00:04,-35
BLE,1705562549118556350,D3:F4:55:AB:96:20,-58
BLE,1705562549309782191,D3:F4:55:AB:96:20,-56
BLE,1705562549501548275,D3:F4:55:AB:96:20,-58
BLE,1705562549687543650,D3:F4:55:AB:96:20,-59
BLE,1705562549882527645,D3:F4:55:AB:96:20,-57
BLE,1705562550040067893,DF:DF:EE:00:00:04,-40
BLE,1705562550115608085,DF:A6:DC:DC:2E:81,-64
BLE,1705562550115640959,DF:DF:EE:00:00:01,-64
BLE,1705562550464410632,D3:F4:55:AB:96:20,-58
BLE,1705562550656878205,D3:F4:55:AB:96:20,-59
BLE,1705562550847318724,D3:F4:55:AB:96:20,-67
BLE,1705562551036261057,DF:DF:EE:00:00:04,-35
BLE,1705562551039396220,D3:F4:55:AB:96:20,-57
BLE,1705562551627014415,D3:F4:55:AB:96:20,-54
BLE,1705562552399970704,D3:F4:55:AB:96:20,-58
BLE,1705562552589669609,D3:F4:55:AB:96:20,-59
BLE,1705562552783751367,D3:F4:55:AB:96:20,-52
BLE,1705562552972515618,D3:F4:55:AB:96:20,-59
BLE,1705562553170325280,D3:F4:55:AB:96:20,-57
BLE,1705562553361943116,D3:F4:55:AB:96:20,-50
BLE,1705562553500839135,DF:DF:EE:00:00:04,-35
BLE,1705562553556477825,D3:F4:55:AB:96:20,-57
BLE,1705562553750022008,D3:F4:55:AB:96:20,-58
BLE,1705562553941431305,D3:F4:55:AB:96:20,-59
BLE,1705562554336956255,D3:F4:55:AB:96:20,-56
BLE,1705562554502225724,DF:DF:EE:00:00:04,-30
BLE,1705562554728768801,D3:F4:55:AB:96:20,-43
BLE,1705562554920833588,D3:F4:55:AB:96:20,-58
BLE,1705562555504719963,D3:F4:55:AB:96:20,-58
BLE,1705562555692397189,D3:F4:55:AB:96:20,-43
BLE,1705562556078331153,D3:F4:55:AB:96:20,-60
BLE,1705562556472531415,D3:F4:55:AB:96:20,-42
BLE,1705562556500197262,DF:DF:EE:00:00:04,-40
BLE,1705562556668258523,D3:F4:55:AB:96:20,-56
BLE,1705562556858643418,D3:F4:55:AB:96:20,-58
BLE,1705562557043673058,DF:DF:EE:00:00:04,-36
BLE,1705562557432166027,D3:F4:55:AB:96:20,-56
BLE,1705562557499987165,DF:DF:EE:00:00:04,-36
BLE,1705562557741167904,DF:A6:DC:DC:2E:81,-64
BLE,1705562557741201403,DF:DF:EE:00:00:01,-64
BLE,1705562557823259042,D3:F4:55:AB:96:20,-58
BLE,1705562558040164884,DF:DF:EE:00:00:04,-36
BLE,1705562558214220059,D3:F4:55:AB:96:20,-59
BLE,1705562558407904364,D3:F4:55:AB:96:20,-58
BLE,1705562558597152776,D3:F4:55:AB:96:20,-59
BLE,1705562558789891220,D3:F4:55:AB:96:20,-42
BLE,1705562558979773664,D3:F4:55:AB:96:20,-57
BLE,1705562559044688219,DF:DF:EE:00:00:04,-20
BLE,1705562559172668231,D3:F4:55:AB:96:20,-58
BLE,1705562559365099971,D3:F4:55:AB:96:20,-57
BLE,1705562559759034611,D3:F4:55:AB:96:20,-58
BLE,1705562559953669569,D3:F4:55:AB:96:20,-54
BLE,1705562560040975881,DF:DF:EE:00:00:04,-20
BLE,1705562560148731146,D3:F4:55:AB:96:20,-57
BLE,1705562560282912609,DF:A6:DC:DC:2E:81,-48
BLE,1705562560282945442,DF:DF:EE:00:00:01,-48
BLE,1705562560501456594,DF:DF:EE:00:00:04,-45
BLE,1705562560532650015,D3:F4:55:AB:96:20,-76
BLE,1705562560727243724,D3:F4:55:AB:96:20,-58
BLE,1705562560918252318,D3:F4:55:AB:96:20,-59
BLE,1705562561040986656,DF:DF:EE:00:00:04,-45
BLE,1705562561114628959,D3:F4:55:AB:96:20,-44
BLE,1705562561305885425,D3:F4:55:AB:96:20,-54
BLE,1705562561501062792,D3:F4:55:AB:96:20,-58
BLE,1705562562038952169,DF:DF:EE:00:00:04,-35
BLE,1705562562278298018,D3:F4:55:AB:96:20,-48
BLE,1705562562468894785,D3:F4:55:AB:96:20,-58
BLE,1705562562661583688,D3:F4:55:AB:96:20,-57
BLE,1705562562830275816,DF:A6:DC:DC:2E:81,-62
BLE,1705562562830307732,DF:DF:EE:00:00:01,-62
BLE,1705562562851111679,D3:F4:55:AB:96:20,-57
BLE,1705562563040200801,DF:DF:EE:00:00:04,-35
BLE,1705562563245636894,D3:F4:55:AB:96:20,-58
BLE,1705562563437067940,D3:F4:55:AB:96:20,-58
BLE,1705562564011388912,D3:F4:55:AB:96:20,-42
BLE,1705562564198956099,D3:F4:55:AB:96:20,-59
BLE,1705562564392804651,D3:F4:55:AB:96:20,-59
BLE,1705562564502694552,DF:DF:EE:00:00:04,-36
BLE,1705562564975537501,D3:F4:55:AB:96:20,-56
BLE,1705562564977073146,D3:F4:55:AB:96:20,-58
BLE,1705562565038834788,DF:DF:EE:00:00:04,-35
BLE,1705562565166645677,D3:F4:55:AB:96:20,-59
BLE,1705562565359585494,D3:F4:55:AB:96:20,-58
BLE,1705562565369036398,DF:A6:DC:DC:2E:81,-64
BLE,1705562565369063106,DF:DF:EE:00:00:01,-64
BLE,1705562565498903757,DF:DF:EE:00:00:04,-39
BLE,1705562565551559407,D3:F4:55:AB:96:20,-48
BLE,1705562565742979620,D3:F4:55:AB:96:20,-57
BLE,1705562565935243905,D3:F4:55:AB:96:20,-59
BLE,1705562566329688621,D3:F4:55:AB:96:20,-57
BLE,1705562566502967515,DF:DF:EE:00:00:04,-35
BLE,1705562566518998156,D3:F4:55:AB:96:20,-57
BLE,1705562566897257858,D3:F4:55:AB:96:20,-43
BLE,1705562567040720269,DF:DF:EE:00:00:04,-35
BLE,1705562567095894758,D3:F4:55:AB:96:20,-58
BLE,1705562567503564489,DF:DF:EE:00:00:04,-39
BLE,1705562567665396592,D3:F4:55:AB:96:20,-59
BLE,1705562567910101113,DF:A6:DC:DC:2E:81,-49
BLE,1705562567910142362,DF:DF:EE:00:00:01,-49
BLE,1705562568053999851,D3:F4:55:AB:96:20,-56
BLE,1705562568506768426,DF:DF:EE:00:00:04,-36
BLE,1705562568631046784,D3:F4:55:AB:96:20,-57
BLE,1705562568825048126,D3:F4:55:AB:96:20,-57
BLE,1705562569039765333,DF:DF:EE:00:00:04,-34
BLE,1705562569392295493,D3:F4:55:AB:96:20,-58
BLE,1705562569774480096,D3:F4:55:AB:96:20,-57
BLE,1705562569968616019,D3:F4:55:AB:96:20,-48
BLE,1705562570036608696,DF:DF:EE:00:00:04,-35
BLE,1705562570164931620,D3:F4:55:AB:96:20,-59
BLE,1705562570358564092,D3:F4:55:AB:96:20,-58
BLE,1705562571041628398,DF:DF:EE:00:00:04,-35
BLE,1705562571135493740,D3:F4:55:AB:96:20,-56
BLE,1705562571500994169,DF:DF:EE:00:00:04,-35
BLE,1705562571521006378,D3:F4:55:AB:96:20,-55
BLE,1705562571909496014,D3:F4:55:AB:96:20,-58
BLE,1705562572039084544,DF:DF:EE:00:00:04,-35
BLE,1705562572102339873,D3:F4:55:AB:96:20,-56
BLE,1705562572291054042,D3:F4:55:AB:96:20,-57
BLE,1705562572481660851,D3:F4:55:AB:96:20,-59
BLE,1705562572503955651,DF:DF:EE:00:00:04,-34
BLE,1705562572674495877,D3:F4:55:AB:96:20,-58
BLE,1705562572868170849,D3:F4:55:AB:96:20,-56
BLE,1705562572998990736,DF:A6:DC:DC:2E:81,-63
BLE,1705562572999020860,DF:DF:EE:00:00:01,-63
BLE,1705562573040360592,DF:DF:EE:00:00:04,-35
BLE,1705562573062722308,D3:F4:55:AB:96:20,-60
BLE,1705562573254119147,D3:F4:55:AB:96:20,-56
BLE,1705562573450315665,D3:F4:55:AB:96:20,-59
BLE,1705562573497878723,DF:DF:EE:00:00:04,-37
BLE,1705562573644347924,D3:F4:55:AB:96:20,-58
BLE,1705562574034161666,D3:F4:55:AB:96:20,-60
BLE,1705562574041810304,DF:DF:EE:00:00:04,-36
BLE,1705562574226939526,D3:F4:55:AB:96:20,-57
BLE,1705562574414524253,D3:F4:55:AB:96:20,-57
BLE,1705562574613039488,D3:F4:55:AB:96:20,-58
BLE,1705562574799968559,D3:F4:55:AB:96:20,-59
BLE,1705562575040932717,DF:DF:EE:00:00:04,-38
BLE,1705562575382302789,D3:F4:55:AB:96:20,-53
BLE,1705562575502314209,DF:DF:EE:00:00:04,-36
BLE,1705562575543554942,DF:A6:DC:DC:2E:81,-64
BLE,1705562575543580608,DF:DF:EE:00:00:01,-64
BLE,1705562575579979578,D3:F4:55:AB:96:20,-58
BLE,1705562576036826469,DF:DF:EE:00:00:04,-34
BLE,1705562576156106316,D3:F4:55:AB:96:20,-56
BLE,1705562576345798929,D3:F4:55:AB:96:20,-57
BLE,1705562576920475730,D3:F4:55:AB:96:20,-56
BLE,1705562577043284442,DF:DF:EE:00:00:04,-39
BLE,1705562577113840581,D3:F4:55:AB:96:20,-60
BLE,1705562577309087322,D3:F4:55:AB:96:20,-57
BLE,1705562577500601367,DF:DF:EE:00:00:04,-34
BLE,1705562577694320172,D3:F4:55:AB:96:20,-58
BLE,1705562577879548309,D3:F4:55:AB:96:20,-59
BLE,1705562578036713187,DF:DF:EE:00:00:04,-34
BLE,1705562578073333029,D3:F4:55:AB:96:20,-58
BLE,1705562578268005237,D3:F4:55:AB:96:20,-54
BLE,1705562578459907860,D3:F4:55:AB:96:20,-67
BLE,1705562578645454700,D3:F4:55:AB:96:20,-59
BLE,1705562579033335345,D3:F4:55:AB:96:20,-56
BLE,1705562579041235522,DF:DF:EE:00:00:04,-38
BLE,1705562579225596254,D3:F4:55:AB:96:20,-57
BLE,1705562579366580702,DF:A6:DC:DC:2E:81,-64
BLE,1705562579366610868,DF:DF:EE:00:00:01,-64
BLE,1705562579500616667,DF:DF:EE:00:00:04,-34
BLE,1705562579608251350,D3:F4:55:AB:96:20,-58
BLE,1705562579805017902,D3:F4:55:AB:96:20,-58
BLE,1705562579996740111,D3:F4:55:AB:96:20,-44
BLE,1705562580187535500,D3:F4:55:AB:96:20,-64
BLE,1705562580374937480,D3:F4:55:AB:96:20,-59
BLE,1705562580505524413,DF:DF:EE:00:00:04,-39
BLE,1705562580572432855,D3:F4:55:AB:96:20,-58
BLE,1705562580762901416,D3:F4:55:AB:96:20,-59
BLE,1705562581040590790,DF:DF:EE:00:00:04,-36
BLE,1705562581155265454,D3:F4:55:AB:96:20,-57
BLE,1705562581347824400,D3:F4:55:AB:96:20,-59
BLE,1705562581504125500,DF:DF:EE:00:00:04,-35
BLE,1705562581539002075,D3:F4:55:AB:96:20,-58
BLE,1705562581729542385,D3:F4:55:AB:96:20,-54
BLE,1705562581921721837,D3:F4:55:AB:96:20,-58
BLE,1705562582043096237,DF:DF:EE:00:00:04,-35
BLE,1705562582501848142,DF:DF:EE:00:00:04,-37
BLE,1705562583040702047,DF:DF:EE:00:00:04,-36
BLE,1705562583271887639,D3:F4:55:AB:96:20,-58
BLE,1705562583461794708,D3:F4:55:AB:96:20,-59
BLE,1705562583500388396,DF:DF:EE:00:00:04,-39
BLE,1705562583857581488,D3:F4:55:AB:96:20,-58
BLE,1705562584038954306,DF:DF:EE:00:00:04,-39
BLE,1705562584042921123,D3:F4:55:AB:96:20,-59
BLE,1705562584238283445,D3:F4:55:AB:96:20,-58
BLE,1705562584425633176,D3:F4:55:AB:96:20,-59
BLE,1705562584500414171,DF:DF:EE:00:00:04,-36
BLE,1705562584617943835,D3:F4:55:AB:96:20,-56
BLE,1705562584998732875,D3:F4:55:AB:96:20,-56
BLE,1705562585040767304,DF:DF:EE:00:00:04,-36
BLE,1705562585191003576,D3:F4:55:AB:96:20,-59
BLE,1705562585385047334,D3:F4:55:AB:96:20,-57
BLE,1705562585574250621,D3:F4:55:AB:96:20,-59
BLE,1705562585773334681,D3:F4:55:AB:96:20,-58
BLE,1705562585959390639,D3:F4:55:AB:96:20,-60
BLE,1705562586496393655,DF:DF:EE:00:00:04,-35
BLE,1705562586732677132,D3:F4:55:AB:96:20,-56
BLE,1705562586927561378,D3:F4:55:AB:96:20,-60
BLE,1705562587040191696,DF:DF:EE:00:00:04,-35
BLE,1705562587316927209,D3:F4:55:AB:96:20,-55
BLE,1705562587702734718,D3:F4:55:AB:96:20,-58
BLE,1705562587890557817,D3:F4:55:AB:96:20,-60
BLE,1705562588045703558,DF:DF:EE:00:00:04,-40
BLE,1705562588081819907,D3:F4:55:AB:96:20,-55
BLE,1705562588270688074,D3:F4:55:AB:96:20,-56
BLE,1705562588502681405,DF:DF:EE:00:00:04,-34
BLE,1705562588651692361,D3:F4:55:AB:96:20,-42
BLE,1705562588845200044,D3:F4:55:AB:96:20,-56
BLE,1705562589038134777,D3:F4:55:AB:96:20,-60
BLE,1705562589042675044,DF:DF:EE:00:00:04,-34
BLE,1705562589803084390,D3:F4:55:AB:96:20,-59
BLE,1705562590039553448,DF:DF:EE:00:00:04,-36
BLE,1705562590500432780,DF:DF:EE:00:00:04,-35
BLE,1705562590567937214,D3:F4:55:AB:96:20,-59
BLE,1705562590763099539,D3:F4:55:AB:96:20,-58
BLE,1705562591146903952,D3:F4:55:AB:96:20,-58
BLE,1705562591335596746,D3:F4:55:AB:96:20,-59
BLE,1705562591503264431,DF:DF:EE:00:00:04,-36
BLE,1705562591721363005,D3:F4:55:AB:96:20,-59
BLE,1705562592038116061,DF:DF:EE:00:00:04,-35
BLE,1705562592109489147,D3:F4:55:AB:96:20,-56
BLE,1705562592490899927,D3:F4:55:AB:96:20,-54
BLE,1705562592680259629,D3:F4:55:AB:96:20,-57
BLE,1705562592872047587,D3:F4:55:AB:96:20,-56
BLE,1705562593040829755,DF:DF:EE:00:00:04,-38
BLE,1705562593060668466,D3:F4:55:AB:96:20,-58
BLE,1705562593501861793,DF:DF:EE:00:00:04,-47
BLE,1705562593631577363,D3:F4:55:AB:96:20,-59
BLE,1705562593825273918,D3:F4:55:AB:96:20,-58
BLE,1705562594016627965,D3:F4:55:AB:96:20,-58
BLE,1705562594034089336,DF:DF:EE:00:00:04,-35
BLE,1705562594408498844,D3:F4:55:AB:96:20,-58
BLE,1705562594640718755,DF:A6:DC:DC:2E:81,-62
BLE,1705562594640751921,DF:DF:EE:00:00:01,-62
BLE,1705562595035667130,DF:DF:EE:00:00:04,-36
BLE,1705562595167107883,D3:F4:55:AB:96:20,-40
BLE,1705562595500298533,DF:DF:EE:00:00:04,-35
BLE,1705562595741006903,D3:F4:55:AB:96:20,-58
BLE,1705562596125330267,D3:F4:55:AB:96:20,-60
BLE,1705562596322752892,D3:F4:55:AB:96:20,-57
BLE,1705562596499162199,DF:DF:EE:00:00:04,-35
BLE,1705562596713318665,D3:F4:55:AB:96:20,-59
BLE,1705562596908155245,D3:F4:55:AB:96:20,-58
BLE,1705562597038572513,DF:DF:EE:00:00:04,-36
BLE,1705562597186231572,DF:A6:DC:DC:2E:81,-62
BLE,1705562597186259613,DF:DF:EE:00:00:01,-62
BLE,1705562597297729157,D3:F4:55:AB:96:20,-43
BLE,1705562597490766097,D3:F4:55:AB:96:20,-58
BLE,1705562598042168444,DF:DF:EE:00:00:04,-35
BLE,1705562598060742465,D3:F4:55:AB:96:20,-60
BLE,1705562598444627252,D3:F4:55:AB:96:20,-59
BLE,1705562598504384465,DF:DF:EE:00:00:04,-38
BLE,1705562598635278185,D3:F4:55:AB:96:20,-56
BLE,1705562598826321903,D3:F4:55:AB:96:20,-54
BLE,1705562599018425357,D3:F4:55:AB:96:20,-56
BLE,1705562599036746757,DF:DF:EE:00:00:04,-35
BLE,1705562599394087304,D3:F4:55:AB:96:20,-59
BLE,1705562599503462962,DF:DF:EE:00:00:04,-34
BLE,1705562599588423059,D3:F4:55:AB:96:20,-58
BLE,1705562599974236692,D3:F4:55:AB:96:20,-59
BLE,1705562600039082873,DF:DF:EE:00:00:04,-39
BLE,1705562600169871135,D3:F4:55:AB:96:20,-58
BLE,1705562600363451692,D3:F4:55:AB:96:20,-54
BLE,1705562600502900370,DF:DF:EE:00:00:04,-36
BLE,1705562600751063133,D3:F4:55:AB:96:20,-56
BLE,1705562600942379472,D3:F4:55:AB:96:20,-59
BLE,1705562601036317730,DF:DF:EE:00:00:04,-35
BLE,1705562601139698933,D3:F4:55:AB:96:20,-58
BLE,1705562601325445354,D3:F4:55:AB:96:20,-57
BLE,1705562601497033814,DF:DF:EE:00:00:04,-39
BLE,1705562601521324669,D3:F4:55:AB:96:20,-57
BLE,1705562601709707301,D3:F4:55:AB:96:20,-59
BLE,1705562602036981662,DF:DF:EE:00:00:04,-39
BLE,1705562602268520958,DF:A6:DC:DC:2E:81,-64
BLE,1705562602268612581,DF:DF:EE:00:00:01,-64
BLE,1705562602478484068,D3:F4:55:AB:96:20,-55
BLE,1705562602504531147,DF:DF:EE:00:00:04,-36
BLE,1705562602669766325,D3:F4:55:AB:96:20,-58
BLE,1705562602862250064,D3:F4:55:AB:96:20,-56
BLE,1705562603042667313,DF:DF:EE:00:00:04,-35
BLE,1705562603058318876,D3:F4:55:AB:96:20,-59
BLE,1705562603450196463,D3:F4:55:AB:96:20,-56
BLE,1705562603502213331,DF:DF:EE:00:00:04,-38
BLE,1705562603645817324,D3:F4:55:AB:96:20,-59
BLE,1705562603835983305,D3:F4:55:AB:96:20,-58
BLE,1705562604219649886,D3:F4:55:AB:96:20,-57
BLE,1705562604409283084,D3:F4:55:AB:96:20,-59
BLE,1705562604503495004,DF:DF:EE:00:00:04,-35
BLE,1705562604598692410,D3:F4:55:AB:96:20,-56
BLE,1705562604813908110,DF:A6:DC:DC:2E:81,-64
BLE,1705562604813947526,DF:DF:EE:00:00:01,-64
BLE,1705562604984694165,D3:F4:55:AB:96:20,-58
BLE,1705562605173553457,D3:F4:55:AB:96:20,-60
BLE,1705562605366782103,D3:F4:55:AB:96:20,-57
BLE,1705562605496748961,DF:DF:EE:00:00:04,-37
BLE,1705562605561103357,D3:F4:55:AB:96:20,-56
BLE,1705562605751210131,D3:F4:55:AB:96:20,-58
BLE,1705562605944823937,D3:F4:55:AB:96:20,-45
BLE,1705562606034645338,DF:DF:EE:00:00:04,-36
BLE,1705562606139019610,D3:F4:55:AB:96:20,-59
BLE,1705562606332933537,D3:F4:55:AB:96:20,-58
BLE,1705562606498977620,DF:DF:EE:00:00:04,-35
BLE,1705562606523350557,D3:F4:55:AB:96:20,-59
BLE,1705562606719649449,D3:F4:55:AB:96:20,-58
BLE,1705562607103413029,D3:F4:55:AB:96:20,-58
BLE,1705562607298569938,D3:F4:55:AB:96:20,-55
BLE,1705562607492739361,D3:F4:55:AB:96:20,-59
BLE,1705562607503265166,DF:DF:EE:00:00:04,-38
BLE,1705562607684837731,D3:F4:55:AB:96:20,-68
BLE,1705562607874580135,D3:F4:55:AB:96:20,-59
BLE,1705562608036144908,DF:DF:EE:00:00:04,-36
BLE,1705562608456138294,D3:F4:55:AB:96:20,-65
BLE,1705562608501114598,DF:DF:EE:00:00:04,-35
BLE,1705562608838595809,D3:F4:55:AB:96:20,-58
BLE,1705562609029417156,D3:F4:55:AB:96:20,-56
BLE,1705562609042333843,DF:DF:EE:00:00:04,-34
BLE,1705562609225435219,D3:F4:55:AB:96:20,-59
BLE,1705562609500224886,DF:DF:EE:00:00:04,-34
BLE,1705562609612802622,D3:F4:55:AB:96:20,-56
BLE,1705562609803034144,D3:F4:55:AB:96:20,-58
BLE,1705562609993383498,D3:F4:55:AB:96:20,-56
BLE,1705562610039900571,DF:DF:EE:00:00:04,-35
BLE,1705562610185853862,D3:F4:55:AB:96:20,-58
BLE,1705562610371886404,D3:F4:55:AB:96:20,-59
BLE,1705562610751274256,D3:F4:55:AB:96:20,-59
BLE,1705562611038670030,DF:DF:EE:00:00:04,-39
BLE,1705562611328069942,D3:F4:55:AB:96:20,-57
BLE,1705562611504645413,DF:DF:EE:00:00:04,-36
BLE,1705562612042801454,DF:DF:EE:00:00:04,-36
BLE,1705562612086457610,D3:F4:55:AB:96:20,-56
BLE,1705562612443679243,DF:A6:DC:DC:2E:81,-64
BLE,1705562612443713534,DF:DF:EE:00:00:01,-64
BLE,1705562612472407283,D3:F4:55:AB:96:20,-55
BLE,1705562612858174083,D3:F4:55:AB:96:20,-58
BLE,1705562613041544664,DF:DF:EE:00:00:04,-46
BLE,1705562613435669718,D3:F4:55:AB:96:20,-55
BLE,1705562613497416277,DF:DF:EE:00:00:04,-34
BLE,1705562613628109874,D3:F4:55:AB:96:20,-58
BLE,1705562613720732984,DF:A6:DC:DC:2E:81,-65
BLE,1705562613720762859,DF:DF:EE:00:00:01,-65
BLE,1705562613820996525,D3:F4:55:AB:96:20,-56
BLE,1705562614011415127,D3:F4:55:AB:96:20,-58
BLE,1705562614039057683,DF:DF:EE:00:00:04,-35
BLE,1705562614780737803,D3:F4:55:AB:96:20,-57
BLE,1705562614976016793,D3:F4:55:AB:96:20,-58
BLE,1705562615045024163,DF:DF:EE:00:00:04,-39
BLE,1705562615168509782,D3:F4:55:AB:96:20,-56
BLE,1705562615357521447,D3:F4:55:AB:96:20,-57
BLE,1705562615502372047,DF:DF:EE:00:00:04,-34
BLE,1705562615551192753,D3:F4:55:AB:96:20,-55
BLE,1705562615746248996,D3:F4:55:AB:96:20,-58
BLE,1705562615936256022,D3:F4:55:AB:96:20,-45
BLE,1705562616040925956,DF:DF:EE:00:00:04,-20
BLE,1705562616126687875,D3:F4:55:AB:96:20,-59
BLE,1705562616321429331,D3:F4:55:AB:96:20,-55
BLE,1705562616518815249,D3:F4:55:AB:96:20,-56
BLE,1705562617287300145,D3:F4:55:AB:96:20,-45
BLE,1705562617676150026,D3:F4:55:AB:96:20,-58
BLE,1705562618037513223,DF:DF:EE:00:00:04,-39
BLE,1705562618065768645,D3:F4:55:AB:96:20,-59
BLE,1705562618494546570,DF:DF:EE:00:00:04,-34
BLE,1705562618649647978,D3:F4:55:AB:96:20,-59
BLE,1705562618843303492,D3:F4:55:AB:96:20,-58
BLE,1705562619033831885,D3:F4:55:AB:96:20,-59
BLE,1705562619039565510,DF:DF:EE:00:00:04,-37
BLE,1705562619226006462,D3:F4:55:AB:96:20,-58
BLE,1705562619414035600,D3:F4:55:AB:96:20,-59
BLE,1705562619497520301,DF:DF:EE:00:00:04,-40
BLE,1705562619605854558,D3:F4:55:AB:96:20,-56
BLE,1705562619798318589,D3:F4:55:AB:96:20,-59
BLE,1705562619992425763,D3:F4:55:AB:96:20,-57
BLE,1705562620068762777,DF:A6:DC:DC:2E:81,-64
BLE,1705562620068801818,DF:DF:EE:00:00:01,-64
BLE,1705562620187754211,D3:F4:55:AB:96:20,-56
BLE,1705562620377073830,D3:F4:55:AB:96:20,-56
BLE,1705562620500925652,DF:DF:EE:00:00:04,-36
BLE,1705562620961355241,D3:F4:55:AB:96:20,-58
BLE,1705562621042659140,DF:DF:EE:00:00:04,-35
BLE,1705562621150076535,D3:F4:55:AB:96:20,-57
BLE,1705562621342103073,D3:F4:55:AB:96:20,-57
BLE,1705562621721340468,D3:F4:55:AB:96:20,-54
BLE,1705562621915540433,D3:F4:55:AB:96:20,-58
BLE,1705562622036228092,DF:DF:EE:00:00:04,-36
BLE,1705562622107939715,D3:F4:55:AB:96:20,-57
BLE,1705562622297782410,D3:F4:55:AB:96:20,-57
BLE,1705562622497591501,DF:DF:EE:00:00:04,-34
BLE,1705562622872114132,D3:F4:55:AB:96:20,-58
BLE,1705562623060527222,D3:F4:55:AB:96:20,-59
BLE,1705562623498007353,DF:DF:EE:00:00:04,-36
BLE,1705562623628447538,D3:F4:55:AB:96:20,-56
BLE,1705562623824248145,D3:F4:55:AB:96:20,-59
BLE,1705562624018957311,D3:F4:55:AB:96:20,-64
BLE,1705562624041317652,DF:DF:EE:00:00:04,-38
BLE,1705562624205796632,D3:F4:55:AB:96:20,-59
BLE,1705562624501873364,DF:DF:EE:00:00:04,-35
BLE,1705562624588963179,D3:F4:55:AB:96:20,-59
BLE,1705562625040386857,DF:DF:EE:00:00:04,-34
BLE,1705562625154384823,DF:A6:DC:DC:2E:81,-64
BLE,1705562625154422239,DF:DF:EE:00:00:01,-64
BLE,1705562625350871045,D3:F4:55:AB:96:20,-58
BLE,1705562625494123668,DF:DF:EE:00:00:04,-35
BLE,1705562625495815727,DF:DF:EE:00:00:04,-34
BLE,1705562625739666260,D3:F4:55:AB:96:20,-57
BLE,1705562625931448677,D3:F4:55:AB:96:20,-58
BLE,1705562626036437190,DF:DF:EE:00:00:04,-35
BLE,1705562626120219345,D3:F4:55:AB:96:20,-60
BLE,1705562626317749845,D3:F4:55:AB:96:20,-57
BLE,1705562626502758276,D3:F4:55:AB:96:20,-57
BLE,1705562626697146738,D3:F4:55:AB:96:20,-58
BLE,1705562626886431190,D3:F4:55:AB:96:20,-54
BLE,1705562627081331478,D3:F4:55:AB:96:20,-58
BLE,1705562627276431305,D3:F4:55:AB:96:20,-54
BLE,1705562627468906002,D3:F4:55:AB:96:20,-59
BLE,1705562627494104511,DF:DF:EE:00:00:04,-34
BLE,1705562627854926466,D3:F4:55:AB:96:20,-59
BLE,1705562628036225243,DF:DF:EE:00:00:04,-35
BLE,1705562628052154136,D3:F4:55:AB:96:20,-57
BLE,1705562628239411119,D3:F4:55:AB:96:20,-59
BLE,1705562628240948846,D3:F4:55:AB:96:20,-56
BLE,1705562628431292992,D3:F4:55:AB:96:20,-57
BLE,1705562628498110477,DF:DF:EE:00:00:04,-38
BLE,1705562628815844477,D3:F4:55:AB:96:20,-58
BLE,1705562628977208044,DF:A6:DC:DC:2E:81,-64
BLE,1705562628977235586,DF:DF:EE:00:00:01,-64
BLE,1705562629194092220,D3:F4:55:AB:96:20,-57
BLE,1705562629384359992,D3:F4:55:AB:96:20,-59
BLE,1705562629502556230,DF:DF:EE:00:00:04,-35
BLE,1705562629968149493,D3:F4:55:AB:96:20,-59
BLE,1705562630036341167,DF:DF:EE:00:00:04,-35
BLE,1705562630495075197,DF:DF:EE:00:00:04,-35
BLE,1705562630538905892,D3:F4:55:AB:96:20,-54
BLE,1705562630731658003,D3:F4:55:AB:96:20,-57
BLE,1705562631042328063,DF:DF:EE:00:00:04,-40
BLE,1705562631118167876,D3:F4:55:AB:96:20,-58
BLE,1705562631309069347,D3:F4:55:AB:96:20,-58
BLE,1705562631499199245,DF:DF:EE:00:00:04,-34
BLE,1705562631523234895,DF:A6:DC:DC:2E:81,-64
BLE,1705562631523262312,DF:DF:EE:00:00:01,-64
BLE,1705562631692834051,D3:F4:55:AB:96:20,-58
BLE,1705562631883877853,D3:F4:55:AB:96:20,-59
BLE,1705562632464032866,D3:F4:55:AB:96:20,-59
BLE,1705562632504936979,DF:DF:EE:00:00:04,-39
BLE,1705562632658941237,D3:F4:55:AB:96:20,-58
BLE,1705562632854376141,D3:F4:55:AB:96:20,-49
BLE,1705562633631210582,D3:F4:55:AB:96:20,-58
BLE,1705562634066789158,DF:A6:DC:DC:2E:81,-62
BLE,1705562634066831199,DF:DF:EE:00:00:01,-62
BLE,1705562634501051210,DF:DF:EE:00:00:04,-36
BLE,1705562634583961545,D3:F4:55:AB:96:20,-59
BLE,1705562634781212882,D3:F4:55:AB:96:20,-59
BLE,1705562635033855287,DF:DF:EE:00:00:04,-34
BLE,1705562635167725213,D3:F4:55:AB:96:20,-59
BLE,1705562635344213519,DF:A6:DC:DC:2E:81,-64
BLE,1705562635344248060,DF:DF:EE:00:00:01,-64
BLE,1705562635359110635,D3:F4:55:AB:96:20,-58
BLE,1705562635501484188,DF:DF:EE:00:00:04,-29
BLE,1705562636041731531,DF:DF:EE:00:00:04,-36
BLE,1705562636496018876,DF:DF:EE:00:00:04,-35
BLE,1705562636532466428,D3:F4:55:AB:96:20,-58
BLE,1705562636721545759,D3:F4:55:AB:96:20,-60
BLE,1705562636915248522,D3:F4:55:AB:96:20,-58
BLE,1705562637036734920,DF:DF:EE:00:00:04,-35
BLE,1705562637101164232,D3:F4:55:AB:96:20,-59
BLE,1705562637292290658,D3:F4:55:AB:96:20,-56
BLE,1705562637494380425,DF:DF:EE:00:00:04,-35
BLE,1705562637673668856,D3:F4:55:AB:96:20,-54
BLE,1705562637866713504,D3:F4:55:AB:96:20,-58
BLE,1705562637888715476,DF:A6:DC:DC:2E:81,-65
BLE,1705562637888745683,DF:DF:EE:00:00:01,-65
BLE,1705562638037763139,DF:DF:EE:00:00:04,-39
BLE,1705562638256633703,D3:F4:55:AB:96:20,-45
BLE,1705562638493926415,DF:DF:EE:00:00:04,-34
BLE,1705562638827092939,D3:F4:55:AB:96:20,-58
BLE,1705562639037918662,DF:DF:EE:00:00:04,-35
BLE,1705562639596896774,D3:F4:55:AB:96:20,-59
BLE,1705562639787463292,D3:F4:55:AB:96:20,-56
BLE,1705562639980166486,D3:F4:55:AB:96:20,-59
BLE,1705562640042824574,DF:DF:EE:00:00:04,-38
BLE,1705562640178572139,D3:F4:55:AB:96:20,-57
BLE,1705562640366189533,D3:F4:55:AB:96:20,-57
BLE,1705562640434064253,DF:A6:DC:DC:2E:81,-64
BLE,1705562640434093711,DF:DF:EE:00:00:01,-64
BLE,1705562640754401881,D3:F4:55:AB:96:20,-56
BLE,1705562641036750771,DF:DF:EE:00:00:04,-35
BLE,1705562641130927191,D3:F4:55:AB:96:20,-57
BLE,1705562641503796721,DF:DF:EE:00:00:04,-40
BLE,1705562641906791313,D3:F4:55:AB:96:20,-57
BLE,1705562642041882263,DF:DF:EE:00:00:04,-51
BLE,1705562642482125437,D3:F4:55:AB:96:20,-59
BLE,1705562642496950263,DF:DF:EE:00:00:04,-39
BLE,1705562642678720450,D3:F4:55:AB:96:20,-60
BLE,1705562643036786571,DF:DF:EE:00:00:04,-39
BLE,1705562643067052463,D3:F4:55:AB:96:20,-59
BLE,1705562643505278875,DF:DF:EE:00:00:04,-39
BLE,1705562643656811794,D3:F4:55:AB:96:20,-55
BLE,1705562644038766609,DF:DF:EE:00:00:04,-34
BLE,1705562644229297126,D3:F4:55:AB:96:20,-58
BLE,1705562644501387499,DF:DF:EE:00:00:04,-34
BLE,1705562644610555159,D3:F4:55:AB:96:20,-58
BLE,1705562645036314961,DF:DF:EE:00:00:04,-23
BLE,1705562645196262966,D3:F4:55:AB:96:20,-58
BLE,1705562645384289229,D3:F4:55:AB:96:20,-59
BLE,1705562645496923422,DF:DF:EE:00:00:04,-34
BLE,1705562645773157276,D3:F4:55:AB:96:20,-55
BLE,1705562646153121619,D3:F4:55:AB:96:20,-56
BLE,1705562646348807187,D3:F4:55:AB:96:20,-44
BLE,1705562646500963055,DF:DF:EE:00:00:04,-39
BLE,1705562646547528919,D3:F4:55:AB:96:20,-58
BLE,1705562646737022493,D3:F4:55:AB:96:20,-55
BLE,1705562646800483403,DF:A6:DC:DC:2E:81,-65
BLE,1705562646800513736,DF:DF:EE:00:00:01,-65
BLE,1705562647038135943,DF:DF:EE:00:00:04,-39
BLE,1705562647120077625,D3:F4:55:AB:96:20,-56
BLE,1705562647314240632,D3:F4:55:AB:96:20,-59
BLE,1705562647495725156,DF:DF:EE:00:00:04,-34
BLE,1705562647699409858,D3:F4:55:AB:96:20,-59
BLE,1705562647893178662,D3:F4:55:AB:96:20,-58
BLE,1705562648036092415,DF:DF:EE:00:00:04,-36
BLE,1705562648082717944,D3:F4:55:AB:96:20,-44
BLE,1705562648461487930,D3:F4:55:AB:96:20,-58
BLE,1705562648845711795,D3:F4:55:AB:96:20,-57
BLE,1705562649038928190,D3:F4:55:AB:96:20,-57
BLE,1705562649040501751,DF:DF:EE:00:00:04,-39
BLE,1705562649228916466,D3:F4:55:AB:96:20,-59
BLE,1705562649340683172,DF:A6:DC:DC:2E:81,-64
BLE,1705562649340715422,DF:DF:EE:00:00:01,-64
BLE,1705562649426345675,D3:F4:55:AB:96:20,-57
BLE,1705562649812233266,D3:F4:55:AB:96:20,-59
BLE,1705562650034758526,DF:DF:EE:00:00:04,-39
BLE,1705562650390898800,D3:F4:55:AB:96:20,-58
BLE,1705562650498865478,DF:DF:EE:00:00:04,-35
BLE,1705562650579650468,D3:F4:55:AB:96:20,-58
BLE,1705562650773841058,D3:F4:55:AB:96:20,-57
BLE,1705562651036709231,DF:DF:EE:00:00:04,-35
BLE,1705562651164521704,D3:F4:55:AB:96:20,-44
BLE,1705562651501902792,DF:DF:EE:00:00:04,-34
BLE,1705562651748061875,D3:F4:55:AB:96:20,-59
BLE,1705562651885772454,DF:A6:DC:DC:2E:81,-48
BLE,1705562651885815995,DF:DF:EE:00:00:01,-48
BLE,1705562652036443010,DF:DF:EE:00:00:04,-39
BLE,1705562652327725770,D3:F4:55:AB:96:20,-58
BLE,1705562652514564966,D3:F4:55:AB:96:20,-59
BLE,1705562652712215839,D3:F4:55:AB:96:20,-58
BLE,1705562653039350076,DF:DF:EE:00:00:04,-35
BLE,1705562653094510023,D3:F4:55:AB:96:20,-58
BLE,1705562653280170195,D3:F4:55:AB:96:20,-59
BLE,1705562653476114010,D3:F4:55:AB:96:20,-58
BLE,1705562653499329422,DF:DF:EE:00:00:04,-38
BLE,1705562653671798744,D3:F4:55:AB:96:20,-56
BLE,1705562653861513482,D3:F4:55:AB:96:20,-59
BLE,1705562654059583140,D3:F4:55:AB:96:20,-58
BLE,1705562654248660596,D3:F4:55:AB:96:20,-59
BLE,1705562654428954596,DF:A6:DC:DC:2E:81,-64
BLE,1705562654428986096,DF:DF:EE:00:00:01,-64
BLE,1705562654496489155,DF:DF:EE:00:00:04,-35
BLE,1705562654643315559,D3:F4:55:AB:96:20,-57
BLE,1705562655027049806,D3:F4:55:AB:96:20,-58
BLE,1705562655041202016,DF:DF:EE:00:00:04,-37
BLE,1705562655213256012,D3:F4:55:AB:96:20,-60
BLE,1705562655594281048,D3:F4:55:AB:96:20,-59
BLE,1705562655792053044,D3:F4:55:AB:96:20,-58
BLE,1705562655979620563,D3:F4:55:AB:96:20,-58
BLE,1705562656038292959,DF:DF:EE:00:00:04,-39
BLE,1705562656172787959,D3:F4:55:AB:96:20,-57
BLE,1705562656755311104,D3:F4:55:AB:96:20,-55
BLE,1705562656945816330,D3:F4:55:AB:96:20,-59
BLE,1705562656972495775,DF:A6:DC:DC:2E:81,-64
BLE,1705562656972523150,DF:DF:EE:00:00:01,-64
BLE,1705562657143023834,D3:F4:55:AB:96:20,-58
BLE,1705562657328288929,D3:F4:55:AB:96:20,-60
BLE,1705562657495940155,DF:DF:EE:00:00:04,-36
BLE,1705562657520006429,D3:F4:55:AB:96:20,-50
BLE,1705562657713155284,D3:F4:55:AB:96:20,-57
BLE,1705562657902791898,D3:F4:55:AB:96:20,-56
BLE,1705562658036736282,DF:DF:EE:00:00:04,-35
BLE,1705562658091565942,D3:F4:55:AB:96:20,-59
BLE,1705562658284830253,D3:F4:55:AB:96:20,-56
BLE,1705562658480351115,D3:F4:55:AB:96:20,-59
BLE,1705562658872071371,D3:F4:55:AB:96:20,-58
BLE,1705562659060350213,D3:F4:55:AB:96:20,-44
BLE,1705562659256751687,D3:F4:55:AB:96:20,-57
BLE,1705562659447461369,D3:F4:55:AB:96:20,-59
BLE,1705562659495926122,DF:DF:EE:00:00:04,-36
BLE,1705562659513708280,DF:A6:DC:DC:2E:81,-64
BLE,1705562659513734738,DF:DF:EE:00:00:01,-64
BLE,1705562659840293067,D3:F4:55:AB:96:20,-58
BLE,1705562660038270310,DF:DF:EE:00:00:04,-35
BLE,1705562660425850334,D3:F4:55:AB:96:20,-58
BLE,1705562660500063462,DF:DF:EE:00:00:04,-29
BLE,1705562660811087934,D3:F4:55:AB:96:20,-58
BLE,1705562660998964199,D3:F4:55:AB:96:20,-58
BLE,1705562661040511594,DF:DF:EE:00:00:04,-34
BLE,1705562661385962356,D3:F4:55:AB:96:20,-55
BLE,1705562661494686357,DF:DF:EE:00:00:04,-34
BLE,1705562661957277456,D3:F4:55:AB:96:20,-58
BLE,1705562662033392598,DF:DF:EE:00:00:04,-35
BLE,1705562662150301979,D3:F4:55:AB:96:20,-55
BLE,1705562662344233489,D3:F4:55:AB:96:20,-59
BLE,1705562662542425812,D3:F4:55:AB:96:20,-58
BLE,1705562662729574088,D3:F4:55:AB:96:20,-57
BLE,1705562663118501050,D3:F4:55:AB:96:20,-56
BLE,1705562663336932704,DF:A6:DC:DC:2E:81,-64
BLE,1705562663336966912,DF:DF:EE:00:00:01,-64
BLE,1705562663503041119,DF:DF:EE:00:00:04,-36
BLE,1705562663507152517,D3:F4:55:AB:96:20,-57
BLE,1705562663700352955,D3:F4:55:AB:96:20,-58
BLE,1705562663892066872,D3:F4:55:AB:96:20,-58
BLE,1705562664040441545,DF:DF:EE:00:00:04,-36
BLE,1705562664084478613,D3:F4:55:AB:96:20,-55
BLE,1705562664493524074,DF:DF:EE:00:00:04,-35
BLE,1705562664660159482,D3:F4:55:AB:96:20,-58
BLE,1705562664845982068,D3:F4:55:AB:96:20,-59
BLE,1705562665032154608,DF:DF:EE:00:00:04,-36
BLE,1705562665039296837,D3:F4:55:AB:96:20,-58
BLE,1705562665228028340,D3:F4:55:AB:96:20,-57
BLE,1705562665422915002,D3:F4:55:AB:96:20,-58
BLE,1705562665497457875,DF:DF:EE:00:00:04,-35
BLE,1705562665612259412,D3:F4:55:AB:96:20,-59
BLE,1705562665804859692,D3:F4:55:AB:96:20,-53
BLE,1705562665999327777,D3:F4:55:AB:96:20,-56
BLE,1705562666390850578,D3:F4:55:AB:96:20,-58
BLE,1705562666502285789,DF:DF:EE:00:00:04,-40
BLE,1705562666578473596,D3:F4:55:AB:96:20,-59
BLE,1705562667036812549,DF:DF:EE:00:00:04,-35
BLE,1705562667154261922,D3:F4:55:AB:96:20,-60
BLE,1705562667348430554,D3:F4:55:AB:96:20,-56
BLE,1705562667538140750,D3:F4:55:AB:96:20,-58
BLE,1705562668114804272,D3:F4:55:AB:96:20,-55
BLE,1705562668423602609,DF:A6:DC:DC:2E:81,-64
BLE,1705562668423635859,DF:DF:EE:00:00:01,-64
BLE,1705562668687682557,D3:F4:55:AB:96:20,-58
BLE,1705562669031075599,DF:DF:EE:00:00:04,-34
BLE,1705562669267209328,D3:F4:55:AB:96:20,-57
BLE,1705562669501061299,DF:DF:EE:00:00:04,-34
BLE,1705562669647339377,D3:F4:55:AB:96:20,-54
BLE,1705562670036456504,DF:DF:EE:00:00:04,-39
BLE,1705562670416494763,D3:F4:55:AB:96:20,-56
BLE,1705562670500193920,DF:DF:EE:00:00:04,-35
BLE,1705562670605281723,D3:F4:55:AB:96:20,-59
BLE,1705562670796966141,D3:F4:55:AB:96:20,-58
BLE,1705562670988969637,D3:F4:55:AB:96:20,-59
BLE,1705562671040977463,DF:DF:EE:00:00:04,-36
BLE,1705562671949376156,D3:F4:55:AB:96:20,-58
BLE,1705562672035059741,DF:DF:EE:00:00:04,-38
BLE,1705562672248967502,DF:A6:DC:DC:2E:81,-65
BLE,1705562672248996752,DF:DF:EE:00:00:01,-65
BLE,1705562672330968434,D3:F4:55:AB:96:20,-58
BLE,1705562672492617539,DF:DF:EE:00:00:04,-34
BLE,1705562672518052960,D3:F4:55:AB:96:20,-59
BLE,1705562672710623448,D3:F4:55:AB:96:20,-70
BLE,1705562672901235548,D3:F4:55:AB:96:20,-59
BLE,1705562673093863244,D3:F4:55:AB:96:20,-58
BLE,1705562673289795266,D3:F4:55:AB:96:20,-55
BLE,1705562673499836292,DF:DF:EE:00:00:04,-39
BLE,1705562673671227130,D3:F4:55:AB:96:20,-56
BLE,1705562673865660633,D3:F4:55:AB:96:20,-59
BLE,1705562674034516591,DF:DF:EE:00:00:04,-36
BLE,1705562674055670992,D3:F4:55:AB:96:20,-56
BLE,1705562674248771722,D3:F4:55:AB:96:20,-60
BLE,1705562674631913436,D3:F4:55:AB:96:20,-59
BLE,1705562675012842057,D3:F4:55:AB:96:20,-59
BLE,1705562675037164620,DF:DF:EE:00:00:04,-35
BLE,1705562675207216186,D3:F4:55:AB:96:20,-58
BLE,1705562675501792189,DF:DF:EE:00:00:04,-38
BLE,1705562675592750698,D3:F4:55:AB:96:20,-58
BLE,1705562676036733568,DF:DF:EE:00:00:04,-35
BLE,1705562676073222036,DF:A6:DC:DC:2E:81,-64
BLE,1705562676073248828,DF:DF:EE:00:00:01,-64
BLE,1705562676747020560,D3:F4:55:AB:96:20,-59
BLE,1705562676945636461,D3:F4:55:AB:96:20,-58
BLE,1705562677135411031,D3:F4:55:AB:96:20,-56
BLE,1705562677492228295,DF:DF:EE:00:00:04,-34
BLE,1705562677526177634,D3:F4:55:AB:96:20,-57
BLE,1705562677715913288,D3:F4:55:AB:96:20,-59
BLE,1705562677907675913,D3:F4:55:AB:96:20,-58
BLE,1705562678041957250,DF:DF:EE:00:00:04,-39
BLE,1705562678098271139,D3:F4:55:AB:96:20,-59
BLE,1705562678290033847,D3:F4:55:AB:96:20,-58
BLE,1705562678862897632,D3:F4:55:AB:96:20,-59
BLE,1705562679037133929,DF:DF:EE:00:00:04,-39
BLE,1705562679056230151,D3:F4:55:AB:96:20,-58
BLE,1705562679245010278,D3:F4:55:AB:96:20,-60
BLE,1705562679499219702,DF:DF:EE:00:00:04,-36
BLE,1705562679821363845,D3:F4:55:AB:96:20,-58
BLE,1705562680010462426,D3:F4:55:AB:96:20,-57
BLE,1705562680032878558,DF:DF:EE:00:00:04,-34
BLE,1705562680499212060,DF:DF:EE:00:00:04,-39
BLE,1705562680967935070,D3:F4:55:AB:96:20,-58
BLE,1705562681032909957,DF:DF:EE:00:00:04,-35
BLE,1705562681034523309,DF:DF:EE:00:00:04,-38
BLE,1705562681156436076,D3:F4:55:AB:96:20,-59
BLE,1705562681346308395,D3:F4:55:AB:96:20,-54
BLE,1705562681494662485,DF:DF:EE:00:00:04,-34
BLE,1705562681916237973,D3:F4:55:AB:96:20,-58
BLE,1705562682103037337,D3:F4:55:AB:96:20,-43
BLE,1705562682295146248,D3:F4:55:AB:96:20,-58
BLE,1705562682482611977,D3:F4:55:AB:96:20,-60
BLE,1705562682492724997,DF:DF:EE:00:00:04,-35
BLE,1705562682677624388,D3:F4:55:AB:96:20,-57
BLE,1705562682872604800,D3:F4:55:AB:96:20,-54
BLE,1705562683032669678,DF:DF:EE:00:00:04,-34
BLE,1705562683067040969,D3:F4:55:AB:96:20,-59
BLE,1705562683646295411,D3:F4:55:AB:96:20,-57
BLE,1705562683842203434,D3:F4:55:AB:96:20,-40
BLE,1705562684031983296,D3:F4:55:AB:96:20,-58
BLE,1705562684219594982,D3:F4:55:AB:96:20,-59
BLE,1705562684412799586,D3:F4:55:AB:96:20,-58
BLE,1705562684496377119,DF:DF:EE:00:00:04,-38
BLE,1705562684598460258,D3:F4:55:AB:96:20,-60
BLE,1705562685034926154,DF:DF:EE:00:00:04,-35
BLE,1705562685176649799,D3:F4:55:AB:96:20,-58
BLE,1705562685365898752,D3:F4:55:AB:96:20,-58
BLE,1705562685755162418,D3:F4:55:AB:96:20,-55
BLE,1705562686139900109,D3:F4:55:AB:96:20,-47
BLE,1705562686334619566,D3:F4:55:AB:96:20,-59
BLE,1705562686722758582,D3:F4:55:AB:96:20,-55
BLE,1705562686912730566,D3:F4:55:AB:96:20,-64
BLE,1705562687108099597,D3:F4:55:AB:96:20,-54
BLE,1705562687109641533,D3:F4:55:AB:96:20,-58
BLE,1705562687298492242,D3:F4:55:AB:96:20,-59
BLE,1705562687497641843,D3:F4:55:AB:96:20,-58
BLE,1705562688032914092,DF:DF:EE:00:00:04,-39
BLE,1705562688080315235,D3:F4:55:AB:96:20,-58
BLE,1705562688265616496,D3:F4:55:AB:96:20,-59
BLE,1705562688462422255,D3:F4:55:AB:96:20,-57
BLE,1705562688499093388,DF:DF:EE:00:00:04,-37
BLE,1705562688808988835,DF:A6:DC:DC:2E:81,-65
BLE,1705562688809026210,DF:DF:EE:00:00:01,-65
BLE,1705562688847146321,D3:F4:55:AB:96:20,-67
BLE,1705562689032737494,DF:DF:EE:00:00:04,-35
BLE,1705562689035234791,D3:F4:55:AB:96:20,-58
BLE,1705562689229646044,D3:F4:55:AB:96:20,-58
BLE,1705562689424215170,D3:F4:55:AB:96:20,-55
BLE,1705562689492429010,DF:DF:EE:00:00:04,-35
BLE,1705562689807456466,D3:F4:55:AB:96:20,-54
BLE,1705562690002562750,D3:F4:55:AB:96:20,-59
BLE,1705562690039715418,DF:DF:EE:00:00:04,-38
BLE,1705562690199841712,D3:F4:55:AB:96:20,-59
BLE,1705562690393447810,D3:F4:55:AB:96:20,-56
BLE,1705562690501330406,DF:DF:EE:00:00:04,-35
BLE,1705562690583821205,D3:F4:55:AB:96:20,-59
BLE,1705562690778872449,D3:F4:55:AB:96:20,-58
BLE,1705562690967759824,D3:F4:55:AB:96:20,-59
BLE,1705562691038097383,DF:DF:EE:00:00:04,-34
BLE,1705562691355155517,D3:F4:55:AB:96:20,-55
BLE,1705562691502153794,DF:DF:EE:00:00:04,-51
BLE,1705562691741734348,D3:F4:55:AB:96:20,-56
BLE,1705562692040673163,DF:DF:EE:00:00:04,-38
BLE,1705562692316991098,D3:F4:55:AB:96:20,-58
BLE,1705562692513950731,D3:F4:55:AB:96:20,-57
BLE,1705562692630087540,DF:A6:DC:DC:2E:81,-62
BLE,1705562692630116706,DF:DF:EE:00:00:01,-62
BLE,1705562692701047340,D3:F4:55:AB:96:20,-59
BLE,1705562693033428626,DF:DF:EE:00:00:04,-38
BLE,1705562693088790571,D3:F4:55:AB:96:20,-56
BLE,1705562693478023571,D3:F4:55:AB:96:20,-58
BLE,1705562693667408480,D3:F4:55:AB:96:20,-57
BLE,1705562693860772582,D3:F4:55:AB:96:20,-42
BLE,1705562694030027076,DF:DF:EE:00:00:04,-34
BLE,1705562694049166256,D3:F4:55:AB:96:20,-58
BLE,1705562694240021769,D3:F4:55:AB:96:20,-56
BLE,1705562694494636937,DF:DF:EE:00:00:04,-40
BLE,1705562694632885966,D3:F4:55:AB:96:20,-59
BLE,1705562694824915962,D3:F4:55:AB:96:20,-56
BLE,1705562695037800488,DF:DF:EE:00:00:04,-34
BLE,1705562695210479724,D3:F4:55:AB:96:20,-58
BLE,1705562695400430501,D3:F4:55:AB:96:20,-59
BLE,1705562695491195304,DF:DF:EE:00:00:04,-35
BLE,1705562695594937169,D3:F4:55:AB:96:20,-42
BLE,1705562695790749735,D3:F4:55:AB:96:20,-56
BLE,1705562695986923921,D3:F4:55:AB:96:20,-59
BLE,1705562696035318758,DF:DF:EE:00:00:04,-35
BLE,1705562696380096905,D3:F4:55:AB:96:20,-57
BLE,1705562696493084052,DF:DF:EE:00:00:04,-39
BLE,1705562696569877851,D3:F4:55:AB:96:20,-59
BLE,1705562696765104133,D3:F4:55:AB:96:20,-58
BLE,1705562696960396624,D3:F4:55:AB:96:20,-55
BLE,1705562697347718610,D3:F4:55:AB:96:20,-58
BLE,1705562697501459538,DF:DF:EE:00:00:04,-35
BLE,1705562697540402221,D3:F4:55:AB:96:20,-59
BLE,1705562697717386228,DF:A6:DC:DC:2E:81,-64
BLE,1705562697717418394,DF:DF:EE:00:00:01,-64
BLE,1705562697932965006,D3:F4:55:AB:96:20,-57
BLE,1705562698037739856,DF:DF:EE:00:00:04,-34
BLE,1705562698124819005,D3:F4:55:AB:96:20,-59
BLE,1705562698316468590,D3:F4:55:AB:96:20,-57
BLE,1705562698495223863,DF:DF:EE:00:00:04,-38
BLE,1705562698504228815,D3:F4:55:AB:96:20,-59
BLE,1705562698703132127,D3:F4:55:AB:96:20,-57
BLE,1705562698892666660,D3:F4:55:AB:96:20,-55
BLE,1705562699030484612,DF:DF:EE:00:00:04,-36
BLE,1705562699082662519,D3:F4:55:AB:96:20,-58
BLE,1705562699278775955,D3:F4:55:AB:96:20,-56
BLE,1705562699498068430,DF:DF:EE:00:00:04,-34
BLE,1705562699659991697,D3:F4:55:AB:96:20,-56
BLE,1705562700038672018,DF:DF:EE:00:00:04,-35
BLE,1705562700047432057,D3:F4:55:AB:96:20,-57
BLE,1705562700427334776,D3:F4:55:AB:96:20,-56
BLE,1705562700494814294,DF:DF:EE:00:00:04,-35
BLE,1705562700815317753,D3:F4:55:AB:96:20,-58
BLE,1705562701004372001,D3:F4:55:AB:96:20,-57
BLE,1705562701197794310,D3:F4:55:AB:96:20,-57
BLE,1705562701578428143,D3:F4:55:AB:96:20,-58
BLE,1705562701765377172,D3:F4:55:AB:96:20,-59
BLE,1705562702036845345,DF:DF:EE:00:00:04,-35
BLE,1705562702150426691,D3:F4:55:AB:96:20,-59
BLE,1705562702493754151,DF:DF:EE:00:00:04,-36
BLE,1705562702542404110,D3:F4:55:AB:96:20,-56
BLE,1705562702733131250,D3:F4:55:AB:96:20,-59
BLE,1705562703030674418,DF:DF:EE:00:00:04,-34
BLE,1705562703115100356,D3:F4:55:AB:96:20,-59
BLE,1705562703310017060,D3:F4:55:AB:96:20,-58
BLE,1705562703495488401,DF:DF:EE:00:00:04,-39
BLE,1705562704039001364,DF:DF:EE:00:00:04,-35
BLE,1705562704085915306,DF:A6:DC:DC:2E:81,-64
BLE,1705562704085943472,DF:DF:EE:00:00:01,-64
BLE,1705562704087944776,D3:F4:55:AB:96:20,-59
BLE,1705562704283045144,D3:F4:55:AB:96:20,-58
BLE,1705562704469019978,D3:F4:55:AB:96:20,-59
BLE,1705562704493807242,DF:DF:EE:00:00:04,-35
BLE,1705562704660649980,D3:F4:55:AB:96:20,-58
BLE,1705562704856814458,D3:F4:55:AB:96:20,-55
BLE,1705562705035972808,DF:DF:EE:00:00:04,-36
BLE,1705562705241062989,D3:F4:55:AB:96:20,-56
BLE,1705562705430581021,D3:F4:55:AB:96:20,-58
BLE,1705562705615571828,D3:F4:55:AB:96:20,-59
BLE,1705562705805084111,D3:F4:55:AB:96:20,-56
BLE,1705562705995721544,D3:F4:55:AB:96:20,-59
BLE,1705562706034663269,DF:DF:EE:00:00:04,-39
BLE,1705562706382258458,D3:F4:55:AB:96:20,-43
BLE,1705562706491622158,DF:DF:EE:00:00:04,-34
BLE,1705562706573051806,D3:F4:55:AB:96:20,-58
BLE,1705562706629329778,DF:A6:DC:DC:2E:81,-64
BLE,1705562706629356486,DF:DF:EE:00:00:01,-64
BLE,1705562706762561130,D3:F4:55:AB:96:20,-54
BLE,1705562706952638196,D3:F4:55:AB:96:20,-56
BLE,1705562707032245412,DF:DF:EE:00:00:04,-35
BLE,1705562707491711182,DF:DF:EE:00:00:04,-35
BLE,1705562707721346839,D3:F4:55:AB:96:20,-58
BLE,1705562707909273186,D3:F4:55:AB:96:20,-60
BLE,1705562708033284797,DF:DF:EE:00:00:04,-36
BLE,1705562709440832139,D3:F4:55:AB:96:20,-59
BLE,1705562709634808190,D3:F4:55:AB:96:20,-56
BLE,1705562710025098925,D3:F4:55:AB:96:20,-59
BLE,1705562710033053809,DF:DF:EE:00:00:04,-36
BLE,1705562710215080076,D3:F4:55:AB:96:20,-56
BLE,1705562710593521483,D3:F4:55:AB:96:20,-56
BLE,1705562710788056193,D3:F4:55:AB:96:20,-59
BLE,1705562711362939949,D3:F4:55:AB:96:20,-55
BLE,1705562711496145551,DF:DF:EE:00:00:04,-36
BLE,1705562711556135469,D3:F4:55:AB:96:20,-59
BLE,1705562711748224090,D3:F4:55:AB:96:20,-58
BLE,1705562712030749726,DF:DF:EE:00:00:04,-35
BLE,1705562712130081905,D3:F4:55:AB:96:20,-57
BLE,1705562712495104550,DF:DF:EE:00:00:04,-45
BLE,1705562712509606839,D3:F4:55:AB:96:20,-54
BLE,1705562712998120268,DF:A6:DC:DC:2E:81,-63
BLE,1705562712998153268,DF:DF:EE:00:00:01,-63
BLE,1705562713035116938,DF:DF:EE:00:00:04,-23
BLE,1705562713268715079,D3:F4:55:AB:96:20,-60
BLE,1705562713270154058,D3:F4:55:AB:96:20,-55
BLE,1705562713466065123,D3:F4:55:AB:96:20,-59
BLE,1705562713498262695,DF:DF:EE:00:00:04,-35
BLE,1705562713660815121,D3:F4:55:AB:96:20,-58
BLE,1705562714039680772,DF:DF:EE:00:00:04,-35
BLE,1705562714047759112,D3:F4:55:AB:96:20,-58
BLE,1705562714235881457,D3:F4:55:AB:96:20,-58
BLE,1705562714431098573,D3:F4:55:AB:96:20,-56
BLE,1705562714493262502,DF:DF:EE:00:00:04,-39
BLE,1705562714819231048,D3:F4:55:AB:96:20,-59
BLE,1705562715034338375,DF:DF:EE:00:00:04,-39
BLE,1705562715400668083,D3:F4:55:AB:96:20,-59
BLE,1705562715494271054,DF:DF:EE:00:00:04,-34
BLE,1705562715540179635,DF:A6:DC:DC:2E:81,-63
BLE,1705562715540205677,DF:DF:EE:00:00:01,-63
BLE,1705562715597807088,D3:F4:55:AB:96:20,-58
BLE,1705562716036424203,DF:DF:EE:00:00:04,-34
BLE,1705562716037854849,DF:DF:EE:00:00:04,-34
BLE,1705562716181601298,D3:F4:55:AB:96:20,-58
BLE,1705562716368169165,D3:F4:55:AB:96:20,-59
BLE,1705562716558629225,D3:F4:55:AB:96:20,-56
BLE,1705562716753236267,D3:F4:55:AB:96:20,-59
BLE,1705562716942985880,D3:F4:55:AB:96:20,-54
BLE,1705562717040260589,DF:DF:EE:00:00:04,-39
BLE,1705562717135497119,D3:F4:55:AB:96:20,-59
BLE,1705562717331914426,D3:F4:55:AB:96:20,-58
BLE,1705562717497858969,DF:DF:EE:00:00:04,-35
BLE,1705562717525344943,D3:F4:55:AB:96:20,-56
BLE,1705562718038276601,DF:DF:EE:00:00:04,-34
BLE,1705562718098928176,D3:F4:55:AB:96:20,-56
BLE,1705562718484639728,D3:F4:55:AB:96:20,-59
BLE,1705562718500736993,DF:DF:EE:00:00:04,-38
BLE,1705562718680993286,D3:F4:55:AB:96:20,-58
BLE,1705562718876450440,D3:F4:55:AB:96:20,-56
BLE,1705562719030776277,DF:DF:EE:00:00:04,-36
BLE,1705562719066428050,D3:F4:55:AB:96:20,-58
BLE,1705562719257178231,D3:F4:55:AB:96:20,-56
BLE,1705562719447756957,D3:F4:55:AB:96:20,-58
BLE,1705562719832830809,D3:F4:55:AB:96:20,-59
BLE,1705562720023131122,D3:F4:55:AB:96:20,-56
BLE,1705562720035265195,DF:DF:EE:00:00:04,-33
BLE,1705562720490346362,DF:DF:EE:00:00:04,-35
BLE,1705562720600346844,D3:F4:55:AB:96:20,-59
BLE,1705562720982868608,D3:F4:55:AB:96:20,-60
BLE,1705562721030271668,DF:DF:EE:00:00:04,-35
BLE,1705562721172086770,D3:F4:55:AB:96:20,-55
BLE,1705562721553264846,D3:F4:55:AB:96:20,-56
BLE,1705562721747111440,D3:F4:55:AB:96:20,-57
BLE,1705562721937385962,D3:F4:55:AB:96:20,-56
BLE,1705562722031886003,DF:DF:EE:00:00:04,-38
BLE,1705562722127946105,D3:F4:55:AB:96:20,-44
BLE,1705562722325829140,D3:F4:55:AB:96:20,-58
BLE,1705562722491905514,DF:DF:EE:00:00:04,-35
BLE,1705562722514521685,D3:F4:55:AB:96:20,-59
BLE,1705562722707454001,D3:F4:55:AB:96:20,-58
BLE,1705562722895755843,D3:F4:55:AB:96:20,-58
BLE,1705562723034079205,DF:DF:EE:00:00:04,-34
BLE,1705562723286648611,D3:F4:55:AB:96:20,-55
BLE,1705562723480685244,D3:F4:55:AB:96:20,-59
BLE,1705562723491652876,DF:DF:EE:00:00:04,-37
BLE,1705562723870122617,D3:F4:55:AB:96:20,-56
BLE,1705562724038504415,DF:DF:EE:00:00:04,-38
BLE,1705562724060369930,D3:F4:55:AB:96:20,-57
BLE,1705562724448817275,D3:F4:55:AB:96:20,-59
BLE,1705562724450351128,DF:A6:DC:DC:2E:81,-65
BLE,1705562724450377544,DF:DF:EE:00:00:01,-65
BLE,1705562724495536887,DF:DF:EE:00:00:04,-34
BLE,1705562724642407665,D3:F4:55:AB:96:20,-58
BLE,1705562724832905559,D3:F4:55:AB:96:20,-58
BLE,1705562725024756224,D3:F4:55:AB:96:20,-57
BLE,1705562725034820119,DF:DF:EE:00:00:04,-34
BLE,1705562725220779995,D3:F4:55:AB:96:20,-55
BLE,1705562725498482286,DF:DF:EE:00:00:04,-39
BLE,1705562725608530142,D3:F4:55:AB:96:20,-58
BLE,1705562725795808374,D3:F4:55:AB:96:20,-60
BLE,1705562725986344975,D3:F4:55:AB:96:20,-54
BLE,1705562726038903335,DF:DF:EE:00:00:04,-38
BLE,1705562726175872674,D3:F4:55:AB:96:20,-57
BLE,1705562726361739968,D3:F4:55:AB:96:20,-59
BLE,1705562726556821253,D3:F4:55:AB:96:20,-58
BLE,1705562726744986472,D3:F4:55:AB:96:20,-59
BLE,1705562726940309337,D3:F4:55:AB:96:20,-58
BLE,1705562727500416266,DF:DF:EE:00:00:04,-39
BLE,1705562727522238698,D3:F4:55:AB:96:20,-58
BLE,1705562727707877121,D3:F4:55:AB:96:20,-59
BLE,1705562727901676383,D3:F4:55:AB:96:20,-56
BLE,1705562728028331164,DF:DF:EE:00:00:04,-35
BLE,1705562728094920278,D3:F4:55:AB:96:20,-60
BLE,1705562728271123421,DF:A6:DC:DC:2E:81,-63
BLE,1705562728271152796,DF:DF:EE:00:00:01,-63
BLE,1705562728482345179,D3:F4:55:AB:96:20,-56
BLE,1705562728496012939,DF:DF:EE:00:00:04,-36
BLE,1705562728678008581,D3:F4:55:AB:96:20,-69
BLE,1705562728874242807,D3:F4:55:AB:96:20,-58
BLE,1705562729030951318,DF:DF:EE:00:00:04,-39
BLE,1705562729069815752,D3:F4:55:AB:96:20,-56
BLE,1705562729446775389,D3:F4:55:AB:96:20,-59
BLE,1705562729489960177,DF:DF:EE:00:00:04,-34
BLE,1705562729831731910,D3:F4:55:AB:96:20,-56
BLE,1705562730026431367,D3:F4:55:AB:96:20,-59
BLE,1705562730215873484,D3:F4:55:AB:96:20,-54
BLE,1705562730986095521,D3:F4:55:AB:96:20,-57
BLE,1705562731176384751,D3:F4:55:AB:96:20,-57
BLE,1705562731493522050,DF:DF:EE:00:00:04,-34
BLE,1705562731563934609,D3:F4:55:AB:96:20,-56
BLE,1705562732028191141,DF:DF:EE:00:00:04,-35
BLE,1705562732141126997,D3:F4:55:AB:96:20,-59
BLE,1705562732332055384,D3:F4:55:AB:96:20,-58
BLE,1705562732496595822,DF:DF:EE:00:00:04,-39
BLE,1705562732523080062,D3:F4:55:AB:96:20,-59
BLE,1705562732714792896,D3:F4:55:AB:96:20,-56
BLE,1705562733035049358,DF:DF:EE:00:00:04,-39
BLE,1705562733101118772,D3:F4:55:AB:96:20,-58
BLE,1705562733480249711,D3:F4:55:AB:96:20,-55
BLE,1705562733491854917,DF:DF:EE:00:00:04,-47
BLE,1705562733674376968,D3:F4:55:AB:96:20,-57
BLE,1705562733868309103,D3:F4:55:AB:96:20,-58
BLE,1705562734031111441,DF:DF:EE:00:00:04,-34
BLE,1705562734058193630,D3:F4:55:AB:96:20,-58
BLE,1705562734495507930,DF:DF:EE:00:00:04,-37
BLE,1705562734640836898,DF:A6:DC:DC:2E:81,-64
BLE,1705562734640867106,DF:DF:EE:00:00:01,-64
BLE,1705562735010063689,D3:F4:55:AB:96:20,-56
BLE,1705562735397316177,D3:F4:55:AB:96:20,-58
BLE,1705562735779881815,D3:F4:55:AB:96:20,-58
BLE,1705562735966256977,D3:F4:55:AB:96:20,-59
BLE,1705562736163452815,D3:F4:55:AB:96:20,-58
BLE,1705562736352166151,D3:F4:55:AB:96:20,-59
BLE,1705562736500160621,DF:DF:EE:00:00:04,-51
BLE,1705562737034046015,DF:DF:EE:00:00:04,-35
BLE,1705562737124067371,D3:F4:55:AB:96:20,-56
BLE,1705562737183902834,DF:A6:DC:DC:2E:81,-64
BLE,1705562737183931958,DF:DF:EE:00:00:01,-64
BLE,1705562737319688982,D3:F4:55:AB:96:20,-57
BLE,1705562737493482410,DF:DF:EE:00:00:04,-39
BLE,1705562737509457803,D3:F4:55:AB:96:20,-54
BLE,1705562737886316899,D3:F4:55:AB:96:20,-56
BLE,1705562738031238081,DF:DF:EE:00:00:04,-39
BLE,1705562738266443074,D3:F4:55:AB:96:20,-60
BLE,1705562738491325800,DF:DF:EE:00:00:04,-35
BLE,1705562738656058527,D3:F4:55:AB:96:20,-55
BLE,1705562738846922831,D3:F4:55:AB:96:20,-59
BLE,1705562739028507396,DF:DF:EE:00:00:04,-35
BLE,1705562739036978315,D3:F4:55:AB:96:20,-56
BLE,1705562739228968811,D3:F4:55:AB:96:20,-60
BLE,1705562739496363793,DF:DF:EE:00:00:04,-39
BLE,1705562739611093832,D3:F4:55:AB:96:20,-59
BLE,1705562739723935064,DF:A6:DC:DC:2E:81,-64
BLE,1705562739723966313,DF:DF:EE:00:00:01,-64
BLE,1705562739799818542,D3:F4:55:AB:96:20,-56
BLE,1705562739989996357,D3:F4:55:AB:96:20,-58
BLE,1705562740034594541,DF:DF:EE:00:00:04,-38
BLE,1705562740183755995,D3:F4:55:AB:96:20,-56
BLE,1705562740374142015,D3:F4:55:AB:96:20,-56
BLE,1705562740561893865,D3:F4:55:AB:96:20,-57
BLE,1705562740753547783,D3:F4:55:AB:96:20,-57
BLE,1705562740944441462,D3:F4:55:AB:96:20,-59
BLE,1705562741030741164,DF:DF:EE:00:00:04,-35
BLE,1705562741136438125,D3:F4:55:AB:96:20,-58
BLE,1705562741324646594,D3:F4:55:AB:96:20,-58
BLE,1705562741495456524,DF:DF:EE:00:00:04,-39
BLE,1705562741520739197,D3:F4:55:AB:96:20,-58
BLE,1705562741901405530,D3:F4:55:AB:96:20,-41
BLE,1705562742038795447,DF:DF:EE:00:00:04,-39
BLE,1705562742094548635,D3:F4:55:AB:96:20,-56
BLE,1705562742286027889,D3:F4:55:AB:96:20,-58
BLE,1705562742493169124,DF:DF:EE:00:00:04,-35
BLE,1705562742862612037,D3:F4:55:AB:96:20,-55
BLE,1705562743034518409,DF:DF:EE:00:00:04,-35
BLE,1705562743245086927,D3:F4:55:AB:96:20,-56
BLE,1705562743497420295,DF:DF:EE:00:00:04,-40
BLE,1705562743531322635,DF:A6:DC:DC:2E:81,-73
BLE,1705562743531349593,DF:DF:EE:00:00:01,-73
BLE,1705562743632486787,D3:F4:55:AB:96:20,-57
BLE,1705562743818381789,D3:F4:55:AB:96:20,-59
BLE,1705562744011268065,D3:F4:55:AB:96:20,-56
BLE,1705562744037457058,DF:DF:EE:00:00:04,-40
BLE,1705562744208914187,D3:F4:55:AB:96:20,-56
BLE,1705562744402027043,D3:F4:55:AB:96:20,-58
BLE,1705562744497134491,DF:DF:EE:00:00:04,-34
BLE,1705562744786209825,D3:F4:55:AB:96:20,-59
BLE,1705562744983776365,D3:F4:55:AB:96:20,-58
BLE,1705562745033347810,DF:DF:EE:00:00:04,-35
BLE,1705562745169556452,D3:F4:55:AB:96:20,-59
BLE,1705562745366094757,D3:F4:55:AB:96:20,-58
BLE,1705562745554287726,D3:F4:55:AB:96:20,-58
BLE,1705562745750780907,D3:F4:55:AB:96:20,-57
BLE,1705562745935560884,D3:F4:55:AB:96:20,-57
BLE,1705562746028821234,DF:DF:EE:00:00:04,-35
BLE,1705562746129062775,D3:F4:55:AB:96:20,-56
BLE,1705562746317121204,D3:F4:55:AB:96:20,-59
BLE,1705562746515820853,D3:F4:55:AB:96:20,-58
BLE,1705562746707862974,D3:F4:55:AB:96:20,-55
BLE,1705562746898224786,D3:F4:55:AB:96:20,-57
BLE,1705562747088789970,D3:F4:55:AB:96:20,-40
BLE,1705562747475853668,D3:F4:55:AB:96:20,-50
BLE,1705562747855907219,D3:F4:55:AB:96:20,-55
BLE,1705562748029146155,DF:DF:EE:00:00:04,-19
BLE,1705562748246012373,D3:F4:55:AB:96:20,-57
BLE,1705562748492739281,DF:DF:EE:00:00:04,-39
BLE,1705562748831374268,D3:F4:55:AB:96:20,-58
BLE,1705562749017909135,D3:F4:55:AB:96:20,-59
BLE,1705562749213006587,D3:F4:55:AB:96:20,-58
BLE,1705562749398703092,D3:F4:55:AB:96:20,-59
BLE,1705562749489678434,DF:DF:EE:00:00:04,-34
BLE,1705562749590833920,D3:F4:55:AB:96:20,-56
BLE,1705562749781533435,D3:F4:55:AB:96:20,-59
BLE,1705562750031507754,DF:DF:EE:00:00:04,-35
BLE,1705562750164118657,D3:F4:55:AB:96:20,-59
BLE,1705562750356170111,D3:F4:55:AB:96:20,-56
BLE,1705562750490033204,DF:DF:EE:00:00:04,-36
BLE,1705562750546452258,D3:F4:55:AB:96:20,-60
BLE,1705562750926878469,D3:F4:55:AB:96:20,-57
BLE,1705562751029360561,DF:DF:EE:00:00:04,-35
BLE,1705562751114184451,D3:F4:55:AB:96:20,-57
BLE,1705562751492796105,DF:DF:EE:00:00:04,-34
BLE,1705562751494425248,D3:F4:55:AB:96:20,-59
BLE,1705562751885434973,D3:F4:55:AB:96:20,-55
BLE,1705562752077449469,D3:F4:55:AB:96:20,-59
BLE,1705562752267733157,D3:F4:55:AB:96:20,-56
BLE,1705562752855935886,D3:F4:55:AB:96:20,-57
BLE,1705562753030704008,DF:DF:EE:00:00:04,-36
BLE,1705562753496666099,DF:DF:EE:00:00:04,-35
BLE,1705562753624371782,D3:F4:55:AB:96:20,-58
BLE,1705562753814511056,D3:F4:55:AB:96:20,-59
BLE,1705562754005268945,D3:F4:55:AB:96:20,-57
BLE,1705562754036033914,DF:DF:EE:00:00:04,-35
BLE,1705562754386367855,D3:F4:55:AB:96:20,-58
BLE,1705562754495440976,DF:DF:EE:00:00:04,-35
BLE,1705562754766647152,D3:F4:55:AB:96:20,-40
BLE,1705562754960363291,D3:F4:55:AB:96:20,-59
BLE,1705562755035283367,DF:DF:EE:00:00:04,-36
BLE,1705562755496718191,DF:DF:EE:00:00:04,-34
BLE,1705562755545913433,D3:F4:55:AB:96:20,-60
BLE,1705562755735761502,D3:F4:55:AB:96:20,-57
BLE,1705562755924305924,D3:F4:55:AB:96:20,-59
BLE,1705562756030712583,DF:DF:EE:00:00:04,-40
BLE,1705562756120336154,D3:F4:55:AB:96:20,-58
BLE,1705562756310348637,D3:F4:55:AB:96:20,-57
BLE,1705562756496412679,DF:DF:EE:00:00:04,-35
BLE,1705562756701619274,D3:F4:55:AB:96:20,-56
BLE,1705562757036136113,DF:DF:EE:00:00:04,-36
BLE,1705562757087794652,D3:F4:55:AB:96:20,-58
BLE,1705562757281639455,D3:F4:55:AB:96:20,-56
BLE,1705562757471300611,D3:F4:55:AB:96:20,-58
BLE,1705562757493545329,DF:DF:EE:00:00:04,-38
BLE,1705562757665565866,D3:F4:55:AB:96:20,-56
BLE,1705562757861591012,D3:F4:55:AB:96:20,-43
BLE,1705562758034507037,DF:DF:EE:00:00:04,-38
BLE,1705562758439322352,D3:F4:55:AB:96:20,-58
BLE,1705562758489106210,DF:DF:EE:00:00:04,-34
BLE,1705562758635609202,D3:F4:55:AB:96:20,-56
BLE,1705562758831553933,D3:F4:55:AB:96:20,-59
BLE,1705562759023056645,D3:F4:55:AB:96:20,-58
BLE,1705562759031720602,DF:DF:EE:00:00:04,-34
BLE,1705562759209038479,D3:F4:55:AB:96:20,-65
BLE,1705562759783244495,D3:F4:55:AB:96:20,-55
BLE,1705562759977857120,D3:F4:55:AB:96:20,-59
BLE,1705562760034202633,DF:DF:EE:00:00:04,-39
BLE,1705562760170305693,D3:F4:55:AB:96:20,-58
BLE,1705562760357983003,D3:F4:55:AB:96:20,-59
BLE,1705562760934212114,D3:F4:55:AB:96:20,-57
BLE,1705562761031587446,DF:DF:EE:00:00:04,-35
BLE,1705562761124219806,D3:F4:55:AB:96:20,-59
BLE,1705562761312993516,D3:F4:55:AB:96:20,-56
BLE,1705562761491864995,DF:DF:EE:00:00:04,-35
BLE,1705562761507424102,D3:F4:55:AB:96:20,-59
BLE,1705562761897960667,D3:F4:55:AB:96:20,-55
BLE,1705562762034953006,DF:DF:EE:00:00:04,-36
BLE,1705562762088651349,D3:F4:55:AB:96:20,-59
BLE,1705562762287047461,D3:F4:55:AB:96:20,-58
BLE,1705562762477351524,D3:F4:55:AB:96:20,-58
BLE,1705562762861922758,D3:F4:55:AB:96:20,-56
BLE,1705562763033813214,DF:DF:EE:00:00:04,-25
BLE,1705562763057444078,D3:F4:55:AB:96:20,-59
BLE,1705562763249386992,D3:F4:55:AB:96:20,-56
BLE,1705562763440440628,D3:F4:55:AB:96:20,-59
BLE,1705562763635782826,D3:F4:55:AB:96:20,-57
BLE,1705562763829937332,D3:F4:55:AB:96:20,-56
BLE,1705562764023759094,D3:F4:55:AB:96:20,-59
BLE,1705562764213042672,D3:F4:55:AB:96:20,-56
BLE,1705562764406519772,D3:F4:55:AB:96:20,-60
BLE,1705562764600024871,D3:F4:55:AB:96:20,-56
BLE,1705562764789359740,D3:F4:55:AB:96:20,-59
BLE,1705562764980327793,D3:F4:55:AB:96:20,-55
BLE,1705562765030603519,DF:DF:EE:00:00:04,-46
BLE,1705562765489387924,DF:DF:EE:00:00:04,-34
BLE,1705562765746929174,D3:F4:55:AB:96:20,-55
BLE,1705562765942456911,D3:F4:55:AB:96:20,-59
BLE,1705562766035956467,DF:DF:EE:00:00:04,-36
BLE,1705562766496368806,DF:DF:EE:00:00:04,-38
BLE,1705562766707444941,D3:F4:55:AB:96:20,-59
BLE,1705562766904762652,D3:F4:55:AB:96:20,-57
BLE,1705562767035759495,DF:DF:EE:00:00:04,-39
BLE,1705562767103409302,D3:F4:55:AB:96:20,-58
BLE,1705562767289667215,D3:F4:55:AB:96:20,-59
BLE,1705562767485861484,D3:F4:55:AB:96:20,-58
BLE,1705562767678023811,D3:F4:55:AB:96:20,-56
BLE,1705562767869294443,D3:F4:55:AB:96:20,-57
BLE,1705562768037529202,DF:DF:EE:00:00:04,-36
BLE,1705562768063099122,D3:F4:55:AB:96:20,-56
BLE,1705562768498849361,DF:DF:EE:00:00:04,-39
BLE,1705562768833030746,D3:F4:55:AB:96:20,-58
BLE,1705562769020439851,D3:F4:55:AB:96:20,-57
BLE,1705562769031988058,DF:DF:EE:00:00:04,-36
BLE,1705562769210523959,D3:F4:55:AB:96:20,-56
BLE,1705562769491418245,DF:DF:EE:00:00:04,-35
BLE,1705562769601582724,D3:F4:55:AB:96:20,-58
BLE,1705562769791702832,D3:F4:55:AB:96:20,-56
BLE,1705562770036306354,DF:DF:EE:00:00:04,-34
BLE,1705562770176824475,D3:F4:55:AB:96:20,-56
BLE,1705562770371375351,D3:F4:55:AB:96:20,-58
BLE,1705562770487273622,DF:DF:EE:00:00:04,-35
BLE,1705562770941991544,D3:F4:55:AB:96:20,-55
BLE,1705562771029513228,DF:DF:EE:00:00:04,-36
BLE,1705562771333865755,D3:F4:55:AB:96:20,-58
BLE,1705562771499151766,DF:A6:DC:DC:2E:81,-64
BLE,1705562771499208140,DF:DF:EE:00:00:01,-64
BLE,1705562771521426442,D3:F4:55:AB:96:20,-60
BLE,1705562771711975001,D3:F4:55:AB:96:20,-58
BLE,1705562771903497421,D3:F4:55:AB:96:20,-48
BLE,1705562772032033633,DF:DF:EE:00:00:04,-39
BLE,1705562772295168386,D3:F4:55:AB:96:20,-56
BLE,1705562772483957929,D3:F4:55:AB:96:20,-60
BLE,1705562772496069836,DF:DF:EE:00:00:04,-36
BLE,1705562772872664687,D3:F4:55:AB:96:20,-59
BLE,1705562773035530399,DF:DF:EE:00:00:04,-37
BLE,1705562773068905246,D3:F4:55:AB:96:20,-59
BLE,1705562773262618426,D3:F4:55:AB:96:20,-56
BLE,1705562773454181054,D3:F4:55:AB:96:20,-60
BLE,1705562773496909224,DF:DF:EE:00:00:04,-35
BLE,1705562773649382546,D3:F4:55:AB:96:20,-58
BLE,1705562773838407377,D3:F4:55:AB:96:20,-57
BLE,1705562774030270292,DF:DF:EE:00:00:04,-39
BLE,1705562774037682768,DF:A6:DC:DC:2E:81,-65
BLE,1705562774037708767,DF:DF:EE:00:00:01,-65
BLE,1705562774234475111,D3:F4:55:AB:96:20,-58
BLE,1705562774430434342,D3:F4:55:AB:96:20,-56
BLE,1705562774496967123,DF:DF:EE:00:00:04,-35
BLE,1705562774621470519,D3:F4:55:AB:96:20,-59
BLE,1705562774819360971,D3:F4:55:AB:96:20,-58
BLE,1705562775005170724,D3:F4:55:AB:96:20,-59
BLE,1705562775027035406,DF:DF:EE:00:00:04,-34
BLE,1705562775384490452,D3:F4:55:AB:96:20,-56
BLE,1705562775494290812,DF:DF:EE:00:00:04,-38
BLE,1705562775769512847,D3:F4:55:AB:96:20,-59
BLE,1705562776028227747,DF:DF:EE:00:00:04,-49
BLE,1705562776151945863,D3:F4:55:AB:96:20,-59
BLE,1705562776343407534,D3:F4:55:AB:96:20,-56
BLE,1705562776488856958,DF:DF:EE:00:00:04,-33
BLE,1705562776535827524,D3:F4:55:AB:96:20,-59
BLE,1705562776733207317,D3:F4:55:AB:96:20,-58
BLE,1705562776927098370,D3:F4:55:AB:96:20,-56
BLE,1705562777030701278,DF:DF:EE:00:00:04,-35
BLE,1705562777491385988,DF:DF:EE:00:00:04,-35
BLE,1705562777697392906,D3:F4:55:AB:96:20,-57
BLE,1705562777886270031,D3:F4:55:AB:96:20,-59
BLE,1705562778029376948,DF:DF:EE:00:00:04,-36
BLE,1705562778079533009,D3:F4:55:AB:96:20,-58
BLE,1705562778460218634,D3:F4:55:AB:96:20,-55
BLE,1705562778493373693,DF:DF:EE:00:00:04,-34
BLE,1705562779226911597,D3:F4:55:AB:96:20,-58
BLE,1705562779416509128,D3:F4:55:AB:96:20,-60
BLE,1705562779497845486,DF:DF:EE:00:00:04,-39
BLE,1705562779610347931,D3:F4:55:AB:96:20,-57
BLE,1705562779798391069,D3:F4:55:AB:96:20,-59
BLE,1705562780032835197,DF:DF:EE:00:00:04,-35
BLE,1705562780368598601,D3:F4:55:AB:96:20,-56
BLE,1705562780404697867,DF:A6:DC:DC:2E:81,-65
BLE,1705562780404730492,DF:DF:EE:00:00:01,-65
BLE,1705562780559607029,D3:F4:55:AB:96:20,-58
BLE,1705562780752925673,D3:F4:55:AB:96:20,-56
BLE,1705562780944353969,D3:F4:55:AB:96:20,-59
BLE,1705562781031184747,DF:DF:EE:00:00:04,-39
BLE,1705562781330544847,D3:F4:55:AB:96:20,-59
BLE,1705562781519962173,D3:F4:55:AB:96:20,-56
BLE,1705562781906864165,D3:F4:55:AB:96:20,-58
BLE,1705562782034399183,DF:DF:EE:00:00:04,-35
BLE,1705562782484021096,D3:F4:55:AB:96:20,-56
BLE,1705562782678567055,D3:F4:55:AB:96:20,-59
BLE,1705562782949860773,DF:A6:DC:DC:2E:81,-59
BLE,1705562782949896147,DF:DF:EE:00:00:01,-59
BLE,1705562783074763121,D3:F4:55:AB:96:20,-58
BLE,1705562783266503371,D3:F4:55:AB:96:20,-60
BLE,1705562783649634418,D3:F4:55:AB:96:20,-59
BLE,1705562783843741051,D3:F4:55:AB:96:20,-56
BLE,1705562784037117986,DF:DF:EE:00:00:04,-36
BLE,1705562784221645633,D3:F4:55:AB:96:20,-58
BLE,1705562784414113456,D3:F4:55:AB:96:20,-60
BLE,1705562784605651417,D3:F4:55:AB:96:20,-58
BLE,1705562784984458819,D3:F4:55:AB:96:20,-56
BLE,1705562785027394361,DF:DF:EE:00:00:04,-35
BLE,1705562785179685769,D3:F4:55:AB:96:20,-59
BLE,1705562785494156732,DF:DF:EE:00:00:04,-34
BLE,1705562785757187861,D3:F4:55:AB:96:20,-57
BLE,1705562785949207774,D3:F4:55:AB:96:20,-56
BLE,1705562786337271458,D3:F4:55:AB:96:20,-58
BLE,1705562786490716641,DF:DF:EE:00:00:04,-35
BLE,1705562786527945557,D3:F4:55:AB:96:20,-59
BLE,1705562786717942208,D3:F4:55:AB:96:20,-55
BLE,1705562786910542446,D3:F4:55:AB:96:20,-59
BLE,1705562787031376978,DF:DF:EE:00:00:04,-36
BLE,1705562787101561248,D3:F4:55:AB:96:20,-57
BLE,1705562787485934444,D3:F4:55:AB:96:20,-57
BLE,1705562787676005552,D3:F4:55:AB:96:20,-57
BLE,1705562787867157561,D3:F4:55:AB:96:20,-57
BLE,1705562788034567248,DF:DF:EE:00:00:04,-35
BLE,1705562788037820534,DF:A6:DC:DC:2E:81,-62
BLE,1705562788037853576,DF:DF:EE:00:00:01,-62
BLE,1705562788059765590,D3:F4:55:AB:96:20,-57
BLE,1705562788448866467,D3:F4:55:AB:96:20,-56
BLE,1705562788494154308,DF:DF:EE:00:00:04,-35
BLE,1705562788643230387,D3:F4:55:AB:96:20,-57
BLE,1705562788836222578,D3:F4:55:AB:96:20,-57
BLE,1705562789021655336,D3:F4:55:AB:96:20,-59
BLE,1705562789034502649,DF:DF:EE:00:00:04,-35
BLE,1705562789220843020,D3:F4:55:AB:96:20,-58
BLE,1705562789494443870,DF:DF:EE:00:00:04,-35
BLE,1705562789987610441,D3:F4:55:AB:96:20,-58
BLE,1705562790030899227,DF:DF:EE:00:00:04,-38
BLE,1705562790179528772,D3:F4:55:AB:96:20,-56
BLE,1705562790368004694,D3:F4:55:AB:96:20,-58
BLE,1705562790492331551,DF:DF:EE:00:00:04,-35
BLE,1705562790562663111,D3:F4:55:AB:96:20,-56
BLE,1705562790757296902,D3:F4:55:AB:96:20,-57
BLE,1705562790955168396,D3:F4:55:AB:96:20,-58
BLE,1705562791029999474,DF:DF:EE:00:00:04,-35
BLE,1705562791149731689,D3:F4:55:AB:96:20,-56
BLE,1705562791339812422,D3:F4:55:AB:96:20,-60
BLE,1705562791534595336,D3:F4:55:AB:96:20,-58
BLE,1705562791722376352,D3:F4:55:AB:96:20,-59
BLE,1705562791912351836,D3:F4:55:AB:96:20,-55
BLE,1705562792032433255,DF:DF:EE:00:00:04,-39
BLE,1705562792297253858,D3:F4:55:AB:96:20,-56
BLE,1705562792488763695,DF:DF:EE:00:00:04,-34
BLE,1705562792870923215,D3:F4:55:AB:96:20,-57
BLE,1705562793061004448,D3:F4:55:AB:96:20,-40
BLE,1705562793118534152,DF:A6:DC:DC:2E:81,-64
BLE,1705562793118563818,DF:DF:EE:00:00:01,-64
BLE,1705562793489844246,DF:DF:EE:00:00:04,-36
BLE,1705562793632787915,D3:F4:55:AB:96:20,-56
BLE,1705562794019878738,D3:F4:55:AB:96:20,-59
BLE,1705562794029584888,DF:DF:EE:00:00:04,-36
BLE,1705562794212403977,D3:F4:55:AB:96:20,-52
BLE,1705562794404034312,D3:F4:55:AB:96:20,-59
BLE,1705562794600293997,D3:F4:55:AB:96:20,-58
BLE,1705562794796912259,D3:F4:55:AB:96:20,-57
BLE,1705562795034683173,DF:DF:EE:00:00:04,-30
BLE,1705562795174511179,D3:F4:55:AB:96:20,-54
BLE,1705562795492474008,DF:DF:EE:00:00:04,-36
BLE,1705562795554927765,D3:F4:55:AB:96:20,-56
BLE,1705562795661857459,DF:A6:DC:DC:2E:81,-64
BLE,1705562795661889708,DF:DF:EE:00:00:01,-64
BLE,1705562795945350498,D3:F4:55:AB:96:20,-56
BLE,1705562796330599515,D3:F4:55:AB:96:20,-58
BLE,1705562796522358223,D3:F4:55:AB:96:20,-54
BLE,1705562796715113209,D3:F4:55:AB:96:20,-57
BLE,1705562797032420006,DF:DF:EE:00:00:04,-34
BLE,1705562797499880826,D3:F4:55:AB:96:20,-57
BLE,1705562797687454011,D3:F4:55:AB:96:20,-59
BLE,1705562798203649455,DF:A6:DC:DC:2E:81,-63
BLE,1705562798203687371,DF:DF:EE:00:00:01,-63
BLE,1705562798264001160,D3:F4:55:AB:96:20,-58
BLE,1705562798451936049,D3:F4:55:AB:96:20,-60
BLE,1705562798488770971,DF:DF:EE:00:00:04,-39
BLE,1705562799034457735,DF:DF:EE:00:00:04,-34
BLE,1705562799402247381,D3:F4:55:AB:96:20,-56
BLE,1705562799489952187,DF:DF:EE:00:00:04,-35
BLE,1705562799597306957,D3:F4:55:AB:96:20,-60
BLE,1705562799786169750,D3:F4:55:AB:96:20,-55
BLE,1705562799978083914,D3:F4:55:AB:96:20,-56
BLE,1705562800028496930,DF:DF:EE:00:00:04,-35
BLE,1705562800164767280,D3:F4:55:AB:96:20,-59
BLE,1705562800358872162,D3:F4:55:AB:96:20,-57
BLE,1705562800545214949,D3:F4:55:AB:96:20,-58
BLE,1705562800740767061,D3:F4:55:AB:96:20,-57
BLE,1705562800926628397,D3:F4:55:AB:96:20,-59
BLE,1705562801031334789,DF:DF:EE:00:00:04,-38
BLE,1705562801115737810,D3:F4:55:AB:96:20,-56
BLE,1705562801311105049,D3:F4:55:AB:96:20,-59
BLE,1705562801489002001,DF:DF:EE:00:00:04,-47
BLE,1705562801503881618,D3:F4:55:AB:96:20,-58
BLE,1705562801691218932,D3:F4:55:AB:96:20,-75
BLE,1705562801886143803,D3:F4:55:AB:96:20,-57
BLE,1705562802029388009,DF:DF:EE:00:00:04,-35
BLE,1705562802074840139,D3:F4:55:AB:96:20,-59
BLE,1705562802264666250,D3:F4:55:AB:96:20,-54
BLE,1705562802457477777,D3:F4:55:AB:96:20,-43
BLE,1705562802493638042,DF:DF:EE:00:00:04,-39
BLE,1705562802653579797,D3:F4:55:AB:96:20,-58
BLE,1705562802839544673,D3:F4:55:AB:96:20,-60
BLE,1705562803033708846,DF:DF:EE:00:00:04,-39
BLE,1705562803224910854,D3:F4:55:AB:96:20,-57
BLE,1705562803606382176,D3:F4:55:AB:96:20,-58
BLE,1705562803995821173,D3:F4:55:AB:96:20,-56
BLE,1705562804191308994,D3:F4:55:AB:96:20,-57
BLE,1705562804380392908,D3:F4:55:AB:96:20,-40
BLE,1705562804381747096,D3:F4:55:AB:96:20,-50
BLE,1705562804768965417,D3:F4:55:AB:96:20,-58
BLE,1705562804957573422,D3:F4:55:AB:96:20,-59
BLE,1705562805025218395,DF:DF:EE:00:00:04,-35
BLE,1705562805149948329,D3:F4:55:AB:96:20,-41
BLE,1705562805336089078,D3:F4:55:AB:96:20,-59
BLE,1705562805532609050,D3:F4:55:AB:96:20,-57
BLE,1705562805728895651,D3:F4:55:AB:96:20,-56
BLE,1705562805922359168,D3:F4:55:AB:96:20,-59
BLE,1705562806119398883,D3:F4:55:AB:96:20,-57
BLE,1705562806314507709,D3:F4:55:AB:96:20,-56
BLE,1705562806491395884,DF:DF:EE:00:00:04,-36
BLE,1705562806504699773,D3:F4:55:AB:96:20,-58
BLE,1705562806697720505,D3:F4:55:AB:96:20,-56
BLE,1705562806890843527,D3:F4:55:AB:96:20,-59
BLE,1705562807029607132,DF:DF:EE:00:00:04,-36
BLE,1705562807085108407,D3:F4:55:AB:96:20,-58
BLE,1705562807112996251,DF:A6:DC:DC:2E:81,-65
BLE,1705562807113022126,DF:DF:EE:00:00:01,-65
BLE,1705562807274925435,D3:F4:55:AB:96:20,-59
BLE,1705562807469695891,D3:F4:55:AB:96:20,-68
BLE,1705562807490114802,DF:DF:EE:00:00:04,-45
BLE,1705562807859584799,D3:F4:55:AB:96:20,-59
BLE,1705562808253869350,D3:F4:55:AB:96:20,-42
BLE,1705562808440077306,D3:F4:55:AB:96:20,-59
BLE,1705562809033265420,DF:DF:EE:00:00:04,-36
BLE,1705562809396769045,D3:F4:55:AB:96:20,-54
BLE,1705562809492501860,DF:DF:EE:00:00:04,-45
BLE,1705562809659140934,DF:A6:DC:DC:2E:81,-63
BLE,1705562809659170058,DF:DF:EE:00:00:01,-63
BLE,1705562810159587773,D3:F4:55:AB:96:20,-56
BLE,1705562810353350535,D3:F4:55:AB:96:20,-58
BLE,1705562810488459485,DF:DF:EE:00:00:04,-34
BLE,1705562810925261626,D3:F4:55:AB:96:20,-56
BLE,1705562811032531648,DF:DF:EE:00:00:04,-35
BLE,1705562811495947443,DF:DF:EE:00:00:04,-39
BLE,1705562811691825341,D3:F4:55:AB:96:20,-54
BLE,1705562812029081682,DF:DF:EE:00:00:04,-35
BLE,1705562812202183328,DF:A6:DC:DC:2E:81,-64
BLE,1705562812202213161,DF:DF:EE:00:00:01,-64
BLE,1705562812265158911,D3:F4:55:AB:96:20,-57
BLE,1705562812463515357,D3:F4:55:AB:96:20,-42
BLE,1705562812489662601,DF:DF:EE:00:00:04,-42
BLE,1705562812846398450,D3:F4:55:AB:96:20,-58
BLE,1705562813032740570,D3:F4:55:AB:96:20,-59
BLE,1705562813225190685,D3:F4:55:AB:96:20,-58
BLE,1705562813416338527,D3:F4:55:AB:96:20,-58
BLE,1705562813496364696,DF:DF:EE:00:00:04,-39
BLE,1705562813611804640,D3:F4:55:AB:96:20,-74
BLE,1705562813798127344,D3:F4:55:AB:96:20,-60
BLE,1705562814033180256,DF:DF:EE:00:00:04,-26
BLE,1705562814379664128,D3:F4:55:AB:96:20,-59
BLE,1705562814492631400,DF:DF:EE:00:00:04,-41
BLE,1705562814742832299,DF:A6:DC:DC:2E:81,-64
BLE,1705562814742865632,DF:DF:EE:00:00:01,-64
BLE,1705562815160996503,D3:F4:55:AB:96:20,-57
BLE,1705562815745295622,D3:F4:55:AB:96:20,-57
BLE,1705562815935316606,D3:F4:55:AB:96:20,-59
BLE,1705562816025975661,DF:DF:EE:00:00:04,-34
BLE,1705562816133513470,D3:F4:55:AB:96:20,-57
BLE,1705562816319707176,D3:F4:55:AB:96:20,-58
BLE,1705562816517275508,D3:F4:55:AB:96:20,-59
BLE,1705562817283570144,D3:F4:55:AB:96:20,-60
BLE,1705562818029117790,DF:DF:EE:00:00:04,-35
BLE,1705562818247259614,D3:F4:55:AB:96:20,-58
BLE,1705562818435416167,D3:F4:55:AB:96:20,-60
BLE,1705562818493937232,DF:DF:EE:00:00:04,-52
BLE,1705562818816425245,D3:F4:55:AB:96:20,-59
BLE,1705562819025734531,DF:DF:EE:00:00:04,-35
BLE,1705562819488755374,DF:DF:EE:00:00:04,-34
BLE,1705562819787775479,D3:F4:55:AB:96:20,-56
BLE,1705562819829514746,DF:A6:DC:DC:2E:81,-64
BLE,1705562819829550121,DF:DF:EE:00:00:01,-64
BLE,1705562819982867056,D3:F4:55:AB:96:20,-59
BLE,1705562820027823484,DF:DF:EE:00:00:04,-34
BLE,1705562820178624289,D3:F4:55:AB:96:20,-58
BLE,1705562820369095766,D3:F4:55:AB:96:20,-59
BLE,1705562820762844117,D3:F4:55:AB:96:20,-58
BLE,1705562820952346650,D3:F4:55:AB:96:20,-43
BLE,1705562821027619388,DF:DF:EE:00:00:04,-36
BLE,1705562821149583029,D3:F4:55:AB:96:20,-56
BLE,1705562821340288794,D3:F4:55:AB:96:20,-56
BLE,1705562821734141435,D3:F4:55:AB:96:20,-58
BLE,1705562822311993564,D3:F4:55:AB:96:20,-55
BLE,1705562822489495189,DF:DF:EE:00:00:04,-36
BLE,1705562822702258883,D3:F4:55:AB:96:20,-58
BLE,1705562822896415765,D3:F4:55:AB:96:20,-56
BLE,1705562823032714655,DF:DF:EE:00:00:04,-35
BLE,1705562823273635815,D3:F4:55:AB:96:20,-59
BLE,1705562823464967862,D3:F4:55:AB:96:20,-58
BLE,1705562823490452491,DF:DF:EE:00:00:04,-38
BLE,1705562823840470646,D3:F4:55:AB:96:20,-56
BLE,1705562824033750415,D3:F4:55:AB:96:20,-60
BLE,1705562824419434676,D3:F4:55:AB:96:20,-59
BLE,1705562824494611248,DF:DF:EE:00:00:04,-36
BLE,1705562824616224019,D3:F4:55:AB:96:20,-58
BLE,1705562824916127570,DF:A6:DC:DC:2E:81,-65
BLE,1705562824916167902,DF:DF:EE:00:00:01,-65
BLE,1705562825025540685,DF:DF:EE:00:00:04,-34
BLE,1705562825186233096,D3:F4:55:AB:96:20,-57
BLE,1705562825187565576,D3:F4:55:AB:96:20,-55
BLE,1705562825377428062,D3:F4:55:AB:96:20,-58
BLE,1705562825487678665,DF:DF:EE:00:00:04,-39
BLE,1705562825956205845,D3:F4:55:AB:96:20,-54
BLE,1705562826028907245,DF:DF:EE:00:00:04,-39
BLE,1705562826151762123,D3:F4:55:AB:96:20,-58
BLE,1705562826340934452,D3:F4:55:AB:96:20,-55
BLE,1705562826492783116,DF:DF:EE:00:00:04,-36
BLE,1705562826536181276,D3:F4:55:AB:96:20,-59
BLE,1705562826537511840,D3:F4:55:AB:96:20,-56
BLE,1705562826929133306,D3:F4:55:AB:96:20,-58
BLE,1705562827028427402,DF:DF:EE:00:00:04,-35
BLE,1705562827124150466,D3:F4:55:AB:96:20,-54
BLE,1705562827318462846,D3:F4:55:AB:96:20,-59
BLE,1705562827457002496,DF:A6:DC:DC:2E:81,-64
BLE,1705562827457033745,DF:DF:EE:00:00:01,-64
BLE,1705562827490888961,DF:DF:EE:00:00:04,-39
BLE,1705562827513814169,D3:F4:55:AB:96:20,-58
BLE,1705562827705523169,D3:F4:55:AB:96:20,-59
BLE,1705562828035540115,DF:DF:EE:00:00:04,-39
BLE,1705562828092904196,D3:F4:55:AB:96:20,-55
BLE,1705562828473132161,D3:F4:55:AB:96:20,-56
BLE,1705562828488004819,DF:DF:EE:00:00:04,-35
BLE,1705562829032179356,DF:DF:EE:00:00:04,-35
BLE,1705562829051852611,D3:F4:55:AB:96:20,-59
BLE,1705562829448378547,D3:F4:55:AB:96:20,-58
BLE,1705562829495976270,DF:DF:EE:00:00:04,-39
BLE,1705562829638351656,D3:F4:55:AB:96:20,-61
BLE,1705562829827548735,D3:F4:55:AB:96:20,-56
BLE,1705562829997782840,DF:A6:DC:DC:2E:81,-64
BLE,1705562829997812714,DF:DF:EE:00:00:01,-64
BLE,1705562830026222926,DF:DF:EE:00:00:04,-34
BLE,1705562830210078541,D3:F4:55:AB:96:20,-56
BLE,1705562830400319230,D3:F4:55:AB:96:20,-59
BLE,1705562830493734703,DF:DF:EE:00:00:04,-35
BLE,1705562830783920937,D3:F4:55:AB:96:20,-60
BLE,1705562830973048683,D3:F4:55:AB:96:20,-55
BLE,1705562831027838802,DF:DF:EE:00:00:04,-39
BLE,1705562831356406686,D3:F4:55:AB:96:20,-55
BLE,1705562831544401241,D3:F4:55:AB:96:20,-58
BLE,1705562831740309180,D3:F4:55:AB:96:20,-56
BLE,1705562832023973759,DF:DF:EE:00:00:04,-34
BLE,1705562832328149539,D3:F4:55:AB:96:20,-58
BLE,1705562832494316787,DF:DF:EE:00:00:04,-35
BLE,1705562832520592571,D3:F4:55:AB:96:20,-59
BLE,1705562832538089483,DF:A6:DC:DC:2E:81,-64
BLE,1705562832538117941,DF:DF:EE:00:00:01,-64
BLE,1705562832715776979,D3:F4:55:AB:96:20,-58
BLE,1705562832908308218,D3:F4:55:AB:96:20,-40
BLE,1705562833100669292,D3:F4:55:AB:96:20,-43
BLE,1705562833295941783,D3:F4:55:AB:96:20,-58
BLE,1705562833487583326,DF:DF:EE:00:00:04,-34
BLE,1705562833671724771,D3:F4:55:AB:96:20,-56
BLE,1705562834033885623,DF:DF:EE:00:00:04,-36
BLE,1705562834053843124,D3:F4:55:AB:96:20,-56
BLE,1705562834627494731,D3:F4:55:AB:96:20,-58
BLE,1705562835013247782,D3:F4:55:AB:96:20,-58
BLE,1705562835024811572,DF:DF:EE:00:00:04,-36
BLE,1705562835211447938,D3:F4:55:AB:96:20,-58
BLE,1705562835398029930,D3:F4:55:AB:96:20,-59
BLE,1705562835485549156,DF:DF:EE:00:00:04,-34
BLE,1705562835591654153,D3:F4:55:AB:96:20,-42
BLE,1705562835785193544,D3:F4:55:AB:96:20,-55
BLE,1705562835976764338,D3:F4:55:AB:96:20,-57
BLE,1705562836033146226,DF:DF:EE:00:00:04,-36
BLE,1705562836164465689,D3:F4:55:AB:96:20,-59
BLE,1705562836355686239,D3:F4:55:AB:96:20,-58
BLE,1705562836496382732,DF:DF:EE:00:00:04,-39
BLE,1705562836547603903,D3:F4:55:AB:96:20,-59
BLE,1705562836737805384,D3:F4:55:AB:96:20,-58
BLE,1705562836933006001,D3:F4:55:AB:96:20,-55
BLE,1705562837034489648,DF:DF:EE:00:00:04,-40
BLE,1705562837125812277,D3:F4:55:AB:96:20,-57
BLE,1705562837311339284,D3:F4:55:AB:96:20,-59
BLE,1705562837489498857,DF:DF:EE:00:00:04,-35
BLE,1705562837507643760,D3:F4:55:AB:96:20,-58
BLE,1705562837694836785,D3:F4:55:AB:96:20,-59
BLE,1705562837886977987,D3:F4:55:AB:96:20,-57
BLE,1705562838075659407,D3:F4:55:AB:96:20,-59
BLE,1705562838494929262,DF:DF:EE:00:00:04,-38
BLE,1705562838848223327,D3:F4:55:AB:96:20,-55
BLE,1705562838905636449,DF:A6:DC:DC:2E:81,-64
BLE,1705562838905665741,DF:DF:EE:00:00:01,-64
BLE,1705562839028868114,DF:DF:EE:00:00:04,-35
BLE,1705562839230565386,D3:F4:55:AB:96:20,-56
BLE,1705562840026530214,DF:DF:EE:00:00:04,-39
BLE,1705562840383074607,D3:F4:55:AB:96:20,-52
BLE,1705562841030576681,DF:DF:EE:00:00:04,-36
BLE,1705562841145580131,D3:F4:55:AB:96:20,-45
BLE,1705562841335797279,D3:F4:55:AB:96:20,-43
BLE,1705562841488917925,DF:DF:EE:00:00:04,-39
BLE,1705562841535278166,D3:F4:55:AB:96:20,-68
BLE,1705562841721836617,D3:F4:55:AB:96:20,-59
BLE,1705562841912991668,D3:F4:55:AB:96:20,-58
BLE,1705562842104396006,D3:F4:55:AB:96:20,-57
BLE,1705562842300817813,D3:F4:55:AB:96:20,-42
BLE,1705562842488205127,DF:DF:EE:00:00:04,-35
BLE,1705562842497762613,D3:F4:55:AB:96:20,-70
BLE,1705562842689924274,D3:F4:55:AB:96:20,-58
BLE,1705562842880816161,D3:F4:55:AB:96:20,-56
BLE,1705562843028363513,DF:DF:EE:00:00:04,-35
BLE,1705562843073101404,D3:F4:55:AB:96:20,-57
BLE,1705562843455854373,D3:F4:55:AB:96:20,-44
BLE,1705562843486209723,DF:DF:EE:00:00:04,-36
BLE,1705562843647265003,D3:F4:55:AB:96:20,-57
BLE,1705562844029551771,DF:DF:EE:00:00:04,-22
BLE,1705562844220868319,D3:F4:55:AB:96:20,-59
BLE,1705562844602885258,D3:F4:55:AB:96:20,-58
BLE,1705562844791611427,D3:F4:55:AB:96:20,-56
BLE,1705562844982827851,D3:F4:55:AB:96:20,-59
BLE,1705562845273751491,DF:A6:DC:DC:2E:81,-64
BLE,1705562845273796949,DF:DF:EE:00:00:01,-64
BLE,1705562845496247960,DF:DF:EE:00:00:04,-39
BLE,1705562845748603703,D3:F4:55:AB:96:20,-60
BLE,1705562846034130713,DF:DF:EE:00:00:04,-22
BLE,1705562846332209165,D3:F4:55:AB:96:20,-59
BLE,1705562846492865910,DF:DF:EE:00:00:04,-35
BLE,1705562846526737458,D3:F4:55:AB:96:20,-58
BLE,1705562846715755915,D3:F4:55:AB:96:20,-60
BLE,1705562846909556093,D3:F4:55:AB:96:20,-57
BLE,1705562847099449454,D3:F4:55:AB:96:20,-43
BLE,1705562847290794502,D3:F4:55:AB:96:20,-58
BLE,1705562847486559902,DF:DF:EE:00:00:04,-35
BLE,1705562847861698149,D3:F4:55:AB:96:20,-65
BLE,1705562848028466721,DF:DF:EE:00:00:04,-34
BLE,1705562848251640263,D3:F4:55:AB:96:20,-54
BLE,1705562848443277515,D3:F4:55:AB:96:20,-42
BLE,1705562848489130348,DF:DF:EE:00:00:04,-39
BLE,1705562848823133860,D3:F4:55:AB:96:20,-57
BLE,1705562849785870303,D3:F4:55:AB:96:20,-56
BLE,1705562849980416596,D3:F4:55:AB:96:20,-59
BLE,1705562850024208000,DF:DF:EE:00:00:04,-35
BLE,1705562850366164480,D3:F4:55:AB:96:20,-56
BLE,1705562850491152952,DF:DF:EE:00:00:04,-38
BLE,1705562850757249995,D3:F4:55:AB:96:20,-67
BLE,1705562851030448309,DF:DF:EE:00:00:04,-39
BLE,1705562851146642367,D3:F4:55:AB:96:20,-59
BLE,1705562851484256619,DF:DF:EE:00:00:04,-35
BLE,1705562852107045969,D3:F4:55:AB:96:20,-58
BLE,1705562852491013546,D3:F4:55:AB:96:20,-58
BLE,1705562852493632924,DF:DF:EE:00:00:04,-38
BLE,1705562852678687064,D3:F4:55:AB:96:20,-59
BLE,1705562852902508555,DF:A6:DC:DC:2E:81,-65
BLE,1705562852902539930,DF:DF:EE:00:00:01,-65
BLE,1705562853029539831,DF:DF:EE:00:00:04,-38
BLE,1705562853263970918,D3:F4:55:AB:96:20,-58
BLE,1705562853453776446,D3:F4:55:AB:96:20,-56
BLE,1705562853648513361,D3:F4:55:AB:96:20,-59
BLE,1705562853838971214,D3:F4:55:AB:96:20,-57
BLE,1705562854027379971,D3:F4:55:AB:96:20,-59
BLE,1705562854029820769,DF:DF:EE:00:00:04,-35
BLE,1705562854221788557,D3:F4:55:AB:96:20,-42
BLE,1705562854414290671,D3:F4:55:AB:96:20,-58
BLE,1705562854486106876,DF:DF:EE:00:00:04,-38
BLE,1705562854607620149,D3:F4:55:AB:96:20,-57
BLE,1705562854799561479,D3:F4:55:AB:96:20,-56
BLE,1705562854993871234,D3:F4:55:AB:96:20,-59
BLE,1705562855027384371,DF:DF:EE:00:00:04,-35
BLE,1705562855191453357,D3:F4:55:AB:96:20,-58
BLE,1705562855381122304,D3:F4:55:AB:96:20,-58
BLE,1705562855489759889,DF:DF:EE:00:00:04,-35
BLE,1705562855962214761,D3:F4:55:AB:96:20,-57
BLE,1705562856152712280,D3:F4:55:AB:96:20,-56
BLE,1705562856486217383,DF:DF:EE:00:00:04,-36
BLE,1705562856536124865,D3:F4:55:AB:96:20,-56
BLE,1705562856725641397,D3:F4:55:AB:96:20,-59
BLE,1705562856921814541,D3:F4:55:AB:96:20,-58
BLE,1705562857026099440,DF:DF:EE:00:00:04,-38
BLE,1705562857112822386,D3:F4:55:AB:96:20,-59
BLE,1705562857491182836,DF:DF:EE:00:00:04,-35
BLE,1705562857508725039,D3:F4:55:AB:96:20,-58
BLE,1705562857696602345,D3:F4:55:AB:96:20,-59
BLE,1705562857890839892,D3:F4:55:AB:96:20,-58
BLE,1705562858028997089,DF:DF:EE:00:00:04,-40
BLE,1705562858077820295,D3:F4:55:AB:96:20,-59
BLE,1705562858274845594,D3:F4:55:AB:96:20,-58
BLE,1705562858469924004,D3:F4:55:AB:96:20,-56
BLE,1705562858488141113,DF:DF:EE:00:00:04,-34
BLE,1705562858853121717,D3:F4:55:AB:96:20,-56
BLE,1705562859023331655,DF:DF:EE:00:00:04,-35
BLE,1705562859043092784,D3:F4:55:AB:96:20,-65
BLE,1705562859240268414,D3:F4:55:AB:96:20,-67
BLE,1705562859427444731,D3:F4:55:AB:96:20,-59
BLE,1705562859491041721,DF:DF:EE:00:00:04,-39
BLE,1705562859616489270,D3:F4:55:AB:96:20,-55
BLE,1705562859810862232,D3:F4:55:AB:96:20,-57
BLE,1705562860004863158,D3:F4:55:AB:96:20,-58
BLE,1705562860030521076,DF:DF:EE:00:00:04,-39
BLE,1705562860196172206,D3:F4:55:AB:96:20,-60
BLE,1705562860485398079,DF:DF:EE:00:00:04,-19
BLE,1705562860777261413,D3:F4:55:AB:96:20,-57
BLE,1705562860975272739,D3:F4:55:AB:96:20,-58
BLE,1705562861025103847,DF:DF:EE:00:00:04,-35
BLE,1705562861356672061,D3:F4:55:AB:96:20,-56
BLE,1705562861486258383,DF:DF:EE:00:00:04,-35
BLE,1705562861552479836,D3:F4:55:AB:96:20,-56
BLE,1705562861941221635,D3:F4:55:AB:96:20,-58
BLE,1705562862030734831,DF:DF:EE:00:00:04,-46
BLE,1705562862330338345,D3:F4:55:AB:96:20,-59
BLE,1705562863100706671,D3:F4:55:AB:96:20,-55
BLE,1705562863288933889,D3:F4:55:AB:96:20,-57
BLE,1705562863485458362,D3:F4:55:AB:96:20,-56
BLE,1705562863486992798,DF:DF:EE:00:00:04,-36
BLE,1705562863681370968,D3:F4:55:AB:96:20,-59
BLE,1705562863872021234,D3:F4:55:AB:96:20,-56
BLE,1705562863873353715,D3:F4:55:AB:96:20,-70
BLE,1705562864033670131,DF:DF:EE:00:00:04,-39
BLE,1705562864068839077,D3:F4:55:AB:96:20,-56
BLE,1705562864259757298,D3:F4:55:AB:96:20,-42
BLE,1705562864358731690,DF:A6:DC:DC:2E:81,-70
BLE,1705562864358762940,DF:DF:EE:00:00:01,-70
BLE,1705562864452333202,D3:F4:55:AB:96:20,-56
BLE,1705562864831513932,D3:F4:55:AB:96:20,-60
BLE,1705562865028841976,D3:F4:55:AB:96:20,-59
BLE,1705562865225639361,D3:F4:55:AB:96:20,-58
BLE,1705562865416324293,D3:F4:55:AB:96:20,-59
BLE,1705562865495017981,DF:DF:EE:00:00:04,-33
BLE,1705562865613377966,D3:F4:55:AB:96:20,-59
BLE,1705562865806925565,D3:F4:55:AB:96:20,-55
BLE,1705562865996250059,D3:F4:55:AB:96:20,-57
BLE,1705562866027818141,DF:DF:EE:00:00:04,-36
BLE,1705562866191339386,D3:F4:55:AB:96:20,-58
BLE,1705562866576399738,D3:F4:55:AB:96:20,-58
BLE,1705562866769006767,D3:F4:55:AB:96:20,-56
BLE,1705562867030729832,DF:DF:EE:00:00:04,-34
BLE,1705562867346404487,D3:F4:55:AB:96:20,-59
BLE,1705562867488653624,DF:DF:EE:00:00:04,-36
BLE,1705562867732903818,D3:F4:55:AB:96:20,-59
BLE,1705562868032603538,DF:DF:EE:00:00:04,-36
BLE,1705562868121966821,D3:F4:55:AB:96:20,-56
BLE,1705562868183654464,DF:A6:DC:DC:2E:81,-49
BLE,1705562868183687922,DF:DF:EE:00:00:01,-49
BLE,1705562868313928109,D3:F4:55:AB:96:20,-58
BLE,1705562868486217143,DF:DF:EE:00:00:04,-40
BLE,1705562868509195683,D3:F4:55:AB:96:20,-58
BLE,1705562868695769467,D3:F4:55:AB:96:20,-59
BLE,1705562869083301992,D3:F4:55:AB:96:20,-59
BLE,1705562869463239544,D3:F4:55:AB:96:20,-59
BLE,1705562869487451442,DF:DF:EE:00:00:04,-30
BLE,1705562869848797473,D3:F4:55:AB:96:20,-59
BLE,1705562870033062124,DF:DF:EE:00:00:04,-36
BLE,1705562870235814464,D3:F4:55:AB:96:20,-56
BLE,1705562870489938264,DF:DF:EE:00:00:04,-38
BLE,1705562870625297627,D3:F4:55:AB:96:20,-58
BLE,1705562870722209841,DF:A6:DC:DC:2E:81,-65
BLE,1705562870722236424,DF:DF:EE:00:00:01,-65
BLE,1705562870810922883,D3:F4:55:AB:96:20,-53
BLE,1705562871001363235,D3:F4:55:AB:96:20,-55
BLE,1705562871026007210,DF:DF:EE:00:00:04,-35
BLE,1705562871191244763,D3:F4:55:AB:96:20,-58
BLE,1705562871378379372,D3:F4:55:AB:96:20,-58
BLE,1705562871486694961,DF:DF:EE:00:00:04,-36
BLE,1705562871572168759,D3:F4:55:AB:96:20,-58
BLE,1705562871760874303,D3:F4:55:AB:96:20,-59
BLE,1705562872150193135,D3:F4:55:AB:96:20,-54
BLE,1705562872344272268,D3:F4:55:AB:96:20,-59
BLE,1705562872487351310,DF:DF:EE:00:00:04,-36
BLE,1705562872537468289,D3:F4:55:AB:96:20,-58
BLE,1705562872913313192,D3:F4:55:AB:96:20,-55
BLE,1705562873032784995,DF:DF:EE:00:00:04,-39
BLE,1705562873106851291,D3:F4:55:AB:96:20,-59
BLE,1705562873268395148,DF:A6:DC:DC:2E:81,-62
BLE,1705562873268424023,DF:DF:EE:00:00:01,-62
BLE,1705562873300917258,D3:F4:55:AB:96:20,-58
BLE,1705562873489943048,D3:F4:55:AB:96:20,-59
BLE,1705562873871527909,D3:F4:55:AB:96:20,-59
BLE,1705562874029177406,DF:DF:EE:00:00:04,-35
BLE,1705562874070658885,D3:F4:55:AB:96:20,-58
BLE,1705562874454363049,D3:F4:55:AB:96:20,-58
BLE,1705562874493566228,DF:DF:EE:00:00:04,-39
BLE,1705562874645273187,D3:F4:55:AB:96:20,-54
BLE,1705562874836874897,D3:F4:55:AB:96:20,-57
BLE,1705562875028529774,DF:DF:EE:00:00:04,-34
BLE,1705562875221179469,D3:F4:55:AB:96:20,-59
BLE,1705562875420210447,D3:F4:55:AB:96:20,-47
BLE,1705562875806923900,D3:F4:55:AB:96:20,-59
BLE,1705562875808593959,DF:A6:DC:DC:2E:81,-64
BLE,1705562875808625375,DF:DF:EE:00:00:01,-64
BLE,1705562875996476432,D3:F4:55:AB:96:20,-56
BLE,1705562876384736446,D3:F4:55:AB:96:20,-58
BLE,1705562876489986706,DF:DF:EE:00:00:04,-36
BLE,1705562876575926871,D3:F4:55:AB:96:20,-59
BLE,1705562876766841092,D3:F4:55:AB:96:20,-58
BLE,1705562876959731659,D3:F4:55:AB:96:20,-59
BLE,1705562876961055806,D3:F4:55:AB:96:20,-55
BLE,1705562877024701088,DF:DF:EE:00:00:04,-34
BLE,1705562877343881275,D3:F4:55:AB:96:20,-56
BLE,1705562877487916928,DF:DF:EE:00:00:04,-39
BLE,1705562877539725715,D3:F4:55:AB:96:20,-59
BLE,1705562877734454797,D3:F4:55:AB:96:20,-56
BLE,1705562877924447406,D3:F4:55:AB:96:20,-57
BLE,1705562878027398324,DF:DF:EE:00:00:04,-38
BLE,1705562878113788525,D3:F4:55:AB:96:20,-56
BLE,1705562878305898686,D3:F4:55:AB:96:20,-59
BLE,1705562878352275469,DF:A6:DC:DC:2E:81,-64
BLE,1705562878352301094,DF:DF:EE:00:00:01,-64
BLE,1705562878484280923,DF:DF:EE:00:00:04,-35
BLE,1705562878495994544,D3:F4:55:AB:96:20,-56
BLE,1705562878690674251,D3:F4:55:AB:96:20,-59
BLE,1705562879024082939,DF:DF:EE:00:00:04,-35
BLE,1705562879264263567,D3:F4:55:AB:96:20,-58
BLE,1705562879453269066,D3:F4:55:AB:96:20,-60
BLE,1705562879486086755,DF:DF:EE:00:00:04,-36
BLE,1705562879643524129,D3:F4:55:AB:96:20,-56
BLE,1705562879837479181,D3:F4:55:AB:96:20,-59
BLE,1705562880028602398,DF:DF:EE:00:00:04,-45
BLE,1705562880488512745,DF:DF:EE:00:00:04,-35
BLE,1705562880599459754,D3:F4:55:AB:96:20,-60
BLE,1705562880982032851,D3:F4:55:AB:96:20,-59
BLE,1705562881180076135,D3:F4:55:AB:96:20,-58
BLE,1705562881369086175,D3:F4:55:AB:96:20,-44
BLE,1705562881491198606,DF:DF:EE:00:00:04,-40
BLE,1705562881561518707,D3:F4:55:AB:96:20,-58
BLE,1705562881751455858,D3:F4:55:AB:96:20,-59
BLE,1705562881942852739,D3:F4:55:AB:96:20,-58
BLE,1705562882026612269,DF:DF:EE:00:00:04,-36
BLE,1705562882138611347,D3:F4:55:AB:96:20,-56
BLE,1705562882487372686,DF:DF:EE:00:00:04,-39
BLE,1705562882521802102,D3:F4:55:AB:96:20,-56
BLE,1705562882902861804,D3:F4:55:AB:96:20,-55
BLE,1705562883279893857,D3:F4:55:AB:96:20,-59
BLE,1705562883472959463,D3:F4:55:AB:96:20,-58
BLE,1705562883483326520,DF:DF:EE:00:00:04,-34
BLE,1705562883663603313,D3:F4:55:AB:96:20,-60
BLE,1705562884030246350,DF:DF:EE:00:00:04,-35
BLE,1705562884244870850,D3:F4:55:AB:96:20,-59
BLE,1705562884441157868,D3:F4:55:AB:96:20,-58
BLE,1705562884489912700,DF:DF:EE:00:00:04,-40
BLE,1705562884626478628,D3:F4:55:AB:96:20,-44
BLE,1705562884717421471,DF:A6:DC:DC:2E:81,-64
BLE,1705562884717452720,DF:DF:EE:00:00:01,-64
BLE,1705562885011704270,D3:F4:55:AB:96:20,-59
BLE,1705562885025265739,DF:DF:EE:00:00:04,-39
BLE,1705562885202442993,D3:F4:55:AB:96:20,-56
BLE,1705562885392086107,D3:F4:55:AB:96:20,-58
BLE,1705562885486417817,DF:DF:EE:00:00:04,-34
BLE,1705562885587662635,D3:F4:55:AB:96:20,-58
BLE,1705562885774890326,D3:F4:55:AB:96:20,-59
BLE,1705562886026503830,DF:DF:EE:00:00:04,-34
BLE,1705562886343794461,D3:F4:55:AB:96:20,-56
BLE,1705562886534972469,D3:F4:55:AB:96:20,-58
BLE,1705562886730627329,D3:F4:55:AB:96:20,-56
BLE,1705562887026274525,DF:DF:EE:00:00:04,-38
BLE,1705562887116792374,D3:F4:55:AB:96:20,-64
BLE,1705562887264248310,DF:A6:DC:DC:2E:81,-63
BLE,1705562887264275977,DF:DF:EE:00:00:01,-63
BLE,1705562887492824941,DF:DF:EE:00:00:04,-36
BLE,1705562887504007903,D3:F4:55:AB:96:20,-57
BLE,1705562887695405534,D3:F4:55:AB:96:20,-56
BLE,1705562888025464562,DF:DF:EE:00:00:04,-34
BLE,1705562888076596401,D3:F4:55:AB:96:20,-56
BLE,1705562888266282681,D3:F4:55:AB:96:20,-58
BLE,1705562888459082249,D3:F4:55:AB:96:20,-56
BLE,1705562888489709428,DF:DF:EE:00:00:04,-40
BLE,1705562889029657109,DF:DF:EE:00:00:04,-39
BLE,1705562889033413013,D3:F4:55:AB:96:20,-57
BLE,1705562889229052623,D3:F4:55:AB:96:20,-55
BLE,1705562889802814312,D3:F4:55:AB:96:20,-59
BLE,1705562889806191138,DF:A6:DC:DC:2E:81,-63
BLE,1705562889806221804,DF:DF:EE:00:00:01,-63
BLE,1705562889992424218,D3:F4:55:AB:96:20,-56
BLE,1705562890383678897,D3:F4:55:AB:96:20,-58
BLE,1705562890491388246,DF:DF:EE:00:00:04,-39
BLE,1705562890570272764,D3:F4:55:AB:96:20,-59
BLE,1705562890766826736,D3:F4:55:AB:96:20,-58
BLE,1705562891032829447,DF:DF:EE:00:00:04,-39
BLE,1705562891344766989,D3:F4:55:AB:96:20,-56
BLE,1705562891490468743,DF:DF:EE:00:00:04,-35
BLE,1705562891538911079,D3:F4:55:AB:96:20,-59
BLE,1705562891736616367,D3:F4:55:AB:96:20,-57
BLE,1705562891926537478,D3:F4:55:AB:96:20,-54
BLE,1705562892025888531,DF:DF:EE:00:00:04,-38
BLE,1705562892115157732,D3:F4:55:AB:96:20,-57
BLE,1705562892304328353,D3:F4:55:AB:96:20,-59
BLE,1705562892490943886,DF:DF:EE:00:00:04,-36
BLE,1705562892498022199,D3:F4:55:AB:96:20,-58
BLE,1705562892693944555,D3:F4:55:AB:96:20,-55
BLE,1705562893086610672,D3:F4:55:AB:96:20,-59
BLE,1705562893277934679,D3:F4:55:AB:96:20,-56
BLE,1705562893486344020,DF:DF:EE:00:00:04,-39
BLE,1705562893658841467,D3:F4:55:AB:96:20,-55
BLE,1705562893854355662,D3:F4:55:AB:96:20,-59
BLE,1705562894028103674,DF:DF:EE:00:00:04,-22
BLE,1705562894049789900,D3:F4:55:AB:96:20,-58
BLE,1705562894241805146,D3:F4:55:AB:96:20,-56
BLE,1705562894433348858,D3:F4:55:AB:96:20,-58
BLE,1705562894483979121,DF:DF:EE:00:00:04,-35
BLE,1705562894628457934,D3:F4:55:AB:96:20,-55
BLE,1705562894823005352,D3:F4:55:AB:96:20,-43
BLE,1705562895027330211,DF:DF:EE:00:00:04,-20
BLE,1705562895028905229,DF:DF:EE:00:00:04,-36
BLE,1705562895204737711,D3:F4:55:AB:96:20,-59
BLE,1705562895401435181,D3:F4:55:AB:96:20,-57
BLE,1705562895491025418,DF:DF:EE:00:00:04,-40
BLE,1705562895589395403,D3:F4:55:AB:96:20,-57
BLE,1705562895780150293,D3:F4:55:AB:96:20,-58
BLE,1705562895972633490,D3:F4:55:AB:96:20,-59
BLE,1705562896173465483,DF:A6:DC:DC:2E:81,-65
BLE,1705562896173495441,DF:DF:EE:00:00:01,-65
BLE,1705562896367318703,D3:F4:55:AB:96:20,-58
BLE,1705562896493019498,DF:DF:EE:00:00:04,-35
BLE,1705562896748947814,D3:F4:55:AB:96:20,-58
BLE,1705562896935532639,D3:F4:55:AB:96:20,-59
BLE,1705562897026393400,DF:DF:EE:00:00:04,-36
BLE,1705562897135084359,D3:F4:55:AB:96:20,-58
BLE,1705562897322078137,D3:F4:55:AB:96:20,-60
BLE,1705562897484279900,DF:DF:EE:00:00:04,-36
BLE,1705562897516435724,D3:F4:55:AB:96:20,-57
BLE,1705562897701901190,D3:F4:55:AB:96:20,-59
BLE,1705562897897013517,D3:F4:55:AB:96:20,-58
BLE,1705562898031901303,DF:DF:EE:00:00:04,-40
BLE,1705562898083927337,D3:F4:55:AB:96:20,-59
BLE,1705562898468255075,D3:F4:55:AB:96:20,-60
BLE,1705562898662013755,D3:F4:55:AB:96:20,-58
BLE,1705562898714198745,DF:A6:DC:DC:2E:81,-63
BLE,1705562898714229244,DF:DF:EE:00:00:01,-63
BLE,1705562899030386308,DF:DF:EE:00:00:04,-34
BLE,1705562900004924496,D3:F4:55:AB:96:20,-55
BLE,1705562900024370129,DF:DF:EE:00:00:04,-36
BLE,1705562900387960669,D3:F4:55:AB:96:20,-56
BLE,1705562900580316952,D3:F4:55:AB:96:20,-59
BLE,1705562900769221786,D3:F4:55:AB:96:20,-55
BLE,1705562900965258682,D3:F4:55:AB:96:20,-59
BLE,1705562901024487444,DF:DF:EE:00:00:04,-39
BLE,1705562901161458617,D3:F4:55:AB:96:20,-58
BLE,1705562901347054540,D3:F4:55:AB:96:20,-60
BLE,1705562901543274517,D3:F4:55:AB:96:20,-57
BLE,1705562901929986970,D3:F4:55:AB:96:20,-59
BLE,1705562902029251650,DF:DF:EE:00:00:04,-35
BLE,1705562902129540440,D3:F4:55:AB:96:20,-58
BLE,1705562902326906775,D3:F4:55:AB:96:20,-58
BLE,1705562902537715748,DF:A6:DC:DC:2E:81,-64
BLE,1705562902537744206,DF:DF:EE:00:00:01,-64
BLE,1705562902904770779,D3:F4:55:AB:96:20,-56
BLE,1705562903025654186,DF:DF:EE:00:00:04,-39
BLE,1705562903486035192,D3:F4:55:AB:96:20,-57
BLE,1705562903678722679,D3:F4:55:AB:96:20,-56
BLE,1705562903865410502,D3:F4:55:AB:96:20,-59
BLE,1705562904022742920,DF:DF:EE:00:00:04,-34
BLE,1705562904055624775,D3:F4:55:AB:96:20,-56
BLE,1705562904247374900,D3:F4:55:AB:96:20,-59
BLE,1705562904484818485,DF:DF:EE:00:00:04,-36
BLE,1705562904486461919,DF:DF:EE:00:00:04,-37
BLE,1705562905406257321,D3:F4:55:AB:96:20,-56
BLE,1705562905492332192,DF:DF:EE:00:00:04,-36
BLE,1705562905792341658,D3:F4:55:AB:96:20,-56
BLE,1705562906177865379,D3:F4:55:AB:96:20,-58
BLE,1705562906365881392,D3:F4:55:AB:96:20,-59
BLE,1705562906483244975,DF:DF:EE:00:00:04,-35
BLE,1705562906754655065,D3:F4:55:AB:96:20,-56
BLE,1705562906943335610,D3:F4:55:AB:96:20,-57
BLE,1705562907021823801,DF:DF:EE:00:00:04,-36
BLE,1705562907715763907,D3:F4:55:AB:96:20,-57
BLE,1705562908027154290,DF:DF:EE:00:00:04,-34
BLE,1705562908103362931,D3:F4:55:AB:96:20,-54
BLE,1705562908293118710,D3:F4:55:AB:96:20,-57
BLE,1705562908486570310,D3:F4:55:AB:96:20,-56
BLE,1705562908490075009,DF:DF:EE:00:00:04,-36
BLE,1705562908680891773,D3:F4:55:AB:96:20,-59
BLE,1705562908877138041,D3:F4:55:AB:96:20,-58
BLE,1705562908909178533,DF:A6:DC:DC:2E:81,-63
BLE,1705562908909209491,DF:DF:EE:00:00:01,-63
BLE,1705562909027239272,DF:DF:EE:00:00:04,-35
BLE,1705562909069900526,D3:F4:55:AB:96:20,-55
BLE,1705562909454590509,D3:F4:55:AB:96:20,-56
BLE,1705562909491377682,DF:DF:EE:00:00:04,-34
BLE,1705562909836688655,D3:F4:55:AB:96:20,-54
BLE,1705562910026984468,DF:DF:EE:00:00:04,-39
BLE,1705562910218258350,D3:F4:55:AB:96:20,-54
BLE,1705562910410456177,D3:F4:55:AB:96:20,-58
BLE,1705562911025363433,DF:DF:EE:00:00:04,-34
BLE,1705562911372213342,D3:F4:55:AB:96:20,-58
BLE,1705562911488861185,DF:DF:EE:00:00:04,-38
BLE,1705562911563028981,D3:F4:55:AB:96:20,-59
BLE,1705562911754945228,D3:F4:55:AB:96:20,-58
BLE,1705562911943446109,D3:F4:55:AB:96:20,-58
BLE,1705562912024977672,DF:DF:EE:00:00:04,-22
BLE,1705562912137194372,D3:F4:55:AB:96:20,-58
BLE,1705562912329749277,D3:F4:55:AB:96:20,-59
BLE,1705562912523434541,D3:F4:55:AB:96:20,-42
BLE,1705562912710529567,D3:F4:55:AB:96:20,-57
BLE,1705562912905547561,D3:F4:55:AB:96:20,-57
BLE,1705562913029768128,DF:DF:EE:00:00:04,-36
BLE,1705562913287985327,D3:F4:55:AB:96:20,-58
BLE,1705562913477879812,D3:F4:55:AB:96:20,-59
BLE,1705562913488594156,DF:DF:EE:00:00:04,-39
BLE,1705562913672723101,D3:F4:55:AB:96:20,-58
BLE,1705562914023635200,DF:DF:EE:00:00:04,-36
BLE,1705562914057672747,D3:F4:55:AB:96:20,-60
BLE,1705562914252296830,D3:F4:55:AB:96:20,-41
BLE,1705562914444770361,D3:F4:55:AB:96:20,-59
BLE,1705562914492154088,DF:DF:EE:00:00:04,-36
BLE,1705562914641997698,D3:F4:55:AB:96:20,-44
BLE,1705562914840230437,D3:F4:55:AB:96:20,-58
BLE,1705562915034495817,D3:F4:55:AB:96:20,-55
BLE,1705562915228648616,D3:F4:55:AB:96:20,-59
BLE,1705562915492778979,DF:DF:EE:00:00:04,-37
BLE,1705562915813599600,D3:F4:55:AB:96:20,-60
BLE,1705562916007215031,D3:F4:55:AB:96:20,-57
BLE,1705562916026421502,DF:DF:EE:00:00:04,-36
BLE,1705562916196138823,D3:F4:55:AB:96:20,-59
BLE,1705562916488023490,DF:DF:EE:00:00:04,-33
BLE,1705562916578455882,D3:F4:55:AB:96:20,-59
BLE,1705562916773066965,D3:F4:55:AB:96:20,-58
BLE,1705562916962431375,D3:F4:55:AB:96:20,-59
BLE,1705562917029873852,DF:DF:EE:00:00:04,-36
BLE,1705562917347358021,D3:F4:55:AB:96:20,-59
BLE,1705562917482145559,DF:DF:EE:00:00:04,-34
BLE,1705562917537430296,D3:F4:55:AB:96:20,-58
BLE,1705562917724375033,D3:F4:55:AB:96:20,-59
BLE,1705562917919418193,D3:F4:55:AB:96:20,-64
BLE,1705562918024992115,DF:DF:EE:00:00:04,-36
BLE,1705562918296795366,D3:F4:55:AB:96:20,-55
BLE,1705562918487090887,DF:DF:EE:00:00:04,-38
BLE,1705562918680652028,D3:F4:55:AB:96:20,-54
BLE,1705562918874748827,D3:F4:55:AB:96:20,-59
BLE,1705562919068679004,D3:F4:55:AB:96:20,-58
BLE,1705562919099801342,DF:A6:DC:DC:2E:81,-64
BLE,1705562919099828884,DF:DF:EE:00:00:01,-64
BLE,1705562919254761670,D3:F4:55:AB:96:20,-68
BLE,1705562919454315390,D3:F4:55:AB:96:20,-57
BLE,1705562919485223773,DF:DF:EE:00:00:04,-34
BLE,1705562919647527410,D3:F4:55:AB:96:20,-56
BLE,1705562919839398450,D3:F4:55:AB:96:20,-59
BLE,1705562920020590854,DF:DF:EE:00:00:04,-36
BLE,1705562920410891214,D3:F4:55:AB:96:20,-56
BLE,1705562920482194717,DF:DF:EE:00:00:04,-36
BLE,1705562920988659261,D3:F4:55:AB:96:20,-69
BLE,1705562921186154802,D3:F4:55:AB:96:20,-57
BLE,1705562921380284184,D3:F4:55:AB:96:20,-56
BLE,1705562921489611093,DF:DF:EE:00:00:04,-36
BLE,1705562922025376626,DF:DF:EE:00:00:04,-35
BLE,1705562922142628753,D3:F4:55:AB:96:20,-53
BLE,1705562922333715346,D3:F4:55:AB:96:20,-58
BLE,1705562922484242363,DF:DF:EE:00:00:04,-35
BLE,1705562922528387553,D3:F4:55:AB:96:20,-56
BLE,1705562922913215618,D3:F4:55:AB:96:20,-54
BLE,1705562922914357184,D3:F4:55:AB:96:20,-57
BLE,1705562923021552332,DF:DF:EE:00:00:04,-36
BLE,1705562923107236710,D3:F4:55:AB:96:20,-59
BLE,1705562923503180862,D3:F4:55:AB:96:20,-58
BLE,1705562923695168275,D3:F4:55:AB:96:20,-54
BLE,1705562923885427339,D3:F4:55:AB:96:20,-58
BLE,1705562924028855501,DF:DF:EE:00:00:04,-35
BLE,1705562924075303116,D3:F4:55:AB:96:20,-57
BLE,1705562924186116753,DF:A6:DC:DC:2E:81,-64
BLE,1705562924186146086,DF:DF:EE:00:00:01,-64
BLE,1705562924467521365,D3:F4:55:AB:96:20,-58
BLE,1705562924486219134,DF:DF:EE:00:00:04,-36
BLE,1705562925024953624,DF:DF:EE:00:00:04,-36
BLE,1705562925047823500,D3:F4:55:AB:96:20,-55
BLE,1705562925236914039,D3:F4:55:AB:96:20,-56
BLE,1705562925424761471,D3:F4:55:AB:96:20,-59
BLE,1705562925616283057,D3:F4:55:AB:96:20,-58
BLE,1705562925805680009,D3:F4:55:AB:96:20,-44
BLE,1705562925998257955,D3:F4:55:AB:96:20,-57
BLE,1705562926028214977,DF:DF:EE:00:00:04,-35
BLE,1705562926188481852,D3:F4:55:AB:96:20,-57
BLE,1705562926384443124,D3:F4:55:AB:96:20,-58
BLE,1705562926487567915,DF:DF:EE:00:00:04,-36
BLE,1705562927027716760,DF:DF:EE:00:00:04,-36
BLE,1705562927153631343,D3:F4:55:AB:96:20,-59
BLE,1705562927351492421,D3:F4:55:AB:96:20,-58
BLE,1705562927487076739,DF:DF:EE:00:00:04,-39
BLE,1705562927547083948,D3:F4:55:AB:96:20,-56
BLE,1705562928027328290,DF:DF:EE:00:00:04,-39
BLE,1705562928307564086,D3:F4:55:AB:96:20,-56
BLE,1705562928491333577,DF:DF:EE:00:00:04,-36
BLE,1705562928692666646,D3:F4:55:AB:96:20,-56
BLE,1705562929021413777,DF:DF:EE:00:00:04,-35
BLE,1705562929079998965,D3:F4:55:AB:96:20,-58
BLE,1705562929266960910,D3:F4:55:AB:96:20,-59
BLE,1705562929488261772,DF:DF:EE:00:00:04,-55
BLE,1705562929649493550,D3:F4:55:AB:96:20,-59
BLE,1705562930024502007,DF:DF:EE:00:00:04,-36
BLE,1705562930229859809,D3:F4:55:AB:96:20,-58
BLE,1705562930418467063,D3:F4:55:AB:96:20,-57
BLE,1705562930813372231,D3:F4:55:AB:96:20,-58
BLE,1705562931007633111,D3:F4:55:AB:96:20,-56
BLE,1705562931484023092,DF:DF:EE:00:00:04,-36
BLE,1705562931584491129,D3:F4:55:AB:96:20,-59
BLE,1705562931780129448,D3:F4:55:AB:96:20,-56
BLE,1705562931811388326,DF:A6:DC:DC:2E:81,-64
BLE,1705562931811415409,DF:DF:EE:00:00:01,-64
BLE,1705562931969927643,D3:F4:55:AB:96:20,-57
BLE,1705562932023760693,DF:DF:EE:00:00:04,-36
BLE,1705562932166397116,D3:F4:55:AB:96:20,-58
BLE,1705562932355850525,D3:F4:55:AB:96:20,-57
BLE,1705562932550059906,D3:F4:55:AB:96:20,-58
BLE,1705562932735106212,D3:F4:55:AB:96:20,-60
BLE,1705562932924656161,D3:F4:55:AB:96:20,-45
BLE,1705562933029016016,DF:DF:EE:00:00:04,-36
BLE,1705562933300028988,D3:F4:55:AB:96:20,-59
BLE,1705562933481108310,DF:DF:EE:00:00:04,-29
BLE,1705562933482456415,DF:DF:EE:00:00:04,-36
BLE,1705562933880085251,D3:F4:55:AB:96:20,-48
BLE,1705562934031808084,DF:DF:EE:00:00:04,-39
BLE,1705562934078939440,D3:F4:55:AB:96:20,-57
BLE,1705562934271418471,D3:F4:55:AB:96:20,-56
BLE,1705562934466330383,D3:F4:55:AB:96:20,-59
BLE,1705562934487721239,DF:DF:EE:00:00:04,-34
BLE,1705562934665314362,D3:F4:55:AB:96:20,-58
BLE,1705562934859918945,D3:F4:55:AB:96:20,-55
BLE,1705562935023798184,DF:DF:EE:00:00:04,-45
BLE,1705562935247229015,D3:F4:55:AB:96:20,-57
BLE,1705562935437415996,D3:F4:55:AB:96:20,-59
BLE,1705562935629008207,D3:F4:55:AB:96:20,-58
BLE,1705562935815955069,D3:F4:55:AB:96:20,-59
BLE,1705562936029021383,DF:DF:EE:00:00:04,-36
BLE,1705562936195270005,D3:F4:55:AB:96:20,-58
BLE,1705562936381016759,D3:F4:55:AB:96:20,-59
BLE,1705562936574069574,D3:F4:55:AB:96:20,-58
BLE,1705562936762690494,D3:F4:55:AB:96:20,-44
BLE,1705562936957861528,D3:F4:55:AB:96:20,-57
BLE,1705562937025113799,DF:DF:EE:00:00:04,-39
BLE,1705562937151428835,D3:F4:55:AB:96:20,-56
BLE,1705562937347605396,D3:F4:55:AB:96:20,-59
BLE,1705562937542527391,D3:F4:55:AB:96:20,-58
BLE,1705562937730246200,D3:F4:55:AB:96:20,-60
BLE,1705562937924855367,D3:F4:55:AB:96:20,-56
BLE,1705562938024432251,DF:DF:EE:00:00:04,-35
BLE,1705562938112893004,D3:F4:55:AB:96:20,-48
BLE,1705562938177722561,DF:A6:DC:DC:2E:81,-48
BLE,1705562938177750102,DF:DF:EE:00:00:01,-48
BLE,1705562938490006806,DF:DF:EE:00:00:04,-39
BLE,1705562938886539866,D3:F4:55:AB:96:20,-55
BLE,1705562939024820728,DF:DF:EE:00:00:04,-38
BLE,1705562939078941440,D3:F4:55:AB:96:20,-59
BLE,1705562939276607229,D3:F4:55:AB:96:20,-58
BLE,1705562939486915793,DF:DF:EE:00:00:04,-34
BLE,1705562939855964170,D3:F4:55:AB:96:20,-55
BLE,1705562940044789379,D3:F4:55:AB:96:20,-59
BLE,1705562940235467520,D3:F4:55:AB:96:20,-55
BLE,1705562940429409155,D3:F4:55:AB:96:20,-58
BLE,1705562940482873335,DF:DF:EE:00:00:04,-34
BLE,1705562940623902282,D3:F4:55:AB:96:20,-57
BLE,1705562940723539956,DF:A6:DC:DC:2E:81,-62
BLE,1705562940723568873,DF:DF:EE:00:00:01,-62
BLE,1705562940818430700,D3:F4:55:AB:96:20,-54
BLE,1705562941008719138,D3:F4:55:AB:96:20,-42
BLE,1705562941022815850,DF:DF:EE:00:00:04,-36
BLE,1705562941196532446,D3:F4:55:AB:96:20,-57
BLE,1705562941576688119,D3:F4:55:AB:96:20,-58
BLE,1705562941770319676,D3:F4:55:AB:96:20,-56
BLE,1705562941958587018,D3:F4:55:AB:96:20,-57
BLE,1705562942154216462,D3:F4:55:AB:96:20,-57
BLE,1705562942343515123,D3:F4:55:AB:96:20,-43
BLE,1705562942532188001,D3:F4:55:AB:96:20,-56
BLE,1705562942914462227,D3:F4:55:AB:96:20,-56
BLE,1705562943026615178,DF:DF:EE:00:00:04,-38
BLE,1705562943263514479,DF:A6:DC:DC:2E:81,-65
BLE,1705562943263541979,DF:DF:EE:00:00:01,-65
BLE,1705562943296031297,D3:F4:55:AB:96:20,-56
BLE,1705562943489111236,DF:DF:EE:00:00:04,-34
BLE,1705562943685596418,D3:F4:55:AB:96:20,-58
BLE,1705562943878847021,D3:F4:55:AB:96:20,-53
BLE,1705562944027959933,DF:DF:EE:00:00:04,-41
BLE,1705562944455225630,D3:F4:55:AB:96:20,-60
BLE,1705562944482340943,DF:DF:EE:00:00:04,-35
BLE,1705562944646660593,D3:F4:55:AB:96:20,-56
BLE,1705562945019533664,DF:DF:EE:00:00:04,-34
BLE,1705562945032260813,D3:F4:55:AB:96:20,-57
BLE,1705562945224249559,D3:F4:55:AB:96:20,-59
BLE,1705562945482798754,DF:DF:EE:00:00:04,-39
BLE,1705562945610386938,D3:F4:55:AB:96:20,-55
BLE,1705562946023087180,DF:DF:EE:00:00:04,-38
BLE,1705562946187675367,D3:F4:55:AB:96:20,-58
BLE,1705562946387072672,D3:F4:55:AB:96:20,-57
BLE,1705562946572988966,D3:F4:55:AB:96:20,-60
BLE,1705562946769142985,D3:F4:55:AB:96:20,-56
BLE,1705562946960569865,D3:F4:55:AB:96:20,-40
BLE,1705562947029025702,DF:DF:EE:00:00:04,-35
BLE,1705562947150489975,D3:F4:55:AB:96:20,-58
BLE,1705562947337938954,D3:F4:55:AB:96:20,-58
BLE,1705562947488728676,DF:DF:EE:00:00:04,-39
BLE,1705562947718284126,D3:F4:55:AB:96:20,-59
BLE,1705562948021584668,DF:DF:EE:00:00:04,-35
BLE,1705562948097363440,D3:F4:55:AB:96:20,-58
BLE,1705562948286135109,D3:F4:55:AB:96:20,-59
BLE,1705562948480232575,D3:F4:55:AB:96:20,-58
BLE,1705562948491186040,DF:DF:EE:00:00:04,-35
BLE,1705562948667967008,D3:F4:55:AB:96:20,-59
BLE,1705562949057930039,D3:F4:55:AB:96:20,-56
BLE,1705562949442714313,D3:F4:55:AB:96:20,-42
BLE,1705562949487951612,DF:DF:EE:00:00:04,-38
BLE,1705562949632730838,DF:A6:DC:DC:2E:81,-64
BLE,1705562949632759546,DF:DF:EE:00:00:01,-64
BLE,1705562949826469351,D3:F4:55:AB:96:20,-41
BLE,1705562950022772118,D3:F4:55:AB:96:20,-56
BLE,1705562950028980236,DF:DF:EE:00:00:04,-39
BLE,1705562950216895334,D3:F4:55:AB:96:20,-59
BLE,1705562950596276436,D3:F4:55:AB:96:20,-58
BLE,1705562950794072973,D3:F4:55:AB:96:20,-58
BLE,1705562950981873072,D3:F4:55:AB:96:20,-59
BLE,1705562951172869041,D3:F4:55:AB:96:20,-56
BLE,1705562951363787929,D3:F4:55:AB:96:20,-59
BLE,1705562951483000401,DF:DF:EE:00:00:04,-36
BLE,1705562951750615172,D3:F4:55:AB:96:20,-59
BLE,1705562951943202868,D3:F4:55:AB:96:20,-58
BLE,1705562952025951205,DF:DF:EE:00:00:04,-35
BLE,1705562952133082021,D3:F4:55:AB:96:20,-57
BLE,1705562952174281171,DF:A6:DC:DC:2E:81,-65
BLE,1705562952174311087,DF:DF:EE:00:00:01,-65
BLE,1705562952325402263,D3:F4:55:AB:96:20,-57
BLE,1705562952514260846,D3:F4:55:AB:96:20,-59
BLE,1705562952711266145,D3:F4:55:AB:96:20,-58
BLE,1705562953028439528,DF:DF:EE:00:00:04,-35
BLE,1705562953480170368,D3:F4:55:AB:96:20,-59
BLE,1705562953486207113,DF:DF:EE:00:00:04,-36
BLE,1705562954020392170,DF:DF:EE:00:00:04,-34
BLE,1705562954445693687,D3:F4:55:AB:96:20,-60
BLE,1705562954485102155,DF:DF:EE:00:00:04,-39
BLE,1705562954645682692,D3:F4:55:AB:96:20,-56
BLE,1705562954719718114,DF:A6:DC:DC:2E:81,-65
BLE,1705562954719744155,DF:DF:EE:00:00:01,-65
BLE,1705562954840339400,D3:F4:55:AB:96:20,-55
BLE,1705562955021333181,DF:DF:EE:00:00:04,-36
BLE,1705562955032205690,D3:F4:55:AB:96:20,-59
BLE,1705562955220972525,D3:F4:55:AB:96:20,-56
BLE,1705562955485619381,DF:DF:EE:00:00:04,-35
BLE,1705562955603866284,D3:F4:55:AB:96:20,-54
BLE,1705562955792826158,D3:F4:55:AB:96:20,-57
BLE,1705562955980761006,D3:F4:55:AB:96:20,-59
BLE,1705562956029243216,DF:DF:EE:00:00:04,-35
BLE,1705562956363260729,D3:F4:55:AB:96:20,-58
BLE,1705562956481842086,DF:DF:EE:00:00:04,-35
BLE,1705562956558060059,D3:F4:55:AB:96:20,-58
BLE,1705562957029835733,DF:DF:EE:00:00:04,-39
BLE,1705562957127693100,D3:F4:55:AB:96:20,-57
BLE,1705562957262853382,DF:A6:DC:DC:2E:81,-63
BLE,1705562957262883923,DF:DF:EE:00:00:01,-63
BLE,1705562957488398849,DF:DF:EE:00:00:04,-35
BLE,1705562957515147543,D3:F4:55:AB:96:20,-56
BLE,1705562957704393454,D3:F4:55:AB:96:20,-58
BLE,1705562957900754512,D3:F4:55:AB:96:20,-55
BLE,1705562958026869260,DF:DF:EE:00:00:04,-34
BLE,1705562958094092406,D3:F4:55:AB:96:20,-59
BLE,1705562958290145802,D3:F4:55:AB:96:20,-58
BLE,1705562958482842496,DF:DF:EE:00:00:04,-34
BLE,1705562958874815957,D3:F4:55:AB:96:20,-58
BLE,1705562959028052517,DF:DF:EE:00:00:04,-40
BLE,1705562959060825915,D3:F4:55:AB:96:20,-59
BLE,1705562959257593759,D3:F4:55:AB:96:20,-58
BLE,1705562959449628797,D3:F4:55:AB:96:20,-50
BLE,1705562959638791168,D3:F4:55:AB:96:20,-58
BLE,1705562959802095082,DF:A6:DC:DC:2E:81,-62
BLE,1705562959802125207,DF:DF:EE:00:00:01,-62
BLE,1705562959825258995,D3:F4:55:AB:96:20,-59
BLE,1705562960017896607,D3:F4:55:AB:96:20,-58
BLE,1705562960209402111,D3:F4:55:AB:96:20,-58
BLE,1705562960404287357,D3:F4:55:AB:96:20,-58
BLE,1705562960483058085,DF:DF:EE:00:00:04,-35
BLE,1705562960793642022,D3:F4:55:AB:96:20,-59
BLE,1705562960987596907,D3:F4:55:AB:96:20,-58
BLE,1705562961019522400,DF:DF:EE:00:00:04,-34
BLE,1705562961173067582,D3:F4:55:AB:96:20,-59
BLE,1705562961368113409,D3:F4:55:AB:96:20,-58
BLE,1705562961483000445,DF:DF:EE:00:00:04,-38
BLE,1705562961561464427,D3:F4:55:AB:96:20,-59
BLE,1705562962024673600,DF:DF:EE:00:00:04,-40
BLE,1705562962140478540,D3:F4:55:AB:96:20,-59
BLE,1705562962339015608,D3:F4:55:AB:96:20,-58
BLE,1705562962343908370,DF:A6:DC:DC:2E:81,-64
BLE,1705562962343933953,DF:DF:EE:00:00:01,-64
BLE,1705562962485640056,DF:DF:EE:00:00:04,-36
BLE,1705562962524333951,D3:F4:55:AB:96:20,-60
BLE,1705562962721985949,D3:F4:55:AB:96:20,-58
BLE,1705562962917040401,D3:F4:55:AB:96:20,-56
BLE,1705562963108108494,D3:F4:55:AB:96:20,-59
BLE,1705562963298132478,D3:F4:55:AB:96:20,-56
BLE,1705562963484786636,DF:DF:EE:00:00:04,-39
BLE,1705562963488939992,D3:F4:55:AB:96:20,-57
BLE,1705562963876679347,D3:F4:55:AB:96:20,-59
BLE,1705562964025778510,DF:DF:EE:00:00:04,-39
BLE,1705562964068754176,D3:F4:55:AB:96:20,-58
BLE,1705562964260194139,D3:F4:55:AB:96:20,-60
BLE,1705562964451848182,D3:F4:55:AB:96:20,-58
BLE,1705562964488300235,DF:DF:EE:00:00:04,-34
BLE,1705562964638144970,D3:F4:55:AB:96:20,-59
BLE,1705562964834444654,D3:F4:55:AB:96:20,-57
BLE,1705562965021562430,D3:F4:55:AB:96:20,-57
BLE,1705562965218288857,D3:F4:55:AB:96:20,-58
BLE,1705562965410778597,D3:F4:55:AB:96:20,-56
BLE,1705562965480889701,DF:DF:EE:00:00:04,-36
BLE,1705562965803528254,D3:F4:55:AB:96:20,-56
BLE,1705562965992889955,D3:F4:55:AB:96:20,-59
BLE,1705562966019896354,DF:DF:EE:00:00:04,-36
BLE,1705562966184373959,D3:F4:55:AB:96:20,-58
BLE,1705562966375823464,D3:F4:55:AB:96:20,-60
BLE,1705562966483026945,DF:DF:EE:00:00:04,-35
BLE,1705562967152211661,D3:F4:55:AB:96:20,-58
BLE,1705562967339420019,D3:F4:55:AB:96:20,-60
BLE,1705562967428438098,DF:A6:DC:DC:2E:81,-64
BLE,1705562967428469056,DF:DF:EE:00:00:01,-64
BLE,1705562967484911443,DF:DF:EE:00:00:04,-36
BLE,1705562967537084308,D3:F4:55:AB:96:20,-57
BLE,1705562967724109085,D3:F4:55:AB:96:20,-59
BLE,1705562967915755087,D3:F4:55:AB:96:20,-58
BLE,1705562968027933787,DF:DF:EE:00:00:04,-39
BLE,1705562968106282813,D3:F4:55:AB:96:20,-59
BLE,1705562968298824177,D3:F4:55:AB:96:20,-65
BLE,1705562968486874772,DF:DF:EE:00:00:04,-35
BLE,1705562968487800134,D3:F4:55:AB:96:20,-57
BLE,1705562968682111722,D3:F4:55:AB:96:20,-56
BLE,1705562968867817018,D3:F4:55:AB:96:20,-59
BLE,1705562969057521090,D3:F4:55:AB:96:20,-56
BLE,1705562969441994076,D3:F4:55:AB:96:20,-56
BLE,1705562969480671305,DF:DF:EE:00:00:04,-35
BLE,1705562969638342801,D3:F4:55:AB:96:20,-57
BLE,1705562969831133036,D3:F4:55:AB:96:20,-58
BLE,1705562969971936278,DF:A6:DC:DC:2E:81,-64
BLE,1705562969971970985,DF:DF:EE:00:00:01,-64
BLE,1705562970021097437,D3:F4:55:AB:96:20,-59
BLE,1705562970024051394,DF:DF:EE:00:00:04,-35
BLE,1705562970215922059,D3:F4:55:AB:96:20,-58
BLE,1705562970402866879,D3:F4:55:AB:96:20,-60
BLE,1705562970481613649,DF:DF:EE:00:00:04,-39
BLE,1705562970598106578,D3:F4:55:AB:96:20,-56
BLE,1705562970985038945,D3:F4:55:AB:96:20,-53
BLE,1705562971573764791,D3:F4:55:AB:96:20,-57
BLE,1705562971765811662,D3:F4:55:AB:96:20,-58
BLE,1705562971953390098,D3:F4:55:AB:96:20,-59
BLE,1705562972027315397,DF:DF:EE:00:00:04,-35
BLE,1705562972487821526,DF:DF:EE:00:00:04,-40
BLE,1705562972531135187,D3:F4:55:AB:96:20,-58
BLE,1705562972725326193,D3:F4:55:AB:96:20,-45
BLE,1705562972919465617,D3:F4:55:AB:96:20,-59
BLE,1705562973020962598,DF:DF:EE:00:00:04,-35
BLE,1705562973108713279,D3:F4:55:AB:96:20,-55
BLE,1705562973300794066,D3:F4:55:AB:96:20,-60
BLE,1705562973497183915,D3:F4:55:AB:96:20,-58
BLE,1705562973879604472,D3:F4:55:AB:96:20,-58
BLE,1705562974023593626,DF:DF:EE:00:00:04,-35
BLE,1705562974073380943,D3:F4:55:AB:96:20,-56
BLE,1705562974455985081,D3:F4:55:AB:96:20,-56
BLE,1705562974485788897,DF:DF:EE:00:00:04,-38
BLE,1705562974647268797,D3:F4:55:AB:96:20,-58
BLE,1705562975021976717,DF:DF:EE:00:00:04,-35
BLE,1705562975038333645,D3:F4:55:AB:96:20,-59
BLE,1705562975427445064,D3:F4:55:AB:96:20,-56
BLE,1705562975481057783,DF:DF:EE:00:00:04,-39
BLE,1705562975620873123,D3:F4:55:AB:96:20,-59
BLE,1705562975810963564,D3:F4:55:AB:96:20,-56
BLE,1705562976002126072,D3:F4:55:AB:96:20,-59
BLE,1705562976340738476,DF:A6:DC:DC:2E:81,-63
BLE,1705562976340777351,DF:DF:EE:00:00:01,-63
BLE,1705562976388451740,D3:F4:55:AB:96:20,-59
BLE,1705562976489901180,DF:DF:EE:00:00:04,-40
BLE,1705562976579493459,D3:F4:55:AB:96:20,-58
BLE,1705562977023504286,DF:DF:EE:00:00:04,-36
BLE,1705562977158857441,D3:F4:55:AB:96:20,-56
BLE,1705562977347298697,D3:F4:55:AB:96:20,-57
BLE,1705562977538397790,D3:F4:55:AB:96:20,-50
BLE,1705562977733061248,D3:F4:55:AB:96:20,-59
BLE,1705562978021034181,DF:DF:EE:00:00:04,-38
BLE,1705562978120479191,D3:F4:55:AB:96:20,-60
BLE,1705562978311169249,D3:F4:55:AB:96:20,-57
BLE,1705562978490505013,DF:DF:EE:00:00:04,-38
BLE,1705562978498594853,D3:F4:55:AB:96:20,-59
BLE,1705562979026146465,DF:DF:EE:00:00:04,-36
BLE,1705562979268514353,D3:F4:55:AB:96:20,-59
BLE,1705562979462747484,D3:F4:55:AB:96:20,-57
BLE,1705562979482374490,DF:DF:EE:00:00:04,-38
BLE,1705562979655943046,D3:F4:55:AB:96:20,-56
BLE,1705562979845927155,D3:F4:55:AB:96:20,-58
BLE,1705562980041151063,D3:F4:55:AB:96:20,-56
BLE,1705562980235845937,D3:F4:55:AB:96:20,-57
BLE,1705562980429014167,D3:F4:55:AB:96:20,-56
BLE,1705562980614824086,D3:F4:55:AB:96:20,-59
BLE,1705562980812775371,D3:F4:55:AB:96:20,-58
BLE,1705562981019948355,DF:DF:EE:00:00:04,-34
BLE,1705562981395113352,D3:F4:55:AB:96:20,-58
BLE,1705562981481708258,DF:DF:EE:00:00:04,-35
BLE,1705562981483148154,DF:DF:EE:00:00:04,-39
BLE,1705562981583403319,D3:F4:55:AB:96:20,-59
BLE,1705562981967986345,D3:F4:55:AB:96:20,-59
BLE,1705562982021269236,DF:DF:EE:00:00:04,-35
BLE,1705562982350728482,D3:F4:55:AB:96:20,-59
BLE,1705562982485579477,DF:DF:EE:00:00:04,-34
BLE,1705562982737203813,D3:F4:55:AB:96:20,-56
BLE,1705562982931905062,D3:F4:55:AB:96:20,-44
BLE,1705562983024043554,DF:DF:EE:00:00:04,-34
BLE,1705562983131170953,D3:F4:55:AB:96:20,-56
BLE,1705562983317565656,D3:F4:55:AB:96:20,-59
BLE,1705562983486241950,DF:DF:EE:00:00:04,-23
BLE,1705562983708111095,D3:F4:55:AB:96:20,-56
BLE,1705562983899420769,D3:F4:55:AB:96:20,-59
BLE,1705562984018852405,DF:DF:EE:00:00:04,-36
BLE,1705562984095679662,D3:F4:55:AB:96:20,-57
BLE,1705562984280774967,D3:F4:55:AB:96:20,-59
BLE,1705562984477013985,D3:F4:55:AB:96:20,-57
BLE,1705562984487412042,DF:DF:EE:00:00:04,-41
BLE,1705562984667200091,D3:F4:55:AB:96:20,-59
BLE,1705562984858732428,D3:F4:55:AB:96:20,-58
BLE,1705562985026541235,DF:DF:EE:00:00:04,-35
BLE,1705562985054487578,D3:F4:55:AB:96:20,-55
BLE,1705562985244809807,D3:F4:55:AB:96:20,-56
BLE,1705562985252469029,DF:A6:DC:DC:2E:81,-64
BLE,1705562985252497112,DF:DF:EE:00:00:01,-64
BLE,1705562985433603725,D3:F4:55:AB:96:20,-59
BLE,1705562985478537113,DF:DF:EE:00:00:04,-35
BLE,1705562985627487694,D3:F4:55:AB:96:20,-57
BLE,1705562985819983642,D3:F4:55:AB:96:20,-56
BLE,1705562986018099133,DF:DF:EE:00:00:04,-30
BLE,1705562986208759441,D3:F4:55:AB:96:20,-58
BLE,1705562986487477175,DF:DF:EE:00:00:04,-34
BLE,1705562986584994880,D3:F4:55:AB:96:20,-56
BLE,1705562986774947656,D3:F4:55:AB:96:20,-58
BLE,1705562986967502311,D3:F4:55:AB:96:20,-56
BLE,1705562987353167072,D3:F4:55:AB:96:20,-55
BLE,1705562987483304469,DF:DF:EE:00:00:04,-34
BLE,1705562987731351983,D3:F4:55:AB:96:20,-56
BLE,1705562987796943694,DF:A6:DC:DC:2E:81,-63
BLE,1705562987796975111,DF:DF:EE:00:00:01,-63
BLE,1705562988020229152,DF:DF:EE:00:00:04,-35
BLE,1705562988116409919,D3:F4:55:AB:96:20,-55
BLE,1705562988483939943,DF:DF:EE:00:00:04,-39
BLE,1705562988691126968,D3:F4:55:AB:96:20,-57
BLE,1705562989023938665,DF:DF:EE:00:00:04,-22
BLE,1705562989257370850,D3:F4:55:AB:96:20,-59
BLE,1705562989449906964,D3:F4:55:AB:96:20,-57
BLE,1705562989486742969,DF:DF:EE:00:00:04,-35
BLE,1705562989636147544,D3:F4:55:AB:96:20,-59
BLE,1705562989828144499,D3:F4:55:AB:96:20,-56
BLE,1705562990016479090,D3:F4:55:AB:96:20,-58
BLE,1705562990026096867,DF:DF:EE:00:00:04,-35
BLE,1705562990207961803,D3:F4:55:AB:96:20,-54
BLE,1705562990402772675,D3:F4:55:AB:96:20,-59
BLE,1705562990483823495,DF:DF:EE:00:00:04,-38
BLE,1705562990988993641,D3:F4:55:AB:96:20,-60
BLE,1705562991021256254,DF:DF:EE:00:00:04,-35
BLE,1705562991185783776,D3:F4:55:AB:96:20,-56
BLE,1705562991373738456,D3:F4:55:AB:96:20,-59
BLE,1705562991760115164,D3:F4:55:AB:96:20,-56
BLE,1705562991954867704,D3:F4:55:AB:96:20,-58
BLE,1705562992021040741,DF:DF:EE:00:00:04,-34
BLE,1705562992145734342,D3:F4:55:AB:96:20,-54
BLE,1705562992333944311,D3:F4:55:AB:96:20,-57
BLE,1705562992482112820,DF:DF:EE:00:00:04,-36
BLE,1705562992520321806,D3:F4:55:AB:96:20,-59
BLE,1705562992910870078,D3:F4:55:AB:96:20,-56
BLE,1705562993105734991,D3:F4:55:AB:96:20,-60
BLE,1705562993296216927,D3:F4:55:AB:96:20,-58
BLE,1705562993483749280,D3:F4:55:AB:96:20,-59
BLE,1705562993680159962,D3:F4:55:AB:96:20,-56
BLE,1705562993875484535,D3:F4:55:AB:96:20,-50
BLE,1705562994021393661,DF:DF:EE:00:00:04,-38
BLE,1705562994253728529,D3:F4:55:AB:96:20,-59
BLE,1705562994444786331,D3:F4:55:AB:96:20,-57
BLE,1705562994488958521,DF:DF:EE:00:00:04,-39
BLE,1705562994632413182,D3:F4:55:AB:96:20,-59
BLE,1705562995484273656,DF:DF:EE:00:00:04,-38
BLE,1705562996022678215,DF:DF:EE:00:00:04,-39
BLE,1705562996164748397,D3:F4:55:AB:96:20,-58
BLE,1705562996356852672,D3:F4:55:AB:96:20,-58
BLE,1705562996486794024,DF:DF:EE:00:00:04,-36
BLE,1705562996546291485,D3:F4:55:AB:96:20,-57
BLE,1705562996743366815,D3:F4:55:AB:96:20,-57
BLE,1705562996928720559,D3:F4:55:AB:96:20,-44
BLE,1705562997124933194,D3:F4:55:AB:96:20,-42
BLE,1705562997481239717,DF:DF:EE:00:00:04,-39
BLE,1705562997707745553,D3:F4:55:AB:96:20,-57
BLE,1705562997898998340,D3:F4:55:AB:96:20,-58
BLE,1705562998025128828,DF:DF:EE:00:00:04,-39
BLE,1705562998483454926,D3:F4:55:AB:96:20,-57
BLE,1705562998869715073,D3:F4:55:AB:96:20,-54
BLE,1705562999021886614,DF:DF:EE:00:00:04,-35
BLE,1705562999061594517,D3:F4:55:AB:96:20,-56
BLE,1705562999245965650,DF:A6:DC:DC:2E:81,-62
BLE,1705562999245998192,DF:DF:EE:00:00:01,-62
BLE,1705562999441003968,D3:F4:55:AB:96:20,-56
BLE,1705562999630149659,D3:F4:55:AB:96:20,-57
BLE,1705562999824791940,D3:F4:55:AB:96:20,-57
BLE,1705563000204978963,D3:F4:55:AB:96:20,-58
BLE,1705563000394135154,D3:F4:55:AB:96:20,-57
BLE,1705563000583442385,D3:F4:55:AB:96:20,-54
BLE,1705563000778549202,D3:F4:55:AB:96:20,-71
BLE,1705563000973841515,D3:F4:55:AB:96:20,-58
BLE,1705563001021590224,DF:DF:EE:00:00:04,-35
BLE,1705563001480314316,DF:DF:EE:00:00:04,-36
BLE,1705563001552143313,D3:F4:55:AB:96:20,-55
BLE,1705563001746012188,D3:F4:55:AB:96:20,-58
BLE,1705563001790689856,DF:A6:DC:DC:2E:81,-53
BLE,1705563001790722522,DF:DF:EE:00:00:01,-53
BLE,1705563001936311738,D3:F4:55:AB:96:20,-58
BLE,1705563002127997144,D3:F4:55:AB:96:20,-59
BLE,1705563002319809798,D3:F4:55:AB:96:20,-58
BLE,1705563002480528678,DF:DF:EE:00:00:04,-39
BLE,1705563002509819103,D3:F4:55:AB:96:20,-57
BLE,1705563002900201358,D3:F4:55:AB:96:20,-56
BLE,1705563003020984296,DF:DF:EE:00:00:04,-39
BLE,1705563003089450840,D3:F4:55:AB:96:20,-58
BLE,1705563003282230147,D3:F4:55:AB:96:20,-56
BLE,1705563003471169716,D3:F4:55:AB:96:20,-58
BLE,1705563003489528043,DF:DF:EE:00:00:04,-23
BLE,1705563003853067673,D3:F4:55:AB:96:20,-59
BLE,1705563004044288127,D3:F4:55:AB:96:20,-54
BLE,1705563004236800313,D3:F4:55:AB:96:20,-57
BLE,1705563004481576269,DF:DF:EE:00:00:04,-38
BLE,1705563004618074946,D3:F4:55:AB:96:20,-57
BLE,1705563004811779865,D3:F4:55:AB:96:20,-56
BLE,1705563005018783849,DF:DF:EE:00:00:04,-39
BLE,1705563005195479423,D3:F4:55:AB:96:20,-55
BLE,1705563005389458963,D3:F4:55:AB:96:20,-59
BLE,1705563005478027101,DF:DF:EE:00:00:04,-42
BLE,1705563005585180854,D3:F4:55:AB:96:20,-58
BLE,1705563005771718374,D3:F4:55:AB:96:20,-58
BLE,1705563005963602693,D3:F4:55:AB:96:20,-58
BLE,1705563006026060904,DF:DF:EE:00:00:04,-35
BLE,1705563006156053922,D3:F4:55:AB:96:20,-59
BLE,1705563006349783174,D3:F4:55:AB:96:20,-56
BLE,1705563006483840718,DF:DF:EE:00:00:04,-39
BLE,1705563006729636744,D3:F4:55:AB:96:20,-58
BLE,1705563006919983585,D3:F4:55:AB:96:20,-58
BLE,1705563007017848051,DF:DF:EE:00:00:04,-36
BLE,1705563007112454105,D3:F4:55:AB:96:20,-58
BLE,1705563007303545852,D3:F4:55:AB:96:20,-59
BLE,1705563007885328767,D3:F4:55:AB:96:20,-60
BLE,1705563008022920346,DF:DF:EE:00:00:04,-35
BLE,1705563008078650275,D3:F4:55:AB:96:20,-57
BLE,1705563008154324260,DF:A6:DC:DC:2E:81,-64
BLE,1705563008154355551,DF:DF:EE:00:00:01,-64
BLE,1705563008467038975,D3:F4:55:AB:96:20,-58
BLE,1705563008481153487,DF:DF:EE:00:00:04,-35
BLE,1705563008851698019,D3:F4:55:AB:96:20,-58
BLE,1705563009026199207,DF:DF:EE:00:00:04,-38
BLE,1705563009041754781,D3:F4:55:AB:96:20,-55
BLE,1705563009230887139,D3:F4:55:AB:96:20,-58
BLE,1705563009484269558,DF:DF:EE:00:00:04,-20
BLE,1705563009617955858,D3:F4:55:AB:96:20,-59
BLE,1705563009815440891,D3:F4:55:AB:96:20,-58
BLE,1705563010007448584,D3:F4:55:AB:96:20,-56
BLE,1705563010021279141,DF:DF:EE:00:00:04,-36
BLE,1705563010201935659,D3:F4:55:AB:96:20,-59
BLE,1705563010398357665,D3:F4:55:AB:96:20,-58
BLE,1705563010480351437,DF:DF:EE:00:00:04,-36
BLE,1705563010701929592,DF:A6:DC:DC:2E:81,-63
BLE,1705563010701963758,DF:DF:EE:00:00:01,-63
BLE,1705563010981728267,D3:F4:55:AB:96:20,-57
BLE,1705563011024451712,DF:DF:EE:00:00:04,-36
BLE,1705563011026121272,DF:DF:EE:00:00:04,-36
BLE,1705563011358832625,D3:F4:55:AB:96:20,-56
BLE,1705563011480880878,DF:DF:EE:00:00:04,-38
BLE,1705563011739252894,D3:F4:55:AB:96:20,-56
BLE,1705563011930530931,D3:F4:55:AB:96:20,-57
BLE,1705563012024670199,DF:DF:EE:00:00:04,-41
BLE,1705563012124203892,D3:F4:55:AB:96:20,-54
BLE,1705563012483809744,DF:DF:EE:00:00:04,-35
BLE,1705563012508645272,D3:F4:55:AB:96:20,-56
BLE,1705563012703687756,D3:F4:55:AB:96:20,-60
BLE,1705563013017180502,DF:DF:EE:00:00:04,-34
BLE,1705563013090972930,D3:F4:55:AB:96:20,-55
BLE,1705563013481291895,DF:DF:EE:00:00:04,-39
BLE,1705563013871302239,D3:F4:55:AB:96:20,-59
BLE,1705563014020683610,DF:DF:EE:00:00:04,-24
BLE,1705563014068901354,D3:F4:55:AB:96:20,-42
BLE,1705563014255535497,D3:F4:55:AB:96:20,-59
BLE,1705563014641795310,D3:F4:55:AB:96:20,-55
BLE,1705563015021796710,DF:DF:EE:00:00:04,-34
BLE,1705563015033750085,D3:F4:55:AB:96:20,-58
BLE,1705563015223106773,D3:F4:55:AB:96:20,-59
BLE,1705563015416204951,D3:F4:55:AB:96:20,-58
BLE,1705563015479938103,DF:DF:EE:00:00:04,-35
BLE,1705563015601564195,D3:F4:55:AB:96:20,-59
BLE,1705563015986681441,D3:F4:55:AB:96:20,-57
BLE,1705563016377867227,D3:F4:55:AB:96:20,-56
BLE,1705563016482967842,DF:DF:EE:00:00:04,-34
BLE,1705563016571556063,D3:F4:55:AB:96:20,-59
BLE,1705563016769803711,D3:F4:55:AB:96:20,-58
BLE,1705563016954939083,D3:F4:55:AB:96:20,-59
BLE,1705563017019299476,DF:DF:EE:00:00:04,-34
BLE,1705563017148958290,D3:F4:55:AB:96:20,-58
BLE,1705563017335498851,D3:F4:55:AB:96:20,-59
BLE,1705563017524241214,D3:F4:55:AB:96:20,-55
BLE,1705563017717248268,D3:F4:55:AB:96:20,-59
BLE,1705563017914378223,D3:F4:55:AB:96:20,-57
BLE,1705563018026826403,DF:DF:EE:00:00:04,-38
BLE,1705563018107583858,D3:F4:55:AB:96:20,-54
BLE,1705563018483895477,DF:DF:EE:00:00:04,-35
BLE,1705563018873583700,D3:F4:55:AB:96:20,-56
BLE,1705563019025669326,DF:DF:EE:00:00:04,-36
BLE,1705563019066938833,D3:F4:55:AB:96:20,-59
BLE,1705563019258184786,D3:F4:55:AB:96:20,-56
BLE,1705563019488163032,DF:DF:EE:00:00:04,-39
BLE,1705563020020362432,DF:DF:EE:00:00:04,-36
BLE,1705563020022654566,D3:F4:55:AB:96:20,-56
BLE,1705563020405662925,D3:F4:55:AB:96:20,-56
BLE,1705563020479470727,DF:DF:EE:00:00:04,-39
BLE,1705563020596996294,D3:F4:55:AB:96:20,-59
BLE,1705563021176744738,D3:F4:55:AB:96:20,-58
BLE,1705563021369307756,D3:F4:55:AB:96:20,-50
BLE,1705563021747016356,D3:F4:55:AB:96:20,-59
BLE,1705563021942637373,D3:F4:55:AB:96:20,-57
BLE,1705563022017699283,DF:DF:EE:00:00:04,-36
BLE,1705563022131330987,D3:F4:55:AB:96:20,-44
BLE,1705563022323375930,D3:F4:55:AB:96:20,-58
BLE,1705563022481576470,DF:DF:EE:00:00:04,-39
BLE,1705563022704799352,D3:F4:55:AB:96:20,-57
BLE,1705563022896432426,D3:F4:55:AB:96:20,-58
BLE,1705563023087806961,D3:F4:55:AB:96:20,-58
BLE,1705563023284365465,D3:F4:55:AB:96:20,-54
BLE,1705563023434036958,DF:A6:DC:DC:2E:81,-65
BLE,1705563023434078291,DF:DF:EE:00:00:01,-65
BLE,1705563024048990243,D3:F4:55:AB:96:20,-54
BLE,1705563024238930132,D3:F4:55:AB:96:20,-58
BLE,1705563024433700161,D3:F4:55:AB:96:20,-55
BLE,1705563024482255441,DF:DF:EE:00:00:04,-39
BLE,1705563024820273178,D3:F4:55:AB:96:20,-57
BLE,1705563025011547840,D3:F4:55:AB:96:20,-59
BLE,1705563025021402911,DF:DF:EE:00:00:04,-37
BLE,1705563025204050026,D3:F4:55:AB:96:20,-57
BLE,1705563025396651252,D3:F4:55:AB:96:20,-56
BLE,1705563025585815902,D3:F4:55:AB:96:20,-56
BLE,1705563025782135993,D3:F4:55:AB:96:20,-56
BLE,1705563025977439557,D3:F4:55:AB:96:20,-57
BLE,1705563026023300374,DF:DF:EE:00:00:04,-34
BLE,1705563026174783508,D3:F4:55:AB:96:20,-57
BLE,1705563026484716346,DF:DF:EE:00:00:04,-39
BLE,1705563026946477271,D3:F4:55:AB:96:20,-59
BLE,1705563027018338101,DF:DF:EE:00:00:04,-36
BLE,1705563027339065287,D3:F4:55:AB:96:20,-58
BLE,1705563027482771447,DF:DF:EE:00:00:04,-35
BLE,1705563027528710138,D3:F4:55:AB:96:20,-57
BLE,1705563028018226509,DF:DF:EE:00:00:04,-39
BLE,1705563028294907895,D3:F4:55:AB:96:20,-57
BLE,1705563028487868449,DF:DF:EE:00:00:04,-39
BLE,1705563028877858419,D3:F4:55:AB:96:20,-59
BLE,1705563029023421094,DF:DF:EE:00:00:04,-36
BLE,1705563029263957942,D3:F4:55:AB:96:20,-58
BLE,1705563029482733886,DF:DF:EE:00:00:04,-38
BLE,1705563029651830649,D3:F4:55:AB:96:20,-45
BLE,1705563029782555448,DF:A6:DC:DC:2E:81,-62
BLE,1705563029782591073,DF:DF:EE:00:00:01,-62
BLE,1705563029847136505,D3:F4:55:AB:96:20,-58
BLE,1705563030017877370,DF:DF:EE:00:00:04,-39
BLE,1705563030040910465,D3:F4:55:AB:96:20,-58
BLE,1705563030226646204,D3:F4:55:AB:96:20,-59
BLE,1705563030424669479,D3:F4:55:AB:96:20,-58
BLE,1705563030478445978,DF:DF:EE:00:00:04,-35
BLE,1705563030620996404,D3:F4:55:AB:96:20,-54
BLE,1705563031010872333,D3:F4:55:AB:96:20,-41
BLE,1705563031392234964,D3:F4:55:AB:96:20,-58
BLE,1705563031484262221,DF:DF:EE:00:00:04,-39
BLE,1705563031779050645,D3:F4:55:AB:96:20,-60
BLE,1705563031970031769,D3:F4:55:AB:96:20,-55
BLE,1705563032021717838,DF:DF:EE:00:00:04,-39
BLE,1705563032350030669,D3:F4:55:AB:96:20,-55
BLE,1705563032541678034,D3:F4:55:AB:96:20,-58
BLE,1705563032727612187,D3:F4:55:AB:96:20,-59
BLE,1705563032923039082,D3:F4:55:AB:96:20,-56
BLE,1705563033024492082,DF:DF:EE:00:00:04,-34
BLE,1705563033108407118,D3:F4:55:AB:96:20,-59
BLE,1705563033305344950,D3:F4:55:AB:96:20,-57
BLE,1705563033484793819,DF:DF:EE:00:00:04,-38
BLE,1705563033492615376,D3:F4:55:AB:96:20,-59
BLE,1705563033682981634,D3:F4:55:AB:96:20,-56
BLE,1705563033872461821,D3:F4:55:AB:96:20,-59
BLE,1705563034027094952,DF:DF:EE:00:00:04,-38
BLE,1705563034067591220,D3:F4:55:AB:96:20,-72
BLE,1705563034254438652,D3:F4:55:AB:96:20,-43
BLE,1705563034451732438,D3:F4:55:AB:96:20,-41
BLE,1705563034637042391,D3:F4:55:AB:96:20,-59
BLE,1705563034835510119,D3:F4:55:AB:96:20,-58
BLE,1705563034866036484,DF:A6:DC:DC:2E:81,-65
BLE,1705563034866063275,DF:DF:EE:00:00:01,-65
BLE,1705563035019637880,DF:DF:EE:00:00:04,-34
BLE,1705563035022296176,D3:F4:55:AB:96:20,-59
BLE,1705563035411101204,D3:F4:55:AB:96:20,-56
BLE,1705563035486225363,DF:DF:EE:00:00:04,-39
BLE,1705563035602282158,D3:F4:55:AB:96:20,-58
BLE,1705563036022221751,DF:DF:EE:00:00:04,-36
BLE,1705563036183486957,D3:F4:55:AB:96:20,-57
BLE,1705563036374758202,D3:F4:55:AB:96:20,-58
BLE,1705563036484372337,DF:DF:EE:00:00:04,-34
BLE,1705563036569510440,D3:F4:55:AB:96:20,-57
BLE,1705563036763014404,D3:F4:55:AB:96:20,-56
BLE,1705563037333651850,D3:F4:55:AB:96:20,-57
BLE,1705563037484070290,DF:DF:EE:00:00:04,-35
BLE,1705563037721821303,D3:F4:55:AB:96:20,-59
BLE,1705563037915916258,D3:F4:55:AB:96:20,-58
BLE,1705563038022639268,DF:DF:EE:00:00:04,-35
BLE,1705563038103114435,D3:F4:55:AB:96:20,-58
BLE,1705563038300661634,D3:F4:55:AB:96:20,-41
BLE,1705563038481815354,DF:DF:EE:00:00:04,-39
BLE,1705563038494256472,D3:F4:55:AB:96:20,-55
BLE,1705563038687425690,D3:F4:55:AB:96:20,-59
BLE,1705563038876147096,D3:F4:55:AB:96:20,-55
BLE,1705563039266157190,D3:F4:55:AB:96:20,-67
BLE,1705563039452255757,D3:F4:55:AB:96:20,-59
BLE,1705563039479847038,DF:DF:EE:00:00:04,-35
BLE,1705563040024341933,DF:DF:EE:00:00:04,-35
BLE,1705563040030616262,D3:F4:55:AB:96:20,-57
BLE,1705563040224828132,D3:F4:55:AB:96:20,-56
BLE,1705563040415575926,D3:F4:55:AB:96:20,-57
BLE,1705563040484748210,DF:DF:EE:00:00:04,-38
BLE,1705563040603358137,D3:F4:55:AB:96:20,-43
BLE,1705563040987381689,D3:F4:55:AB:96:20,-59
BLE,1705563041020028275,DF:DF:EE:00:00:04,-45
BLE,1705563041373465380,D3:F4:55:AB:96:20,-55
BLE,1705563041478791742,DF:DF:EE:00:00:04,-34
BLE,1705563041949666248,D3:F4:55:AB:96:20,-59
BLE,1705563042147723565,D3:F4:55:AB:96:20,-56
BLE,1705563042486267211,DF:DF:EE:00:00:04,-39
BLE,1705563043017481208,DF:DF:EE:00:00:04,-36
BLE,1705563043481613558,DF:DF:EE:00:00:04,-35
BLE,1705563043702519723,D3:F4:55:AB:96:20,-57
BLE,1705563043771616257,DF:A6:DC:DC:2E:81,-58
BLE,1705563043771644715,DF:DF:EE:00:00:01,-58
BLE,1705563043897435500,D3:F4:55:AB:96:20,-56
BLE,1705563044022793749,DF:DF:EE:00:00:04,-36
BLE,1705563044092786688,D3:F4:55:AB:96:20,-59
BLE,1705563044289804769,D3:F4:55:AB:96:20,-60
BLE,1705563044480816726,D3:F4:55:AB:96:20,-56
BLE,1705563044486424648,DF:DF:EE:00:00:04,-39
BLE,1705563044867791571,D3:F4:55:AB:96:20,-57
BLE,1705563045025927237,DF:DF:EE:00:00:04,-38
BLE,1705563045062842680,D3:F4:55:AB:96:20,-40
BLE,1705563045447902968,D3:F4:55:AB:96:20,-56
BLE,1705563045482863521,DF:DF:EE:00:00:04,-35
BLE,1705563045641408432,D3:F4:55:AB:96:20,-58
BLE,1705563045836715287,D3:F4:55:AB:96:20,-41
BLE,1705563046023603718,DF:DF:EE:00:00:04,-34
BLE,1705563046319930038,DF:A6:DC:DC:2E:81,-65
BLE,1705563046319967704,DF:DF:EE:00:00:01,-65
BLE,1705563046483087134,DF:DF:EE:00:00:04,-35
BLE,1705563046597776948,D3:F4:55:AB:96:20,-54
BLE,1705563046788531950,D3:F4:55:AB:96:20,-58
BLE,1705563046979899819,D3:F4:55:AB:96:20,-54
BLE,1705563047174877554,D3:F4:55:AB:96:20,-59
BLE,1705563047367492489,D3:F4:55:AB:96:20,-56
BLE,1705563047484754684,DF:DF:EE:00:00:04,-35
BLE,1705563047557233880,D3:F4:55:AB:96:20,-53
BLE,1705563047750021604,D3:F4:55:AB:96:20,-58
BLE,1705563047937367695,D3:F4:55:AB:96:20,-59
BLE,1705563048017645699,DF:DF:EE:00:00:04,-39
BLE,1705563048135736758,D3:F4:55:AB:96:20,-56
BLE,1705563048329454594,D3:F4:55:AB:96:20,-55
BLE,1705563048480461526,DF:DF:EE:00:00:04,-34
BLE,1705563049025429414,DF:DF:EE:00:00:04,-36
BLE,1705563049092475269,D3:F4:55:AB:96:20,-54
BLE,1705563049282654446,D3:F4:55:AB:96:20,-58
BLE,1705563049477553599,DF:DF:EE:00:00:04,-36
BLE,1705563049855795107,D3:F4:55:AB:96:20,-55
BLE,1705563050024670081,DF:DF:EE:00:00:04,-40
BLE,1705563050245451831,D3:F4:55:AB:96:20,-58
BLE,1705563050437582314,D3:F4:55:AB:96:20,-59
BLE,1705563050632067597,D3:F4:55:AB:96:20,-57
BLE,1705563050822387647,D3:F4:55:AB:96:20,-55
BLE,1705563051205893457,D3:F4:55:AB:96:20,-56
BLE,1705563051396615626,D3:F4:55:AB:96:20,-57
BLE,1705563051482797298,DF:DF:EE:00:00:04,-38
BLE,1705563051583643806,D3:F4:55:AB:96:20,-57
BLE,1705563052024215735,DF:DF:EE:00:00:04,-38
BLE,1705563052160780786,D3:F4:55:AB:96:20,-58
BLE,1705563052479630332,DF:DF:EE:00:00:04,-35
BLE,1705563052545536537,D3:F4:55:AB:96:20,-57
BLE,1705563052731091028,D3:F4:55:AB:96:20,-59
BLE,1705563052927069207,D3:F4:55:AB:96:20,-58
BLE,1705563053021241725,DF:DF:EE:00:00:04,-35
BLE,1705563053307706891,D3:F4:55:AB:96:20,-57
BLE,1705563053487278424,DF:DF:EE:00:00:04,-38
BLE,1705563054020600808,DF:DF:EE:00:00:04,-36
BLE,1705563054274949297,D3:F4:55:AB:96:20,-57
BLE,1705563054460229459,D3:F4:55:AB:96:20,-65
BLE,1705563054656828046,D3:F4:55:AB:96:20,-57
BLE,1705563054843283567,D3:F4:55:AB:96:20,-58
BLE,1705563055018618826,DF:DF:EE:00:00:04,-38
BLE,1705563055038837918,D3:F4:55:AB:96:20,-41
BLE,1705563055225154191,D3:F4:55:AB:96:20,-59
BLE,1705563055418329243,D3:F4:55:AB:96:20,-55
BLE,1705563055483960784,DF:DF:EE:00:00:04,-34
BLE,1705563055611860039,D3:F4:55:AB:96:20,-43
BLE,1705563056002603082,D3:F4:55:AB:96:20,-56
BLE,1705563056194596775,D3:F4:55:AB:96:20,-59
BLE,1705563056392119432,D3:F4:55:AB:96:20,-57
BLE,1705563056482913206,DF:DF:EE:00:00:04,-38
BLE,1705563056578919615,D3:F4:55:AB:96:20,-57
BLE,1705563056961604728,D3:F4:55:AB:96:20,-57
BLE,1705563057017748902,DF:DF:EE:00:00:04,-39
BLE,1705563057156651045,D3:F4:55:AB:96:20,-58
BLE,1705563057352815555,D3:F4:55:AB:96:20,-55
BLE,1705563057731366934,D3:F4:55:AB:96:20,-55
BLE,1705563058024334300,DF:DF:EE:00:00:04,-36
BLE,1705563058115640442,D3:F4:55:AB:96:20,-55
BLE,1705563058482502192,DF:DF:EE:00:00:04,-38
BLE,1705563058688076404,D3:F4:55:AB:96:20,-57
BLE,1705563058874721797,D3:F4:55:AB:96:20,-58
BLE,1705563059024728077,DF:DF:EE:00:00:04,-39
BLE,1705563059052901392,DF:A6:DC:DC:2E:81,-65
BLE,1705563059052931266,DF:DF:EE:00:00:01,-65
BLE,1705563059065316635,D3:F4:55:AB:96:20,-58
BLE,1705563059259755711,D3:F4:55:AB:96:20,-56
BLE,1705563059840398850,D3:F4:55:AB:96:20,-59
BLE,1705563060223151004,D3:F4:55:AB:96:20,-57
BLE,1705563060486570158,DF:DF:EE:00:00:04,-39
BLE,1705563060612232611,D3:F4:55:AB:96:20,-55
BLE,1705563060804778796,D3:F4:55:AB:96:20,-58
BLE,1705563061019479589,DF:DF:EE:00:00:04,-36
BLE,1705563061394049732,D3:F4:55:AB:96:20,-57
BLE,1705563061483945393,DF:DF:EE:00:00:04,-34
BLE,1705563061777919454,D3:F4:55:AB:96:20,-58
BLE,1705563062016630244,DF:DF:EE:00:00:04,-40
BLE,1705563062359835284,D3:F4:55:AB:96:20,-58
BLE,1705563062555065682,D3:F4:55:AB:96:20,-57
BLE,1705563062743166096,D3:F4:55:AB:96:20,-58
BLE,1705563062936170067,D3:F4:55:AB:96:20,-56
BLE,1705563063020235434,DF:DF:EE:00:00:04,-35
BLE,1705563063125676170,D3:F4:55:AB:96:20,-43
BLE,1705563063315725307,D3:F4:55:AB:96:20,-55
BLE,1705563063513640626,D3:F4:55:AB:96:20,-56
BLE,1705563063703870010,D3:F4:55:AB:96:20,-58
BLE,1705563063891982133,D3:F4:55:AB:96:20,-58
BLE,1705563064019454769,DF:DF:EE:00:00:04,-38
BLE,1705563064136812796,DF:A6:DC:DC:2E:81,-65
BLE,1705563064136840296,DF:DF:EE:00:00:01,-65
BLE,1705563064285702550,D3:F4:55:AB:96:20,-57
BLE,1705563064476936962,DF:DF:EE:00:00:04,-36
BLE,1705563064670336219,D3:F4:55:AB:96:20,-58
BLE,1705563064859000792,D3:F4:55:AB:96:20,-58
BLE,1705563065248686099,D3:F4:55:AB:96:20,-54
BLE,1705563065477404988,DF:DF:EE:00:00:04,-23
BLE,1705563066008522611,D3:F4:55:AB:96:20,-43
BLE,1705563066200656052,D3:F4:55:AB:96:20,-56
BLE,1705563066394766132,D3:F4:55:AB:96:20,-56
BLE,1705563066780233248,D3:F4:55:AB:96:20,-56
BLE,1705563067014836429,DF:DF:EE:00:00:04,-47
BLE,1705563067156058248,D3:F4:55:AB:96:20,-58
BLE,1705563067157385688,D3:F4:55:AB:96:20,-56
BLE,1705563067352430297,D3:F4:55:AB:96:20,-56
BLE,1705563067480154388,DF:DF:EE:00:00:04,-33
BLE,1705563067543040093,D3:F4:55:AB:96:20,-56
BLE,1705563067732474905,D3:F4:55:AB:96:20,-58
BLE,1705563067924141228,D3:F4:55:AB:96:20,-56
BLE,1705563068016234942,DF:DF:EE:00:00:04,-35
BLE,1705563068480611705,DF:DF:EE:00:00:04,-34
BLE,1705563068498152502,D3:F4:55:AB:96:20,-56
BLE,1705563069017466290,DF:DF:EE:00:00:04,-36
BLE,1705563069071559951,D3:F4:55:AB:96:20,-56
BLE,1705563069222676382,DF:A6:DC:DC:2E:81,-65
BLE,1705563069222706715,DF:DF:EE:00:00:01,-65
BLE,1705563069261081845,D3:F4:55:AB:96:20,-57
BLE,1705563069450863028,D3:F4:55:AB:96:20,-58
BLE,1705563069478663265,DF:DF:EE:00:00:04,-36
BLE,1705563069646224007,D3:F4:55:AB:96:20,-57
BLE,1705563069836861011,D3:F4:55:AB:96:20,-56
BLE,1705563070024212228,DF:DF:EE:00:00:04,-39
BLE,1705563070028294337,D3:F4:55:AB:96:20,-58
BLE,1705563070217802732,D3:F4:55:AB:96:20,-55
BLE,1705563070410183628,D3:F4:55:AB:96:20,-57
BLE,1705563070483712726,DF:DF:EE:00:00:04,-35
BLE,1705563070600470303,D3:F4:55:AB:96:20,-55
BLE,1705563070790017073,D3:F4:55:AB:96:20,-57
BLE,1705563071017296731,DF:DF:EE:00:00:04,-22
BLE,1705563071175049903,D3:F4:55:AB:96:20,-57
BLE,1705563071478541247,DF:DF:EE:00:00:04,-36
BLE,1705563071751539892,D3:F4:55:AB:96:20,-56
BLE,1705563071765009620,DF:A6:DC:DC:2E:81,-64
BLE,1705563071765037453,DF:DF:EE:00:00:01,-64
BLE,1705563072018187459,DF:DF:EE:00:00:04,-37
BLE,1705563072515524721,D3:F4:55:AB:96:20,-56
BLE,1705563072904999739,D3:F4:55:AB:96:20,-58
BLE,1705563073018245740,DF:DF:EE:00:00:04,-38
BLE,1705563073091287637,D3:F4:55:AB:96:20,-57
BLE,1705563073288079263,D3:F4:55:AB:96:20,-57
BLE,1705563073473483840,D3:F4:55:AB:96:20,-58
BLE,1705563073475140525,DF:DF:EE:00:00:04,-36
BLE,1705563073662434451,D3:F4:55:AB:96:20,-56
BLE,1705563073856883943,D3:F4:55:AB:96:20,-58
BLE,1705563074015619059,DF:DF:EE:00:00:04,-35
BLE,1705563074250552277,D3:F4:55:AB:96:20,-56
BLE,1705563074480784437,DF:DF:EE:00:00:04,-39
BLE,1705563074635525775,D3:F4:55:AB:96:20,-57
BLE,1705563074828746826,D3:F4:55:AB:96:20,-58
BLE,1705563074830076933,D3:F4:55:AB:96:20,-56
BLE,1705563075017928100,DF:DF:EE:00:00:04,-38
BLE,1705563075022517328,D3:F4:55:AB:96:20,-58
BLE,1705563075405429104,D3:F4:55:AB:96:20,-57
BLE,1705563075475374044,DF:DF:EE:00:00:04,-35
BLE,1705563075795877526,D3:F4:55:AB:96:20,-57
BLE,1705563075990368184,D3:F4:55:AB:96:20,-41
BLE,1705563076177887356,D3:F4:55:AB:96:20,-57
BLE,1705563076481417242,DF:DF:EE:00:00:04,-28
BLE,1705563076559048241,D3:F4:55:AB:96:20,-57
BLE,1705563076750812437,D3:F4:55:AB:96:20,-42
BLE,1705563077015641738,DF:DF:EE:00:00:04,-35
BLE,1705563077136960918,D3:F4:55:AB:96:20,-57
BLE,1705563077326335606,D3:F4:55:AB:96:20,-43
BLE,1705563077327664171,D3:F4:55:AB:96:20,-44
BLE,1705563077478957600,DF:DF:EE:00:00:04,-35
BLE,1705563077518843293,D3:F4:55:AB:96:20,-58
BLE,1705563077708075899,D3:F4:55:AB:96:20,-57
BLE,1705563078094406420,D3:F4:55:AB:96:20,-55
BLE,1705563078484748301,DF:DF:EE:00:00:04,-39
BLE,1705563078486420027,D3:F4:55:AB:96:20,-57
BLE,1705563079070014959,D3:F4:55:AB:96:20,-57
BLE,1705563079255089832,D3:F4:55:AB:96:20,-58
BLE,1705563079393516399,DF:A6:DC:DC:2E:81,-66
BLE,1705563079393545940,DF:DF:EE:00:00:01,-66
BLE,1705563079448100303,D3:F4:55:AB:96:20,-55
BLE,1705563079640029664,D3:F4:55:AB:96:20,-59
BLE,1705563079833340964,D3:F4:55:AB:96:20,-57
BLE,1705563080015801165,DF:DF:EE:00:00:04,-38
BLE,1705563080404243698,D3:F4:55:AB:96:20,-58
BLE,1705563080481372870,DF:DF:EE:00:00:04,-36
BLE,1705563080594803619,D3:F4:55:AB:96:20,-45
BLE,1705563080788878242,D3:F4:55:AB:96:20,-57
BLE,1705563081013553020,DF:DF:EE:00:00:04,-34
BLE,1705563081366649755,D3:F4:55:AB:96:20,-56
BLE,1705563081480873034,DF:DF:EE:00:00:04,-27
BLE,1705563081551949708,D3:F4:55:AB:96:20,-58
BLE,1705563081935294520,DF:A6:DC:DC:2E:81,-66
BLE,1705563081935330270,DF:DF:EE:00:00:01,-66
BLE,1705563082476807748,DF:DF:EE:00:00:04,-35
BLE,1705563082508915800,D3:F4:55:AB:96:20,-55
BLE,1705563082702330015,D3:F4:55:AB:96:20,-57
BLE,1705563083021971591,DF:DF:EE:00:00:04,-34
BLE,1705563083477850265,DF:DF:EE:00:00:04,-38
BLE,1705563083479934986,D3:F4:55:AB:96:20,-57
BLE,1705563083674465102,D3:F4:55:AB:96:20,-56
BLE,1705563083865350519,D3:F4:55:AB:96:20,-57
BLE,1705563084052695236,D3:F4:55:AB:96:20,-59
BLE,1705563084477405387,DF:DF:EE:00:00:04,-35
BLE,1705563084828879061,D3:F4:55:AB:96:20,-57
BLE,1705563085213295483,D3:F4:55:AB:96:20,-57
BLE,1705563085598737891,D3:F4:55:AB:96:20,-58
BLE,1705563085988927857,D3:F4:55:AB:96:20,-57
BLE,1705563086014456167,DF:DF:EE:00:00:04,-36
BLE,1705563086381967117,D3:F4:55:AB:96:20,-58
BLE,1705563086480240661,DF:DF:EE:00:00:04,-35
BLE,1705563086569348333,D3:F4:55:AB:96:20,-59
BLE,1705563086767837894,D3:F4:55:AB:96:20,-57
BLE,1705563086961970974,D3:F4:55:AB:96:20,-55
BLE,1705563087020863110,DF:DF:EE:00:00:04,-35
BLE,1705563087022692584,DF:A6:DC:DC:2E:81,-65
BLE,1705563087022718709,DF:DF:EE:00:00:01,-65
BLE,1705563087150827503,D3:F4:55:AB:96:20,-57
BLE,1705563087344420882,D3:F4:55:AB:96:20,-56
BLE,1705563087479096959,DF:DF:EE:00:00:04,-36
BLE,1705563087538544087,D3:F4:55:AB:96:20,-60
BLE,1705563087731636973,D3:F4:55:AB:96:20,-57
BLE,1705563088024753088,DF:DF:EE:00:00:04,-38
BLE,1705563088113169978,D3:F4:55:AB:96:20,-58
BLE,1705563088305635206,D3:F4:55:AB:96:20,-57
BLE,1705563088480901966,DF:DF:EE:00:00:04,-35
BLE,1705563088502850659,D3:F4:55:AB:96:20,-58
BLE,1705563088701530718,D3:F4:55:AB:96:20,-56
BLE,1705563088893264248,D3:F4:55:AB:96:20,-45
BLE,1705563089016325946,DF:DF:EE:00:00:04,-39
BLE,1705563089084053125,D3:F4:55:AB:96:20,-42
BLE,1705563089276167108,D3:F4:55:AB:96:20,-54
BLE,1705563089480200425,DF:DF:EE:00:00:04,-36
BLE,1705563089562951019,DF:A6:DC:DC:2E:81,-63
BLE,1705563089562988726,DF:DF:EE:00:00:01,-63
BLE,1705563089667531391,D3:F4:55:AB:96:20,-58
BLE,1705563090016686264,DF:DF:EE:00:00:04,-35
BLE,1705563090248430986,D3:F4:55:AB:96:20,-55
BLE,1705563090481275858,DF:DF:EE:00:00:04,-23
BLE,1705563090630968434,D3:F4:55:AB:96:20,-55
BLE,1705563090825838879,D3:F4:55:AB:96:20,-59
BLE,1705563091020384328,D3:F4:55:AB:96:20,-56
BLE,1705563091208162955,D3:F4:55:AB:96:20,-59
BLE,1705563091402578323,D3:F4:55:AB:96:20,-57
BLE,1705563091483164572,DF:DF:EE:00:00:04,-35
BLE,1705563091593491114,D3:F4:55:AB:96:20,-55
BLE,1705563091789195089,D3:F4:55:AB:96:20,-59
BLE,1705563092013243626,DF:DF:EE:00:00:04,-42
BLE,1705563092103030997,DF:A6:DC:DC:2E:81,-81
BLE,1705563092103062497,DF:DF:EE:00:00:01,-81
BLE,1705563092173199434,D3:F4:55:AB:96:20,-58
BLE,1705563092366282987,D3:F4:55:AB:96:20,-57
BLE,1705563092478431879,DF:DF:EE:00:00:04,-40
BLE,1705563092752783838,D3:F4:55:AB:96:20,-57
BLE,1705563092947008833,D3:F4:55:AB:96:20,-56
BLE,1705563093017989342,DF:DF:EE:00:00:04,-39
BLE,1705563093333886846,D3:F4:55:AB:96:20,-41
BLE,1705563093475816197,DF:DF:EE:00:00:04,-35
BLE,1705563093714161701,D3:F4:55:AB:96:20,-55
BLE,1705563093908756191,D3:F4:55:AB:96:20,-59
BLE,1705563094015761030,DF:DF:EE:00:00:04,-34
BLE,1705563094103473555,D3:F4:55:AB:96:20,-57
BLE,1705563094291051602,D3:F4:55:AB:96:20,-58
BLE,1705563094481866311,D3:F4:55:AB:96:20,-57
BLE,1705563094670876921,D3:F4:55:AB:96:20,-68
BLE,1705563094868636784,D3:F4:55:AB:96:20,-58
BLE,1705563095018059197,DF:DF:EE:00:00:04,-35
BLE,1705563095058911126,D3:F4:55:AB:96:20,-56
BLE,1705563095249849417,D3:F4:55:AB:96:20,-57
BLE,1705563095444318701,D3:F4:55:AB:96:20,-56
BLE,1705563095479246755,DF:DF:EE:00:00:04,-34
BLE,1705563095639290144,D3:F4:55:AB:96:20,-57
BLE,1705563095834237130,D3:F4:55:AB:96:20,-58
BLE,1705563096018499264,DF:DF:EE:00:00:04,-34
BLE,1705563096020991396,D3:F4:55:AB:96:20,-59
BLE,1705563096218919006,D3:F4:55:AB:96:20,-56
BLE,1705563096798239873,D3:F4:55:AB:96:20,-58
BLE,1705563096991041888,D3:F4:55:AB:96:20,-57
BLE,1705563097767406127,D3:F4:55:AB:96:20,-57
BLE,1705563098152157086,D3:F4:55:AB:96:20,-57
BLE,1705563098341392443,D3:F4:55:AB:96:20,-57
BLE,1705563098475645609,DF:A6:DC:DC:2E:81,-65
BLE,1705563098475673859,DF:DF:EE:00:00:01,-65
BLE,1705563098727362385,D3:F4:55:AB:96:20,-54
BLE,1705563099012509027,DF:DF:EE:00:00:04,-35
BLE,1705563099103419132,D3:F4:55:AB:96:20,-57
BLE,1705563099295944860,D3:F4:55:AB:96:20,-57
BLE,1705563099476148718,DF:DF:EE:00:00:04,-46
BLE,1705563099675530516,D3:F4:55:AB:96:20,-45
BLE,1705563100017528906,DF:DF:EE:00:00:04,-38
BLE,1705563100055556583,D3:F4:55:AB:96:20,-55
BLE,1705563100244905688,D3:F4:55:AB:96:20,-57
BLE,1705563100430600761,D3:F4:55:AB:96:20,-58
BLE,1705563100476467787,DF:DF:EE:00:00:04,-34
BLE,1705563100813562703,D3:F4:55:AB:96:20,-43
BLE,1705563101002319358,D3:F4:55:AB:96:20,-56
BLE,1705563101013614951,DF:DF:EE:00:00:04,-29
BLE,1705563101191439217,D3:F4:55:AB:96:20,-56
BLE,1705563101377776572,D3:F4:55:AB:96:20,-57
BLE,1705563101481444249,DF:DF:EE:00:00:04,-39
BLE,1705563101763738056,D3:F4:55:AB:96:20,-55
BLE,1705563102021123294,DF:DF:EE:00:00:04,-39
BLE,1705563102143515793,D3:F4:55:AB:96:20,-58
BLE,1705563102337554458,D3:F4:55:AB:96:20,-56
BLE,1705563102523428153,D3:F4:55:AB:96:20,-57
BLE,1705563102913763618,D3:F4:55:AB:96:20,-55
BLE,1705563103020272880,DF:DF:EE:00:00:04,-35
BLE,1705563103295963779,D3:F4:55:AB:96:20,-54
BLE,1705563103476910002,DF:DF:EE:00:00:04,-36
BLE,1705563103491225468,D3:F4:55:AB:96:20,-58
BLE,1705563103559904509,DF:A6:DC:DC:2E:81,-65
BLE,1705563103559930384,DF:DF:EE:00:00:01,-65
BLE,1705563103684679016,D3:F4:55:AB:96:20,-57
BLE,1705563104015796100,DF:DF:EE:00:00:04,-36
BLE,1705563104060234645,D3:F4:55:AB:96:20,-56
BLE,1705563104256859607,D3:F4:55:AB:96:20,-57
BLE,1705563105036503092,D3:F4:55:AB:96:20,-56
BLE,1705563105226218692,D3:F4:55:AB:96:20,-58
BLE,1705563105420668810,D3:F4:55:AB:96:20,-52
BLE,1705563105480949134,DF:DF:EE:00:00:04,-36
BLE,1705563105990316769,D3:F4:55:AB:96:20,-59
BLE,1705563106013578486,DF:DF:EE:00:00:04,-34
BLE,1705563106102196540,DF:A6:DC:DC:2E:81,-66
BLE,1705563106102225081,DF:DF:EE:00:00:01,-66
BLE,1705563106381985882,D3:F4:55:AB:96:20,-54
BLE,1705563106768852686,D3:F4:55:AB:96:20,-64
BLE,1705563107018814112,DF:DF:EE:00:00:04,-39
BLE,1705563107152463911,D3:F4:55:AB:96:20,-55
BLE,1705563107347170275,D3:F4:55:AB:96:20,-54
BLE,1705563107480064169,DF:DF:EE:00:00:04,-36
BLE,1705563107540435951,D3:F4:55:AB:96:20,-58
BLE,1705563107730616336,D3:F4:55:AB:96:20,-56
BLE,1705563107920797721,D3:F4:55:AB:96:20,-59
BLE,1705563108022269845,DF:DF:EE:00:00:04,-35
BLE,1705563108315171462,D3:F4:55:AB:96:20,-55
BLE,1705563108644981897,DF:A6:DC:DC:2E:81,-66
BLE,1705563108645022063,DF:DF:EE:00:00:01,-66
BLE,1705563108701262028,D3:F4:55:AB:96:20,-57
BLE,1705563108892088862,D3:F4:55:AB:96:20,-57
BLE,1705563109285765738,D3:F4:55:AB:96:20,-57
BLE,1705563109478256925,D3:F4:55:AB:96:20,-59
BLE,1705563109481324007,DF:DF:EE:00:00:04,-34
BLE,1705563109864775901,D3:F4:55:AB:96:20,-55
BLE,1705563110023395810,DF:DF:EE:00:00:04,-35
BLE,1705563110247974757,D3:F4:55:AB:96:20,-55
BLE,1705563110437495776,D3:F4:55:AB:96:20,-56
BLE,1705563110482555522,DF:DF:EE:00:00:04,-39
BLE,1705563110821221666,D3:F4:55:AB:96:20,-57
BLE,1705563111012717116,D3:F4:55:AB:96:20,-55
BLE,1705563111020456425,DF:DF:EE:00:00:04,-39
BLE,1705563111186458231,DF:A6:DC:DC:2E:81,-64
BLE,1705563111186488648,DF:DF:EE:00:00:01,-64
BLE,1705563111203599534,D3:F4:55:AB:96:20,-41
BLE,1705563111396304592,D3:F4:55:AB:96:20,-56
BLE,1705563111475842189,DF:DF:EE:00:00:04,-35
BLE,1705563111778905748,D3:F4:55:AB:96:20,-55
BLE,1705563112019199433,DF:DF:EE:00:00:04,-36
BLE,1705563112168331308,D3:F4:55:AB:96:20,-56
BLE,1705563112363919326,D3:F4:55:AB:96:20,-54
BLE,1705563112478445227,DF:DF:EE:00:00:04,-34
BLE,1705563112558030906,D3:F4:55:AB:96:20,-57
BLE,1705563112749195945,D3:F4:55:AB:96:20,-55
BLE,1705563112750725632,D3:F4:55:AB:96:20,-57
BLE,1705563112946321733,D3:F4:55:AB:96:20,-55
BLE,1705563113013901706,DF:DF:EE:00:00:04,-36
BLE,1705563113141226510,D3:F4:55:AB:96:20,-57
BLE,1705563113478902627,DF:DF:EE:00:00:04,-35
BLE,1705563113725914427,D3:F4:55:AB:96:20,-43
BLE,1705563113727841108,DF:A6:DC:DC:2E:81,-65
BLE,1705563113727869441,DF:DF:EE:00:00:01,-65
BLE,1705563113917118089,D3:F4:55:AB:96:20,-55
BLE,1705563114296467374,D3:F4:55:AB:96:20,-56
BLE,1705563114477067226,DF:DF:EE:00:00:04,-34
BLE,1705563114492128433,D3:F4:55:AB:96:20,-58
BLE,1705563115021144377,DF:DF:EE:00:00:04,-36
BLE,1705563115260015915,D3:F4:55:AB:96:20,-59
BLE,1705563115455783639,D3:F4:55:AB:96:20,-52
BLE,1705563115476174688,DF:DF:EE:00:00:04,-39
BLE,1705563115838044550,D3:F4:55:AB:96:20,-57
BLE,1705563116019126145,DF:DF:EE:00:00:04,-38
BLE,1705563116272162111,DF:A6:DC:DC:2E:81,-65
BLE,1705563116272195444,DF:DF:EE:00:00:01,-65
BLE,1705563116481377022,DF:DF:EE:00:00:04,-36
BLE,1705563117188746058,D3:F4:55:AB:96:20,-58
BLE,1705563117373743224,D3:F4:55:AB:96:20,-59
BLE,1705563117568941789,D3:F4:55:AB:96:20,-57
BLE,1705563117756514502,D3:F4:55:AB:96:20,-58
BLE,1705563117952238227,D3:F4:55:AB:96:20,-41
BLE,1705563118013982239,DF:DF:EE:00:00:04,-37
BLE,1705563118141870245,D3:F4:55:AB:96:20,-59
BLE,1705563118335323418,D3:F4:55:AB:96:20,-57
BLE,1705563118481486959,DF:DF:EE:00:00:04,-34
BLE,1705563118720962489,D3:F4:55:AB:96:20,-58
BLE,1705563118816656944,DF:A6:DC:DC:2E:81,-65
BLE,1705563118816688027,DF:DF:EE:00:00:01,-65
BLE,1705563119021303627,DF:DF:EE:00:00:04,-33
BLE,1705563119109343564,D3:F4:55:AB:96:20,-59
BLE,1705563119300746266,D3:F4:55:AB:96:20,-57
BLE,1705563119488085357,D3:F4:55:AB:96:20,-58
BLE,1705563119683098092,D3:F4:55:AB:96:20,-57
BLE,1705563120014817667,DF:DF:EE:00:00:04,-36
BLE,1705563120448673357,D3:F4:55:AB:96:20,-57
BLE,1705563120481331984,DF:DF:EE:00:00:04,-35
BLE,1705563120638213959,D3:F4:55:AB:96:20,-56
BLE,1705563121017339080,DF:DF:EE:00:00:04,-34
BLE,1705563121031586173,D3:F4:55:AB:96:20,-57
BLE,1705563121222248426,D3:F4:55:AB:96:20,-59
BLE,1705563121357827949,DF:A6:DC:DC:2E:81,-63
BLE,1705563121357856365,DF:DF:EE:00:00:01,-63
BLE,1705563121483277572,DF:DF:EE:00:00:04,-39
BLE,1705563121615948594,D3:F4:55:AB:96:20,-57
BLE,1705563121806980217,D3:F4:55:AB:96:20,-57
BLE,1705563121999132033,D3:F4:55:AB:96:20,-57
BLE,1705563122478477963,DF:DF:EE:00:00:04,-34
BLE,1705563122758939253,D3:F4:55:AB:96:20,-54
BLE,1705563122949266803,D3:F4:55:AB:96:20,-57
BLE,1705563123146029847,D3:F4:55:AB:96:20,-58
BLE,1705563123480888294,DF:DF:EE:00:00:04,-36
BLE,1705563123522539254,D3:F4:55:AB:96:20,-53
BLE,1705563124017271469,DF:DF:EE:00:00:04,-35
BLE,1705563124095375294,D3:F4:55:AB:96:20,-57
BLE,1705563124477863243,DF:DF:EE:00:00:04,-38
BLE,1705563124482221974,D3:F4:55:AB:96:20,-58
BLE,1705563124672848353,D3:F4:55:AB:96:20,-55
BLE,1705563124861996420,D3:F4:55:AB:96:20,-56
BLE,1705563125018655731,DF:DF:EE:00:00:04,-39
BLE,1705563125047928614,D3:F4:55:AB:96:20,-58
BLE,1705563125441599074,D3:F4:55:AB:96:20,-57
BLE,1705563125483753568,DF:DF:EE:00:00:04,-35
BLE,1705563125634021928,D3:F4:55:AB:96:20,-58
BLE,1705563125829552113,D3:F4:55:AB:96:20,-57
BLE,1705563126016204131,DF:DF:EE:00:00:04,-34
BLE,1705563126476894488,DF:DF:EE:00:00:04,-39
BLE,1705563126596806771,D3:F4:55:AB:96:20,-58
BLE,1705563126786826575,D3:F4:55:AB:96:20,-55
BLE,1705563126979873587,D3:F4:55:AB:96:20,-57
BLE,1705563127021892500,DF:DF:EE:00:00:04,-40
BLE,1705563127760166021,D3:F4:55:AB:96:20,-41
BLE,1705563128013669647,DF:DF:EE:00:00:04,-34
BLE,1705563128135482112,D3:F4:55:AB:96:20,-56
BLE,1705563128521699592,D3:F4:55:AB:96:20,-55
BLE,1705563128713725160,D3:F4:55:AB:96:20,-58
BLE,1705563128911114862,D3:F4:55:AB:96:20,-57
BLE,1705563129021595818,DF:DF:EE:00:00:04,-38
BLE,1705563129098614742,D3:F4:55:AB:96:20,-59
BLE,1705563129292884112,D3:F4:55:AB:96:20,-57
BLE,1705563129482317466,D3:F4:55:AB:96:20,-57
BLE,1705563130063032896,D3:F4:55:AB:96:20,-59
BLE,1705563130257134227,D3:F4:55:AB:96:20,-57
BLE,1705563130265899104,DF:A6:DC:DC:2E:81,-66
BLE,1705563130265925354,DF:DF:EE:00:00:01,-66
BLE,1705563130446288918,D3:F4:55:AB:96:20,-58
BLE,1705563130472493719,DF:DF:EE:00:00:04,-34
BLE,1705563130638633065,D3:F4:55:AB:96:20,-57
BLE,1705563130827412011,D3:F4:55:AB:96:20,-58
BLE,1705563131014256860,DF:DF:EE:00:00:04,-37
BLE,1705563131021228971,D3:F4:55:AB:96:20,-57
BLE,1705563131211224608,D3:F4:55:AB:96:20,-59
BLE,1705563131406821251,D3:F4:55:AB:96:20,-57
BLE,1705563131481588415,DF:DF:EE:00:00:04,-34
BLE,1705563131592846486,D3:F4:55:AB:96:20,-58
BLE,1705563131782472338,D3:F4:55:AB:96:20,-55
BLE,1705563132015373418,DF:DF:EE:00:00:04,-39
BLE,1705563132161666874,D3:F4:55:AB:96:20,-54
BLE,1705563132351794802,D3:F4:55:AB:96:20,-51
BLE,1705563132537998076,D3:F4:55:AB:96:20,-57
BLE,1705563132735363653,D3:F4:55:AB:96:20,-56
BLE,1705563132810502103,DF:A6:DC:DC:2E:81,-64
BLE,1705563132810532686,DF:DF:EE:00:00:01,-64
BLE,1705563132924742091,D3:F4:55:AB:96:20,-57
BLE,1705563133017917706,DF:DF:EE:00:00:04,-36
BLE,1705563133116849241,D3:F4:55:AB:96:20,-57
BLE,1705563133306190888,D3:F4:55:AB:96:20,-58
BLE,1705563133475507106,DF:DF:EE:00:00:04,-39
BLE,1705563133497427383,D3:F4:55:AB:96:20,-57
BLE,1705563133880568531,D3:F4:55:AB:96:20,-56
BLE,1705563134070064426,D3:F4:55:AB:96:20,-57
BLE,1705563134265581362,D3:F4:55:AB:96:20,-58
BLE,1705563134451770720,D3:F4:55:AB:96:20,-57
BLE,1705563134481587261,DF:DF:EE:00:00:04,-35
BLE,1705563134645381307,D3:F4:55:AB:96:20,-57
BLE,1705563135019355292,DF:DF:EE:00:00:04,-36
BLE,1705563135353705288,DF:A6:DC:DC:2E:81,-63
BLE,1705563135353745329,DF:DF:EE:00:00:01,-63
BLE,1705563135473009413,DF:DF:EE:00:00:04,-36
BLE,1705563135786913945,D3:F4:55:AB:96:20,-55
BLE,1705563135979538005,D3:F4:55:AB:96:20,-58
BLE,1705563136022226658,DF:DF:EE:00:00:04,-38
BLE,1705563136171856568,D3:F4:55:AB:96:20,-55
BLE,1705563136368828692,D3:F4:55:AB:96:20,-40
BLE,1705563136476891058,DF:DF:EE:00:00:04,-34
BLE,1705563136557840427,D3:F4:55:AB:96:20,-57
BLE,1705563136748151644,D3:F4:55:AB:96:20,-58
BLE,1705563137017479673,DF:DF:EE:00:00:04,-35
BLE,1705563137133584510,D3:F4:55:AB:96:20,-40
BLE,1705563137329739187,D3:F4:55:AB:96:20,-57
BLE,1705563137479221640,DF:DF:EE:00:00:04,-39
BLE,1705563137907703780,D3:F4:55:AB:96:20,-41
BLE,1705563138011844576,DF:DF:EE:00:00:04,-36
BLE,1705563138095601322,D3:F4:55:AB:96:20,-58
BLE,1705563138478010606,DF:DF:EE:00:00:04,-35
BLE,1705563138668909273,D3:F4:55:AB:96:20,-54
BLE,1705563139019440835,DF:DF:EE:00:00:04,-34
BLE,1705563139054743300,D3:F4:55:AB:96:20,-56
BLE,1705563139483137650,DF:DF:EE:00:00:04,-38
BLE,1705563139628109791,D3:F4:55:AB:96:20,-57
BLE,1705563139823013319,D3:F4:55:AB:96:20,-57
BLE,1705563140210579197,D3:F4:55:AB:96:20,-59
BLE,1705563140401311491,D3:F4:55:AB:96:20,-56
BLE,1705563140969160185,D3:F4:55:AB:96:20,-57
BLE,1705563141163426721,D3:F4:55:AB:96:20,-40
BLE,1705563141359284194,D3:F4:55:AB:96:20,-57
BLE,1705563141472773817,DF:DF:EE:00:00:04,-35
BLE,1705563141554447759,D3:F4:55:AB:96:20,-57
BLE,1705563141742298635,D3:F4:55:AB:96:20,-57
BLE,1705563142021489236,DF:DF:EE:00:00:04,-36
BLE,1705563142123356146,D3:F4:55:AB:96:20,-59
BLE,1705563142481467686,DF:DF:EE:00:00:04,-36
BLE,1705563142883966564,D3:F4:55:AB:96:20,-57
BLE,1705563143014238702,DF:DF:EE:00:00:04,-38
BLE,1705563143077597859,D3:F4:55:AB:96:20,-56
BLE,1705563143271817771,D3:F4:55:AB:96:20,-59
BLE,1705563143466930796,D3:F4:55:AB:96:20,-57
BLE,1705563143472075182,DF:DF:EE:00:00:04,-34
BLE,1705563143656690562,D3:F4:55:AB:96:20,-58
BLE,1705563144015342510,DF:DF:EE:00:00:04,-35
BLE,1705563144044029235,D3:F4:55:AB:96:20,-55
BLE,1705563144237761070,D3:F4:55:AB:96:20,-59
BLE,1705563144427213299,D3:F4:55:AB:96:20,-56
BLE,1705563144478091755,DF:DF:EE:00:00:04,-39
BLE,1705563144815269087,D3:F4:55:AB:96:20,-57
BLE,1705563145017853882,DF:DF:EE:00:00:04,-39
BLE,1705563145204655356,D3:F4:55:AB:96:20,-59
BLE,1705563145397046252,D3:F4:55:AB:96:20,-55
BLE,1705563145474416838,DF:DF:EE:00:00:04,-35
BLE,1705563145775572507,D3:F4:55:AB:96:20,-55
BLE,1705563145964890321,D3:F4:55:AB:96:20,-57
BLE,1705563146015291034,DF:DF:EE:00:00:04,-36
BLE,1705563146150738183,D3:F4:55:AB:96:20,-58
BLE,1705563146342432381,D3:F4:55:AB:96:20,-56
BLE,1705563146473747671,DF:DF:EE:00:00:04,-35
BLE,1705563146533975039,D3:F4:55:AB:96:20,-59
BLE,1705563146929451140,D3:F4:55:AB:96:20,-57
BLE,1705563147014535659,DF:DF:EE:00:00:04,-34
BLE,1705563147313166571,D3:F4:55:AB:96:20,-56
BLE,1705563147479025588,DF:DF:EE:00:00:04,-34
BLE,1705563147503635119,D3:F4:55:AB:96:20,-58
BLE,1705563147697780408,D3:F4:55:AB:96:20,-57
BLE,1705563147891591367,D3:F4:55:AB:96:20,-55
BLE,1705563148086935055,D3:F4:55:AB:96:20,-59
BLE,1705563148278782875,D3:F4:55:AB:96:20,-57
BLE,1705563148466634001,D3:F4:55:AB:96:20,-58
BLE,1705563148476874067,DF:DF:EE:00:00:04,-36
BLE,1705563148854328586,D3:F4:55:AB:96:20,-56
BLE,1705563149011685597,DF:DF:EE:00:00:04,-34
BLE,1705563149248721202,D3:F4:55:AB:96:20,-56
BLE,1705563149437826728,D3:F4:55:AB:96:20,-58
BLE,1705563150016269856,DF:DF:EE:00:00:04,-38
BLE,1705563150019642351,D3:F4:55:AB:96:20,-59
BLE,1705563150629813119,DF:A6:DC:DC:2E:81,-65
BLE,1705563150629860702,DF:DF:EE:00:00:01,-65
BLE,1705563150982284863,D3:F4:55:AB:96:20,-58
BLE,1705563151017514079,DF:DF:EE:00:00:04,-35
BLE,1705563151178383832,D3:F4:55:AB:96:20,-55
BLE,1705563151475053980,DF:DF:EE:00:00:04,-39
BLE,1705563151567180360,D3:F4:55:AB:96:20,-57
BLE,1705563151754431411,D3:F4:55:AB:96:20,-58
BLE,1705563152014819524,DF:DF:EE:00:00:04,-45
BLE,1705563152332417171,D3:F4:55:AB:96:20,-57
BLE,1705563152473470826,DF:DF:EE:00:00:04,-35
BLE,1705563152518404448,D3:F4:55:AB:96:20,-58
BLE,1705563152707848843,D3:F4:55:AB:96:20,-55
BLE,1705563152904100686,D3:F4:55:AB:96:20,-57
BLE,1705563153013460783,DF:DF:EE:00:00:04,-35
BLE,1705563153095958381,D3:F4:55:AB:96:20,-67
BLE,1705563153286727216,D3:F4:55:AB:96:20,-57
BLE,1705563153477438385,DF:DF:EE:00:00:04,-39
BLE,1705563153480830505,D3:F4:55:AB:96:20,-56
BLE,1705563153870769475,D3:F4:55:AB:96:20,-57
BLE,1705563154014416218,DF:DF:EE:00:00:04,-36
BLE,1705563154453532418,D3:F4:55:AB:96:20,-58
BLE,1705563154455769803,DF:A6:DC:DC:2E:81,-66
BLE,1705563154455795261,DF:DF:EE:00:00:01,-66
BLE,1705563154478438112,DF:DF:EE:00:00:04,-34
BLE,1705563154646760427,D3:F4:55:AB:96:20,-57
BLE,1705563154838812328,D3:F4:55:AB:96:20,-59
BLE,1705563155018830022,DF:DF:EE:00:00:04,-34
BLE,1705563155483026746,DF:DF:EE:00:00:04,-38
BLE,1705563155997421686,D3:F4:55:AB:96:20,-57
BLE,1705563156019332630,DF:DF:EE:00:00:04,-39
BLE,1705563156185748306,D3:F4:55:AB:96:20,-57
BLE,1705563156384122910,D3:F4:55:AB:96:20,-57
BLE,1705563156964997505,D3:F4:55:AB:96:20,-57
BLE,1705563156997302345,DF:A6:DC:DC:2E:81,-66
BLE,1705563156997336470,DF:DF:EE:00:00:01,-66
BLE,1705563157154287194,D3:F4:55:AB:96:20,-57
BLE,1705563157351004779,D3:F4:55:AB:96:20,-57
BLE,1705563157476747565,DF:DF:EE:00:00:04,-36
BLE,1705563157546396675,D3:F4:55:AB:96:20,-55
BLE,1705563157933350145,D3:F4:55:AB:96:20,-57
BLE,1705563158018691620,DF:DF:EE:00:00:04,-38
BLE,1705563158123032787,D3:F4:55:AB:96:20,-58
BLE,1705563158319613125,D3:F4:55:AB:96:20,-57
BLE,1705563158474217632,DF:DF:EE:00:00:04,-39
BLE,1705563158517273906,D3:F4:55:AB:96:20,-56
BLE,1705563158903016601,D3:F4:55:AB:96:20,-41
BLE,1705563159014406753,DF:DF:EE:00:00:04,-39
BLE,1705563159088817881,D3:F4:55:AB:96:20,-58
BLE,1705563159469180109,D3:F4:55:AB:96:20,-58
BLE,1705563159471017084,DF:DF:EE:00:00:04,-34
BLE,1705563159542291963,DF:A6:DC:DC:2E:81,-65
BLE,1705563159542319671,DF:DF:EE:00:00:01,-65
BLE,1705563159659568617,D3:F4:55:AB:96:20,-54
BLE,1705563159852662170,D3:F4:55:AB:96:20,-59
BLE,1705563160042783639,D3:F4:55:AB:96:20,-55
BLE,1705563160231761416,D3:F4:55:AB:96:20,-57
BLE,1705563160420280574,D3:F4:55:AB:96:20,-58
BLE,1705563161000029518,D3:F4:55:AB:96:20,-58
BLE,1705563161195637119,D3:F4:55:AB:96:20,-57
BLE,1705563161390641937,D3:F4:55:AB:96:20,-55
BLE,1705563161480070146,DF:DF:EE:00:00:04,-35
BLE,1705563161579670255,D3:F4:55:AB:96:20,-57
BLE,1705563162015285462,DF:DF:EE:00:00:04,-35
BLE,1705563162339918386,D3:F4:55:AB:96:20,-54
BLE,1705563162479650684,DF:DF:EE:00:00:04,-39
BLE,1705563162724393349,D3:F4:55:AB:96:20,-57
BLE,1705563162915908507,D3:F4:55:AB:96:20,-59
BLE,1705563163012831653,DF:DF:EE:00:00:04,-35
BLE,1705563163479438261,DF:DF:EE:00:00:04,-42
BLE,1705563163498870531,D3:F4:55:AB:96:20,-57
BLE,1705563163692474993,D3:F4:55:AB:96:20,-58
BLE,1705563163881923597,D3:F4:55:AB:96:20,-58
BLE,1705563164269934052,D3:F4:55:AB:96:20,-55
BLE,1705563164477384863,DF:DF:EE:00:00:04,-35
BLE,1705563164654956133,D3:F4:55:AB:96:20,-55
BLE,1705563164844953979,D3:F4:55:AB:96:20,-57
BLE,1705563165019907077,DF:DF:EE:00:00:04,-39
BLE,1705563165422439704,D3:F4:55:AB:96:20,-55
BLE,1705563165991054720,D3:F4:55:AB:96:20,-57
BLE,1705563166177828903,D3:F4:55:AB:96:20,-58
BLE,1705563166371185452,D3:F4:55:AB:96:20,-57
BLE,1705563166478890781,DF:DF:EE:00:00:04,-36
BLE,1705563166562275450,D3:F4:55:AB:96:20,-57
BLE,1705563166944687858,D3:F4:55:AB:96:20,-59
BLE,1705563167011037848,DF:DF:EE:00:00:04,-35
BLE,1705563167134889576,D3:F4:55:AB:96:20,-46
BLE,1705563167322523914,D3:F4:55:AB:96:20,-58
BLE,1705563167518264013,D3:F4:55:AB:96:20,-41
BLE,1705563167713330372,D3:F4:55:AB:96:20,-54
BLE,1705563168018285529,DF:DF:EE:00:00:04,-39
BLE,1705563168098520075,D3:F4:55:AB:96:20,-54
BLE,1705563168294874124,D3:F4:55:AB:96:20,-58
BLE,1705563168447587949,DF:A6:DC:DC:2E:81,-49
BLE,1705563168447616032,DF:DF:EE:00:00:01,-49
BLE,1705563168675123312,D3:F4:55:AB:96:20,-59
BLE,1705563168867558166,D3:F4:55:AB:96:20,-57
BLE,1705563169018751971,DF:DF:EE:00:00:04,-35
BLE,1705563169056108282,D3:F4:55:AB:96:20,-58
BLE,1705563169253147197,D3:F4:55:AB:96:20,-57
BLE,1705563169479459036,DF:DF:EE:00:00:04,-39
BLE,1705563169836762003,D3:F4:55:AB:96:20,-52
BLE,1705563170023851682,D3:F4:55:AB:96:20,-58
BLE,1705563170218740251,D3:F4:55:AB:96:20,-57
BLE,1705563170404825319,D3:F4:55:AB:96:20,-58
BLE,1705563170474241724,DF:DF:EE:00:00:04,-35
BLE,1705563170602656305,D3:F4:55:AB:96:20,-57
BLE,1705563170795883481,D3:F4:55:AB:96:20,-55
BLE,1705563171175830507,D3:F4:55:AB:96:20,-57
BLE,1705563171177168322,D3:F4:55:AB:96:20,-55
BLE,1705563171372677925,D3:F4:55:AB:96:20,-58
BLE,1705563171472914983,DF:DF:EE:00:00:04,-35
BLE,1705563171561177167,D3:F4:55:AB:96:20,-55
BLE,1705563171757632298,D3:F4:55:AB:96:20,-59
BLE,1705563172014773831,DF:DF:EE:00:00:04,-35
BLE,1705563172148748584,D3:F4:55:AB:96:20,-39
BLE,1705563172337970608,D3:F4:55:AB:96:20,-57
BLE,1705563172535300810,D3:F4:55:AB:96:20,-57
BLE,1705563172727226213,D3:F4:55:AB:96:20,-59
BLE,1705563172924656997,D3:F4:55:AB:96:20,-58
BLE,1705563173018315230,DF:DF:EE:00:00:04,-36
BLE,1705563173114971505,D3:F4:55:AB:96:20,-55
BLE,1705563173481481927,DF:DF:EE:00:00:04,-40
BLE,1705563173494950656,D3:F4:55:AB:96:20,-55
BLE,1705563174012698965,DF:DF:EE:00:00:04,-35
BLE,1705563174260972539,D3:F4:55:AB:96:20,-55
BLE,1705563174475323878,DF:DF:EE:00:00:04,-38
BLE,1705563174650045230,D3:F4:55:AB:96:20,-58
BLE,1705563174815171923,DF:A6:DC:DC:2E:81,-65
BLE,1705563174815201923,DF:DF:EE:00:00:01,-65
BLE,1705563174841101936,D3:F4:55:AB:96:20,-58
BLE,1705563175017579596,DF:DF:EE:00:00:04,-34
BLE,1705563175036453332,D3:F4:55:AB:96:20,-57
BLE,1705563175482634767,DF:DF:EE:00:00:04,-39
BLE,1705563175613332983,D3:F4:55:AB:96:20,-55
BLE,1705563175990557964,D3:F4:55:AB:96:20,-58
BLE,1705563176019776597,DF:DF:EE:00:00:04,-36
BLE,1705563176382437615,D3:F4:55:AB:96:20,-41
BLE,1705563176570387031,D3:F4:55:AB:96:20,-59
BLE,1705563176954016423,D3:F4:55:AB:96:20,-58
BLE,1705563177014753408,DF:DF:EE:00:00:04,-39
BLE,1705563177148511956,D3:F4:55:AB:96:20,-57
BLE,1705563177475582179,DF:DF:EE:00:00:04,-34
BLE,1705563177477189865,DF:DF:EE:00:00:04,-36
BLE,1705563177537529189,D3:F4:55:AB:96:20,-59
BLE,1705563177733450994,D3:F4:55:AB:96:20,-57
BLE,1705563177920114220,D3:F4:55:AB:96:20,-65
BLE,1705563178117467713,D3:F4:55:AB:96:20,-57
BLE,1705563178502705041,D3:F4:55:AB:96:20,-58
BLE,1705563178695081687,D3:F4:55:AB:96:20,-55
BLE,1705563178885369946,D3:F4:55:AB:96:20,-57
BLE,1705563179012649126,DF:DF:EE:00:00:04,-36
BLE,1705563179267756938,D3:F4:55:AB:96:20,-57
BLE,1705563179842791364,D3:F4:55:AB:96:20,-55
BLE,1705563180031910347,D3:F4:55:AB:96:20,-57
BLE,1705563180219676225,D3:F4:55:AB:96:20,-58
BLE,1705563180481422652,DF:DF:EE:00:00:04,-38
BLE,1705563180615637194,D3:F4:55:AB:96:20,-57
BLE,1705563181002900118,D3:F4:55:AB:96:20,-58
BLE,1705563181011017963,DF:DF:EE:00:00:04,-36
BLE,1705563181386444552,D3:F4:55:AB:96:20,-59
BLE,1705563181576272442,D3:F4:55:AB:96:20,-55
BLE,1705563182154021039,D3:F4:55:AB:96:20,-58
BLE,1705563182544476377,D3:F4:55:AB:96:20,-56
BLE,1705563182734817176,D3:F4:55:AB:96:20,-52
BLE,1705563182925427181,D3:F4:55:AB:96:20,-55
BLE,1705563183014223149,DF:DF:EE:00:00:04,-36
BLE,1705563183479268570,DF:DF:EE:00:00:04,-35
BLE,1705563183691621562,D3:F4:55:AB:96:20,-55
BLE,1705563183729736113,DF:A6:DC:DC:2E:81,-65
BLE,1705563183729761362,DF:DF:EE:00:00:01,-65
BLE,1705563184274013385,D3:F4:55:AB:96:20,-55
BLE,1705563184468291297,D3:F4:55:AB:96:20,-59
BLE,1705563184664305392,D3:F4:55:AB:96:20,-57
BLE,1705563184860248322,D3:F4:55:AB:96:20,-55
BLE,1705563185016462723,DF:DF:EE:00:00:04,-35
BLE,1705563185050078587,D3:F4:55:AB:96:20,-56
BLE,1705563185476113386,DF:DF:EE:00:00:04,-38
BLE,1705563185629821531,D3:F4:55:AB:96:20,-57
BLE,1705563185822159427,D3:F4:55:AB:96:20,-58
BLE,1705563186012351937,DF:DF:EE:00:00:04,-38
BLE,1705563186017375284,D3:F4:55:AB:96:20,-57
BLE,1705563186273231835,DF:A6:DC:DC:2E:81,-66
BLE,1705563186273267668,DF:DF:EE:00:00:01,-66
BLE,1705563186405743276,D3:F4:55:AB:96:20,-59
BLE,1705563186598746830,D3:F4:55:AB:96:20,-57
BLE,1705563186789325168,D3:F4:55:AB:96:20,-58
BLE,1705563187018646757,DF:DF:EE:00:00:04,-36
BLE,1705563187184059529,D3:F4:55:AB:96:20,-57
BLE,1705563187476182199,DF:DF:EE:00:00:04,-38
BLE,1705563187572646977,D3:F4:55:AB:96:20,-58
BLE,1705563187770394381,D3:F4:55:AB:96:20,-56
BLE,1705563187965773277,D3:F4:55:AB:96:20,-55
BLE,1705563188012338627,DF:DF:EE:00:00:04,-36
BLE,1705563188154859178,D3:F4:55:AB:96:20,-57
BLE,1705563188540650289,D3:F4:55:AB:96:20,-58
BLE,1705563188739647884,D3:F4:55:AB:96:20,-58
BLE,1705563188813383688,DF:A6:DC:DC:2E:81,-66
BLE,1705563188813413354,DF:DF:EE:00:00:01,-66
BLE,1705563188930551426,D3:F4:55:AB:96:20,-55
BLE,1705563189017780124,DF:DF:EE:00:00:04,-35
BLE,1705563189121585633,D3:F4:55:AB:96:20,-57
BLE,1705563189314049111,D3:F4:55:AB:96:20,-55
BLE,1705563189481289983,DF:DF:EE:00:00:04,-38
BLE,1705563189510026874,D3:F4:55:AB:96:20,-58
BLE,1705563189892444824,D3:F4:55:AB:96:20,-59
BLE,1705563190010914294,DF:DF:EE:00:00:04,-35
BLE,1705563190087759470,D3:F4:55:AB:96:20,-57
BLE,1705563190281175310,D3:F4:55:AB:96:20,-55
BLE,1705563190470668539,D3:F4:55:AB:96:20,-57
BLE,1705563190476922285,DF:DF:EE:00:00:04,-34
BLE,1705563190663360014,D3:F4:55:AB:96:20,-55
BLE,1705563191017114823,DF:DF:EE:00:00:04,-35
BLE,1705563191050458773,D3:F4:55:AB:96:20,-54
BLE,1705563191240817573,D3:F4:55:AB:96:20,-43
BLE,1705563191431949736,D3:F4:55:AB:96:20,-55
BLE,1705563191474296562,DF:DF:EE:00:00:04,-36
BLE,1705563192005017190,D3:F4:55:AB:96:20,-59
BLE,1705563192013690444,DF:DF:EE:00:00:04,-36
BLE,1705563192201767942,D3:F4:55:AB:96:20,-57
BLE,1705563192392186740,D3:F4:55:AB:96:20,-58
BLE,1705563192476353773,DF:DF:EE:00:00:04,-38
BLE,1705563192586266446,D3:F4:55:AB:96:20,-57
BLE,1705563192966213514,D3:F4:55:AB:96:20,-58
BLE,1705563193018032499,DF:DF:EE:00:00:04,-35
BLE,1705563193357138554,D3:F4:55:AB:96:20,-58
BLE,1705563193469390277,DF:DF:EE:00:00:04,-34
BLE,1705563193555537199,D3:F4:55:AB:96:20,-56
BLE,1705563193746495823,D3:F4:55:AB:96:20,-55
BLE,1705563193940509280,D3:F4:55:AB:96:20,-59
BLE,1705563194009431109,DF:DF:EE:00:00:04,-35
BLE,1705563194130988370,D3:F4:55:AB:96:20,-44
BLE,1705563194476242380,DF:DF:EE:00:00:04,-39
BLE,1705563194522204447,D3:F4:55:AB:96:20,-58
BLE,1705563194710933644,D3:F4:55:AB:96:20,-58
BLE,1705563194904173986,D3:F4:55:AB:96:20,-57
BLE,1705563195095610896,D3:F4:55:AB:96:20,-54
BLE,1705563195475597296,DF:DF:EE:00:00:04,-34
BLE,1705563195858712403,D3:F4:55:AB:96:20,-57
BLE,1705563196018824500,DF:DF:EE:00:00:04,-36
BLE,1705563196051552876,D3:F4:55:AB:96:20,-56
BLE,1705563196440008825,D3:F4:55:AB:96:20,-58
BLE,1705563196822595690,D3:F4:55:AB:96:20,-59
BLE,1705563197013533564,DF:DF:EE:00:00:04,-36
BLE,1705563197015055877,D3:F4:55:AB:96:20,-55
BLE,1705563197203231623,D3:F4:55:AB:96:20,-57
BLE,1705563197401465729,D3:F4:55:AB:96:20,-57
BLE,1705563197475181866,DF:DF:EE:00:00:04,-34
BLE,1705563197983896927,D3:F4:55:AB:96:20,-57
BLE,1705563198012705941,DF:DF:EE:00:00:04,-34
BLE,1705563198170179117,D3:F4:55:AB:96:20,-58
BLE,1705563198369752746,D3:F4:55:AB:96:20,-57
BLE,1705563199013975914,DF:DF:EE:00:00:04,-38
BLE,1705563199710585142,D3:F4:55:AB:96:20,-55
BLE,1705563200013503911,DF:DF:EE:00:00:04,-39
BLE,1705563200090658291,D3:F4:55:AB:96:20,-55
BLE,1705563200265535057,DF:A6:DC:DC:2E:81,-64
BLE,1705563200265576557,DF:DF:EE:00:00:01,-64
BLE,1705563200472706330,DF:DF:EE:00:00:04,-35
BLE,1705563201014450388,DF:DF:EE:00:00:04,-36
BLE,1705563201065910752,D3:F4:55:AB:96:20,-57
BLE,1705563201261802808,D3:F4:55:AB:96:20,-55
BLE,1705563201474469212,DF:DF:EE:00:00:04,-39
BLE,1705563201650632460,D3:F4:55:AB:96:20,-58
BLE,1705563202230635525,D3:F4:55:AB:96:20,-55
BLE,1705563202619334054,D3:F4:55:AB:96:20,-56
BLE,1705563203003964848,D3:F4:55:AB:96:20,-57
BLE,1705563203018372939,DF:DF:EE:00:00:04,-36
BLE,1705563203195871043,D3:F4:55:AB:96:20,-54
BLE,1705563203470201919,DF:DF:EE:00:00:04,-36
BLE,1705563203585229146,D3:F4:55:AB:96:20,-57
BLE,1705563203777608709,D3:F4:55:AB:96:20,-58
BLE,1705563203973093103,D3:F4:55:AB:96:20,-57
BLE,1705563204163331404,D3:F4:55:AB:96:20,-55
BLE,1705563204548639522,D3:F4:55:AB:96:20,-50
BLE,1705563205018143506,DF:DF:EE:00:00:04,-35
BLE,1705563205478950569,DF:DF:EE:00:00:04,-38
BLE,1705563205506990344,D3:F4:55:AB:96:20,-59
BLE,1705563205705375157,D3:F4:55:AB:96:20,-56
BLE,1705563205890810983,D3:F4:55:AB:96:20,-58
BLE,1705563206012269578,DF:DF:EE:00:00:04,-42
BLE,1705563206270978923,D3:F4:55:AB:96:20,-59
BLE,1705563206463894853,D3:F4:55:AB:96:20,-56
BLE,1705563206473976588,DF:DF:EE:00:00:04,-35
BLE,1705563206658217181,D3:F4:55:AB:96:20,-58
BLE,1705563206848743269,D3:F4:55:AB:96:20,-57
BLE,1705563207017149167,DF:DF:EE:00:00:04,-35
BLE,1705563207038362746,D3:F4:55:AB:96:20,-59
BLE,1705563207235687865,D3:F4:55:AB:96:20,-58
BLE,1705563207426511616,D3:F4:55:AB:96:20,-54
BLE,1705563207472037022,DF:DF:EE:00:00:04,-35
BLE,1705563207615824013,D3:F4:55:AB:96:20,-57
BLE,1705563207997254935,D3:F4:55:AB:96:20,-57
BLE,1705563208013210921,DF:DF:EE:00:00:04,-35
BLE,1705563208193069825,D3:F4:55:AB:96:20,-55
BLE,1705563208385831133,D3:F4:55:AB:96:20,-59
BLE,1705563208575929936,D3:F4:55:AB:96:20,-55
BLE,1705563208964473842,D3:F4:55:AB:96:20,-57
BLE,1705563209154971764,D3:F4:55:AB:96:20,-57
BLE,1705563209176034512,DF:A6:DC:DC:2E:81,-63
BLE,1705563209176061720,DF:DF:EE:00:00:01,-63
BLE,1705563209348126816,D3:F4:55:AB:96:20,-58
BLE,1705563209468814464,DF:DF:EE:00:00:04,-34
BLE,1705563209534468589,D3:F4:55:AB:96:20,-59
BLE,1705563209915431017,D3:F4:55:AB:96:20,-58
BLE,1705563210014670923,DF:DF:EE:00:00:04,-35
BLE,1705563210109107479,D3:F4:55:AB:96:20,-55
BLE,1705563210494887757,D3:F4:55:AB:96:20,-58
BLE,1705563210881245485,D3:F4:55:AB:96:20,-57
BLE,1705563211013590928,DF:DF:EE:00:00:04,-38
BLE,1705563211073780171,D3:F4:55:AB:96:20,-55
BLE,1705563211455779793,D3:F4:55:AB:96:20,-55
BLE,1705563211475870763,DF:DF:EE:00:00:04,-36
BLE,1705563211835758236,D3:F4:55:AB:96:20,-55
BLE,1705563212008406449,DF:DF:EE:00:00:04,-35
BLE,1705563212473492745,DF:DF:EE:00:00:04,-39
BLE,1705563212610334042,D3:F4:55:AB:96:20,-57
BLE,1705563212799410401,D3:F4:55:AB:96:20,-57
BLE,1705563212996350275,D3:F4:55:AB:96:20,-57
BLE,1705563213000813129,DF:A6:DC:DC:2E:81,-65
BLE,1705563213000840462,DF:DF:EE:00:00:01,-65
BLE,1705563213009443758,DF:DF:EE:00:00:04,-36
BLE,1705563213183546118,D3:F4:55:AB:96:20,-57
BLE,1705563213376740170,D3:F4:55:AB:96:20,-57
BLE,1705563213564821001,D3:F4:55:AB:96:20,-59
BLE,1705563214014737383,DF:DF:EE:00:00:04,-20
BLE,1705563214331171172,D3:F4:55:AB:96:20,-59
BLE,1705563214479526224,DF:DF:EE:00:00:04,-45
BLE,1705563214525929118,D3:F4:55:AB:96:20,-58
BLE,1705563215019853552,DF:DF:EE:00:00:04,-38
BLE,1705563215096748770,D3:F4:55:AB:96:20,-43
BLE,1705563215483461743,D3:F4:55:AB:96:20,-55
BLE,1705563215543354031,DF:A6:DC:DC:2E:81,-65
BLE,1705563215543390573,DF:DF:EE:00:00:01,-65
BLE,1705563216051213063,D3:F4:55:AB:96:20,-57
BLE,1705563216241086952,D3:F4:55:AB:96:20,-58
BLE,1705563216436462556,D3:F4:55:AB:96:20,-57
BLE,1705563216479474747,DF:DF:EE:00:00:04,-39
BLE,1705563216826791563,D3:F4:55:AB:96:20,-59
BLE,1705563217012070600,DF:DF:EE:00:00:04,-36
BLE,1705563217217065778,D3:F4:55:AB:96:20,-55
BLE,1705563217408878557,D3:F4:55:AB:96:20,-43
BLE,1705563217478017925,DF:DF:EE:00:00:04,-34
BLE,1705563218470473479,DF:DF:EE:00:00:04,-34
BLE,1705563218556742732,D3:F4:55:AB:96:20,-59
BLE,1705563218756106156,D3:F4:55:AB:96:20,-57
BLE,1705563219013438270,DF:DF:EE:00:00:04,-33
BLE,1705563219337414661,D3:F4:55:AB:96:20,-57
BLE,1705563219475815269,DF:DF:EE:00:00:04,-38
BLE,1705563219723600600,D3:F4:55:AB:96:20,-56
BLE,1705563220109381211,D3:F4:55:AB:96:20,-58
BLE,1705563220303298003,D3:F4:55:AB:96:20,-58
BLE,1705563220472293351,DF:DF:EE:00:00:04,-35
BLE,1705563220493812717,D3:F4:55:AB:96:20,-59
BLE,1705563220691759660,D3:F4:55:AB:96:20,-57
BLE,1705563220881077307,D3:F4:55:AB:96:20,-55
BLE,1705563221012119977,DF:DF:EE:00:00:04,-34
BLE,1705563221458483992,D3:F4:55:AB:96:20,-59
BLE,1705563221474425936,DF:DF:EE:00:00:04,-38
BLE,1705563221654059469,D3:F4:55:AB:96:20,-57
BLE,1705563222014723848,DF:DF:EE:00:00:04,-38
BLE,1705563222229012479,D3:F4:55:AB:96:20,-59
BLE,1705563222230549958,D3:F4:55:AB:96:20,-55
BLE,1705563222420656844,D3:F4:55:AB:96:20,-58
BLE,1705563222479395399,DF:DF:EE:00:00:04,-35
BLE,1705563222606841619,D3:F4:55:AB:96:20,-59
BLE,1705563222803500622,D3:F4:55:AB:96:20,-57
BLE,1705563222999653715,D3:F4:55:AB:96:20,-55
BLE,1705563223382578700,D3:F4:55:AB:96:20,-55
BLE,1705563223470869050,DF:DF:EE:00:00:04,-34
BLE,1705563223574935679,D3:F4:55:AB:96:20,-59
BLE,1705563223772469379,D3:F4:55:AB:96:20,-56
BLE,1705563224012838188,DF:DF:EE:00:00:04,-36
BLE,1705563224164315489,D3:F4:55:AB:96:20,-59
BLE,1705563224354420000,D3:F4:55:AB:96:20,-57
BLE,1705563224474435074,DF:DF:EE:00:00:04,-34
BLE,1705563224736137751,D3:F4:55:AB:96:20,-56
BLE,1705563225015087605,DF:DF:EE:00:00:04,-34
BLE,1705563225318467326,D3:F4:55:AB:96:20,-55
BLE,1705563225480074110,DF:DF:EE:00:00:04,-39
BLE,1705563225693171967,D3:F4:55:AB:96:20,-58
BLE,1705563225735686081,DF:A6:DC:DC:2E:81,-65
BLE,1705563225735711998,DF:DF:EE:00:00:01,-65
BLE,1705563225888160202,D3:F4:55:AB:96:20,-57
BLE,1705563226018568922,DF:DF:EE:00:00:04,-38
BLE,1705563226274897800,D3:F4:55:AB:96:20,-59
BLE,1705563226658888561,D3:F4:55:AB:96:20,-57
BLE,1705563226848158417,D3:F4:55:AB:96:20,-54
BLE,1705563227009825868,DF:DF:EE:00:00:04,-40
BLE,1705563227045983321,D3:F4:55:AB:96:20,-55
BLE,1705563227239448452,D3:F4:55:AB:96:20,-58
BLE,1705563227433285369,D3:F4:55:AB:96:20,-54
BLE,1705563227813227646,D3:F4:55:AB:96:20,-55
BLE,1705563228001959509,D3:F4:55:AB:96:20,-73
BLE,1705563228010682221,DF:DF:EE:00:00:04,-29
BLE,1705563228193488917,D3:F4:55:AB:96:20,-55
BLE,1705563228581002421,D3:F4:55:AB:96:20,-55
BLE,1705563228771078391,D3:F4:55:AB:96:20,-58
BLE,1705563228968745589,D3:F4:55:AB:96:20,-57
BLE,1705563229012079150,DF:DF:EE:00:00:04,-38
BLE,1705563229154992612,D3:F4:55:AB:96:20,-58
BLE,1705563229345073665,D3:F4:55:AB:96:20,-55
BLE,1705563229472743257,DF:DF:EE:00:00:04,-35
BLE,1705563229536082831,D3:F4:55:AB:96:20,-59
BLE,1705563229562086218,DF:A6:DC:DC:2E:81,-66
BLE,1705563229562113759,DF:DF:EE:00:00:01,-66
BLE,1705563229735000886,D3:F4:55:AB:96:20,-57
BLE,1705563230013371414,DF:DF:EE:00:00:04,-35
BLE,1705563230469185131,DF:DF:EE:00:00:04,-34
BLE,1705563230498779717,D3:F4:55:AB:96:20,-56
BLE,1705563230689203807,D3:F4:55:AB:96:20,-58
BLE,1705563230690731453,D3:F4:55:AB:96:20,-55
BLE,1705563231010044826,DF:DF:EE:00:00:04,-36
BLE,1705563231070071821,D3:F4:55:AB:96:20,-73
BLE,1705563231265468425,D3:F4:55:AB:96:20,-58
BLE,1705563231451745489,D3:F4:55:AB:96:20,-59
BLE,1705563231649538143,D3:F4:55:AB:96:20,-57
BLE,1705563231839563614,D3:F4:55:AB:96:20,-55
BLE,1705563232011163800,DF:DF:EE:00:00:04,-35
BLE,1705563232218422197,D3:F4:55:AB:96:20,-58
BLE,1705563232411584749,D3:F4:55:AB:96:20,-58
BLE,1705563232479095139,DF:DF:EE:00:00:04,-39
BLE,1705563232598667636,D3:F4:55:AB:96:20,-58
BLE,1705563232983263347,D3:F4:55:AB:96:20,-58
BLE,1705563233014044959,DF:DF:EE:00:00:04,-36
BLE,1705563233176740103,D3:F4:55:AB:96:20,-57
BLE,1705563233371233261,D3:F4:55:AB:96:20,-55
BLE,1705563233756244509,D3:F4:55:AB:96:20,-55
BLE,1705563233948514281,D3:F4:55:AB:96:20,-53
BLE,1705563234015575261,DF:DF:EE:00:00:04,-35
BLE,1705563234143472058,D3:F4:55:AB:96:20,-57
BLE,1705563234330040119,D3:F4:55:AB:96:20,-59
BLE,1705563234472483046,DF:DF:EE:00:00:04,-35
BLE,1705563234527125491,D3:F4:55:AB:96:20,-57
BLE,1705563234649287951,DF:A6:DC:DC:2E:81,-65
BLE,1705563234649321159,DF:DF:EE:00:00:01,-65
BLE,1705563234713385222,D3:F4:55:AB:96:20,-59
BLE,1705563234908306541,D3:F4:55:AB:96:20,-57
BLE,1705563235011372477,DF:DF:EE:00:00:04,-36
BLE,1705563235094696396,D3:F4:55:AB:96:20,-58
BLE,1705563235672812155,D3:F4:55:AB:96:20,-57
BLE,1705563235863462742,D3:F4:55:AB:96:20,-56
BLE,1705563236010943681,DF:DF:EE:00:00:04,-38
BLE,1705563236260066660,D3:F4:55:AB:96:20,-58
BLE,1705563236474344167,DF:DF:EE:00:00:04,-36
BLE,1705563236836003782,D3:F4:55:AB:96:20,-56
BLE,1705563237009320403,DF:DF:EE:00:00:04,-35
BLE,1705563237190240667,DF:A6:DC:DC:2E:81,-65
BLE,1705563237190269500,DF:DF:EE:00:00:01,-65
BLE,1705563237472749888,DF:DF:EE:00:00:04,-39
BLE,1705563237599113040,D3:F4:55:AB:96:20,-55
BLE,1705563237988819263,D3:F4:55:AB:96:20,-57
BLE,1705563238015915343,DF:DF:EE:00:00:04,-39
BLE,1705563238176461267,D3:F4:55:AB:96:20,-58
BLE,1705563238371027841,D3:F4:55:AB:96:20,-58
BLE,1705563238470052249,DF:DF:EE:00:00:04,-35
BLE,1705563238560950563,D3:F4:55:AB:96:20,-59
BLE,1705563238749743134,D3:F4:55:AB:96:20,-55
BLE,1705563238943863839,D3:F4:55:AB:96:20,-57
BLE,1705563239016525408,DF:DF:EE:00:00:04,-36
BLE,1705563239334022598,D3:F4:55:AB:96:20,-55
BLE,1705563239477261556,DF:DF:EE:00:00:04,-39
BLE,1705563239523798156,D3:F4:55:AB:96:20,-58
BLE,1705563239730134315,DF:A6:DC:DC:2E:81,-65
BLE,1705563239730173773,DF:DF:EE:00:00:01,-65
BLE,1705563240010027364,DF:DF:EE:00:00:04,-35
BLE,1705563240104759291,D3:F4:55:AB:96:20,-57
BLE,1705563240294035730,D3:F4:55:AB:96:20,-57
BLE,1705563240491656095,D3:F4:55:AB:96:20,-56
BLE,1705563240880360082,D3:F4:55:AB:96:20,-57
BLE,1705563241013914717,DF:DF:EE:00:00:04,-34
BLE,1705563241464215052,D3:F4:55:AB:96:20,-58
BLE,1705563241474099830,DF:DF:EE:00:00:04,-35
BLE,1705563241659342660,D3:F4:55:AB:96:20,-57
BLE,1705563242241286989,D3:F4:55:AB:96:20,-58
BLE,1705563242275333264,DF:A6:DC:DC:2E:81,-65
BLE,1705563242275361597,DF:DF:EE:00:00:01,-65
BLE,1705563242469807547,DF:DF:EE:00:00:04,-38
BLE,1705563242624844715,D3:F4:55:AB:96:20,-57
BLE,1705563243015101764,DF:DF:EE:00:00:04,-34
BLE,1705563243392827946,D3:F4:55:AB:96:20,-57
BLE,1705563243471741219,DF:DF:EE:00:00:04,-36
BLE,1705563243588410381,D3:F4:55:AB:96:20,-54
BLE,1705563244013991228,DF:DF:EE:00:00:04,-36
BLE,1705563244156684402,D3:F4:55:AB:96:20,-42
BLE,1705563244344193741,D3:F4:55:AB:96:20,-59
BLE,1705563244471545337,DF:DF:EE:00:00:04,-38
BLE,1705563244537700996,D3:F4:55:AB:96:20,-57
BLE,1705563244724460554,D3:F4:55:AB:96:20,-58
BLE,1705563244913860951,D3:F4:55:AB:96:20,-55
BLE,1705563245010414268,DF:DF:EE:00:00:04,-39
BLE,1705563245302284108,D3:F4:55:AB:96:20,-58
BLE,1705563245470514009,DF:DF:EE:00:00:04,-35
BLE,1705563245497665504,D3:F4:55:AB:96:20,-55
BLE,1705563245688434465,D3:F4:55:AB:96:20,-57
BLE,1705563245882736584,D3:F4:55:AB:96:20,-55
BLE,1705563246010081472,DF:DF:EE:00:00:04,-35
BLE,1705563246077822151,D3:F4:55:AB:96:20,-59
BLE,1705563246466134268,D3:F4:55:AB:96:20,-55
BLE,1705563246472943757,DF:DF:EE:00:00:04,-38
BLE,1705563246661788119,D3:F4:55:AB:96:20,-57
BLE,1705563247007410999,DF:DF:EE:00:00:04,-38
BLE,1705563247049102667,D3:F4:55:AB:96:20,-54
BLE,1705563247471159397,DF:DF:EE:00:00:04,-35
BLE,1705563247815022552,D3:F4:55:AB:96:20,-55
BLE,1705563248005578140,D3:F4:55:AB:96:20,-57
BLE,1705563248191705332,D3:F4:55:AB:96:20,-59
BLE,1705563248476841766,DF:DF:EE:00:00:04,-38
BLE,1705563248577349362,D3:F4:55:AB:96:20,-59
BLE,1705563248578678344,D3:F4:55:AB:96:20,-55
BLE,1705563248767943200,D3:F4:55:AB:96:20,-57
BLE,1705563248961751826,D3:F4:55:AB:96:20,-55
BLE,1705563249017384466,DF:DF:EE:00:00:04,-39
BLE,1705563249151547550,D3:F4:55:AB:96:20,-57
BLE,1705563249341870892,D3:F4:55:AB:96:20,-59
BLE,1705563249474461123,DF:DF:EE:00:00:04,-35
BLE,1705563249536674087,D3:F4:55:AB:96:20,-57
BLE,1705563249731122371,D3:F4:55:AB:96:20,-55
BLE,1705563249904702197,DF:A6:DC:DC:2E:81,-65
BLE,1705563249904734988,DF:DF:EE:00:00:01,-65
BLE,1705563249921593169,D3:F4:55:AB:96:20,-58
BLE,1705563250116629070,D3:F4:55:AB:96:20,-58
BLE,1705563250304960939,D3:F4:55:AB:96:20,-59
BLE,1705563250473025342,DF:DF:EE:00:00:04,-35
BLE,1705563250499027354,D3:F4:55:AB:96:20,-57
BLE,1705563250689429986,D3:F4:55:AB:96:20,-58
BLE,1705563250886076072,D3:F4:55:AB:96:20,-56
BLE,1705563251017475320,DF:DF:EE:00:00:04,-38
BLE,1705563251081274346,D3:F4:55:AB:96:20,-55
BLE,1705563251273400079,D3:F4:55:AB:96:20,-59
BLE,1705563251472034721,D3:F4:55:AB:96:20,-57
BLE,1705563251475786044,DF:DF:EE:00:00:04,-35
BLE,1705563251667402950,D3:F4:55:AB:96:20,-55
BLE,1705563252010838820,DF:DF:EE:00:00:04,-38
BLE,1705563252469996115,DF:DF:EE:00:00:04,-35
BLE,1705563252636531247,D3:F4:55:AB:96:20,-56
BLE,1705563253006190833,DF:DF:EE:00:00:04,-34
BLE,1705563253021818032,D3:F4:55:AB:96:20,-58
BLE,1705563253210551812,D3:F4:55:AB:96:20,-59
BLE,1705563253399365383,D3:F4:55:AB:96:20,-55
BLE,1705563253589045942,D3:F4:55:AB:96:20,-58
BLE,1705563253724113722,DF:A6:DC:DC:2E:81,-65
BLE,1705563253724141680,DF:DF:EE:00:00:01,-65
BLE,1705563253778026844,D3:F4:55:AB:96:20,-55
BLE,1705563254014241211,DF:DF:EE:00:00:04,-52
BLE,1705563254168976758,D3:F4:55:AB:96:20,-58
BLE,1705563254355124658,D3:F4:55:AB:96:20,-59
BLE,1705563254475571267,DF:DF:EE:00:00:04,-35
BLE,1705563254549117490,D3:F4:55:AB:96:20,-56
BLE,1705563254931669230,D3:F4:55:AB:96:20,-57
BLE,1705563255007563420,DF:DF:EE:00:00:04,-35
BLE,1705563255119202486,D3:F4:55:AB:96:20,-59
BLE,1705563255313770768,D3:F4:55:AB:96:20,-57
BLE,1705563255471305442,DF:DF:EE:00:00:04,-39
BLE,1705563255503828363,D3:F4:55:AB:96:20,-58
BLE,1705563255702219300,D3:F4:55:AB:96:20,-56
BLE,1705563256012002348,DF:DF:EE:00:00:04,-39
BLE,1705563256087485836,D3:F4:55:AB:96:20,-59
BLE,1705563256284052423,D3:F4:55:AB:96:20,-57
BLE,1705563256473046117,DF:DF:EE:00:00:04,-35
BLE,1705563256668744842,D3:F4:55:AB:96:20,-57
BLE,1705563256864980601,D3:F4:55:AB:96:20,-55
BLE,1705563257010100573,DF:DF:EE:00:00:04,-34
BLE,1705563257055793644,D3:F4:55:AB:96:20,-59
BLE,1705563257253872085,D3:F4:55:AB:96:20,-56
BLE,1705563257448777404,D3:F4:55:AB:96:20,-55
BLE,1705563257477099509,DF:DF:EE:00:00:04,-40
BLE,1705563257639263327,D3:F4:55:AB:96:20,-58
BLE,1705563257837936469,D3:F4:55:AB:96:20,-58
BLE,1705563258016883927,DF:DF:EE:00:00:04,-38
BLE,1705563258026608125,D3:F4:55:AB:96:20,-59
BLE,1705563258411077796,D3:F4:55:AB:96:20,-55
BLE,1705563258801380303,D3:F4:55:AB:96:20,-57
BLE,1705563258808853573,DF:A6:DC:DC:2E:81,-65
BLE,1705563258808882073,DF:DF:EE:00:00:01,-65
BLE,1705563258991646520,D3:F4:55:AB:96:20,-59
BLE,1705563259008182039,DF:DF:EE:00:00:04,-40
BLE,1705563259188835308,D3:F4:55:AB:96:20,-57
BLE,1705563259374201260,D3:F4:55:AB:96:20,-58
BLE,1705563259474432902,DF:DF:EE:00:00:04,-35
BLE,1705563260152082853,D3:F4:55:AB:96:20,-57
BLE,1705563260344050297,D3:F4:55:AB:96:20,-58
BLE,1705563260732650702,D3:F4:55:AB:96:20,-55
BLE,1705563260925513425,D3:F4:55:AB:96:20,-59
BLE,1705563261120216163,D3:F4:55:AB:96:20,-57
BLE,1705563261316843458,D3:F4:55:AB:96:20,-54
BLE,1705563261352996078,DF:A6:DC:DC:2E:81,-66
BLE,1705563261353022995,DF:DF:EE:00:00:01,-66
BLE,1705563261471910543,DF:DF:EE:00:00:04,-35
BLE,1705563261698290130,D3:F4:55:AB:96:20,-55
BLE,1705563261889327087,D3:F4:55:AB:96:20,-58
BLE,1705563262077356919,D3:F4:55:AB:96:20,-44
BLE,1705563262078891106,D3:F4:55:AB:96:20,-54
BLE,1705563262272733732,D3:F4:55:AB:96:20,-56
BLE,1705563262462572413,D3:F4:55:AB:96:20,-54
BLE,1705563262470505761,DF:DF:EE:00:00:04,-39
BLE,1705563262655166306,D3:F4:55:AB:96:20,-57
BLE,1705563262842123903,D3:F4:55:AB:96:20,-59
BLE,1705563263035941946,D3:F4:55:AB:96:20,-58
BLE,1705563263420112038,D3:F4:55:AB:96:20,-57
BLE,1705563263477061243,DF:DF:EE:00:00:04,-36
BLE,1705563263607218966,D3:F4:55:AB:96:20,-58
BLE,1705563263797365102,D3:F4:55:AB:96:20,-57
BLE,1705563263993335448,D3:F4:55:AB:96:20,-55
BLE,1705563264015186143,DF:DF:EE:00:00:04,-36
BLE,1705563264375163990,D3:F4:55:AB:96:20,-55
BLE,1705563264468102733,DF:DF:EE:00:00:04,-36
BLE,1705563264566496442,D3:F4:55:AB:96:20,-57
BLE,1705563264757029448,D3:F4:55:AB:96:20,-55
BLE,1705563264949744506,D3:F4:55:AB:96:20,-58
BLE,1705563265008310104,DF:DF:EE:00:00:04,-36
BLE,1705563265518463937,D3:F4:55:AB:96:20,-58
BLE,1705563266014457342,DF:DF:EE:00:00:04,-34
BLE,1705563266093099535,D3:F4:55:AB:96:20,-56
BLE,1705563266284731567,D3:F4:55:AB:96:20,-59
BLE,1705563266475278697,DF:DF:EE:00:00:04,-39
BLE,1705563266675306945,D3:F4:55:AB:96:20,-55
BLE,1705563266676446970,D3:F4:55:AB:96:20,-57
BLE,1705563267017481624,DF:DF:EE:00:00:04,-39
BLE,1705563267061581424,D3:F4:55:AB:96:20,-58
BLE,1705563267250345996,D3:F4:55:AB:96:20,-59
BLE,1705563267444055374,D3:F4:55:AB:96:20,-57
BLE,1705563267471561364,DF:DF:EE:00:00:04,-35
BLE,1705563267633394562,D3:F4:55:AB:96:20,-57
BLE,1705563268022813706,D3:F4:55:AB:96:20,-55
BLE,1705563268214617360,D3:F4:55:AB:96:20,-59
BLE,1705563268411969187,D3:F4:55:AB:96:20,-57
BLE,1705563268474053570,DF:DF:EE:00:00:04,-34
BLE,1705563268604316917,D3:F4:55:AB:96:20,-55
BLE,1705563268796851769,D3:F4:55:AB:96:20,-57
BLE,1705563269017834099,DF:DF:EE:00:00:04,-39
BLE,1705563269475732953,DF:DF:EE:00:00:04,-34
BLE,1705563269568224786,D3:F4:55:AB:96:20,-57
BLE,1705563269760003066,D3:F4:55:AB:96:20,-57
BLE,1705563269946953996,D3:F4:55:AB:96:20,-58
BLE,1705563270135859941,D3:F4:55:AB:96:20,-55
BLE,1705563270472950524,DF:DF:EE:00:00:04,-35
BLE,1705563270519370251,D3:F4:55:AB:96:20,-55
BLE,1705563271008955079,DF:DF:EE:00:00:04,-35
BLE,1705563271279109514,D3:F4:55:AB:96:20,-59
BLE,1705563271469748559,DF:DF:EE:00:00:04,-38
BLE,1705563271474573117,D3:F4:55:AB:96:20,-57
BLE,1705563271526946844,DF:A6:DC:DC:2E:81,-66
BLE,1705563271526974802,DF:DF:EE:00:00:01,-66
BLE,1705563271664782918,D3:F4:55:AB:96:20,-55
BLE,1705563271854398145,D3:F4:55:AB:96:20,-57
BLE,1705563272010489298,DF:DF:EE:00:00:04,-39
BLE,1705563272048463267,D3:F4:55:AB:96:20,-55
BLE,1705563272243183589,D3:F4:55:AB:96:20,-59
BLE,1705563272439093144,D3:F4:55:AB:96:20,-57
BLE,1705563272467887034,DF:DF:EE:00:00:04,-34
BLE,1705563272631673996,D3:F4:55:AB:96:20,-55
BLE,1705563272820980310,D3:F4:55:AB:96:20,-57
BLE,1705563273007102085,DF:DF:EE:00:00:04,-36
BLE,1705563273009397387,D3:F4:55:AB:96:20,-58
BLE,1705563273202020446,D3:F4:55:AB:96:20,-58
BLE,1705563273476058827,DF:DF:EE:00:00:04,-39
BLE,1705563273770079345,D3:F4:55:AB:96:20,-56
BLE,1705563273956698988,D3:F4:55:AB:96:20,-58
BLE,1705563274009943119,DF:DF:EE:00:00:04,-36
BLE,1705563274342078272,D3:F4:55:AB:96:20,-56
BLE,1705563274473628393,DF:DF:EE:00:00:04,-35
BLE,1705563274727868758,D3:F4:55:AB:96:20,-55
BLE,1705563274916741203,D3:F4:55:AB:96:20,-57
BLE,1705563275009772320,DF:DF:EE:00:00:04,-35
BLE,1705563275108296569,D3:F4:55:AB:96:20,-54
BLE,1705563275302287026,D3:F4:55:AB:96:20,-59
BLE,1705563275477381914,DF:DF:EE:00:00:04,-40
BLE,1705563276016782505,DF:DF:EE:00:00:04,-38
BLE,1705563276070077385,D3:F4:55:AB:96:20,-43
BLE,1705563276457130687,D3:F4:55:AB:96:20,-55
BLE,1705563276468224324,DF:DF:EE:00:00:04,-38
BLE,1705563276648526014,D3:F4:55:AB:96:20,-56
BLE,1705563276843336209,D3:F4:55:AB:96:20,-55
BLE,1705563277034819868,D3:F4:55:AB:96:20,-58
BLE,1705563277233269304,D3:F4:55:AB:96:20,-57
BLE,1705563277428646159,D3:F4:55:AB:96:20,-50
BLE,1705563277474157106,DF:DF:EE:00:00:04,-35
BLE,1705563277814380521,D3:F4:55:AB:96:20,-57
BLE,1705563278196791804,D3:F4:55:AB:96:20,-57
BLE,1705563278468798088,DF:DF:EE:00:00:04,-38
BLE,1705563278580835065,D3:F4:55:AB:96:20,-57
BLE,1705563279012248372,DF:DF:EE:00:00:04,-40
BLE,1705563279164419872,D3:F4:55:AB:96:20,-57
BLE,1705563279469385654,DF:DF:EE:00:00:04,-35
BLE,1705563279546816197,D3:F4:55:AB:96:20,-57
BLE,1705563279923515685,D3:F4:55:AB:96:20,-55
BLE,1705563280013825965,DF:DF:EE:00:00:04,-35
BLE,1705563280304612904,D3:F4:55:AB:96:20,-55
BLE,1705563280474897775,DF:DF:EE:00:00:04,-38
BLE,1705563280500762456,D3:F4:55:AB:96:20,-43
BLE,1705563280881785508,D3:F4:55:AB:96:20,-56
BLE,1705563281007772207,DF:DF:EE:00:00:04,-34
BLE,1705563281070535039,D3:F4:55:AB:96:20,-55
BLE,1705563281262525482,D3:F4:55:AB:96:20,-57
BLE,1705563281456091195,D3:F4:55:AB:96:20,-40
BLE,1705563281475864044,DF:DF:EE:00:00:04,-36
BLE,1705563281649732740,D3:F4:55:AB:96:20,-57
BLE,1705563281715092119,DF:A6:DC:DC:2E:81,-63
BLE,1705563281715140660,DF:DF:EE:00:00:01,-63
BLE,1705563282232420726,D3:F4:55:AB:96:20,-57
BLE,1705563282429854677,D3:F4:55:AB:96:20,-56
BLE,1705563282469328625,DF:DF:EE:00:00:04,-36
BLE,1705563282817475596,D3:F4:55:AB:96:20,-57
BLE,1705563283008840298,DF:DF:EE:00:00:04,-43
BLE,1705563283012270125,D3:F4:55:AB:96:20,-73
BLE,1705563283202097057,D3:F4:55:AB:96:20,-59
BLE,1705563283396196762,D3:F4:55:AB:96:20,-57
BLE,1705563283590054221,D3:F4:55:AB:96:20,-55
BLE,1705563283781763377,D3:F4:55:AB:96:20,-57
BLE,1705563283977593933,D3:F4:55:AB:96:20,-55
BLE,1705563284010040480,DF:DF:EE:00:00:04,-34
BLE,1705563284170659194,D3:F4:55:AB:96:20,-59
BLE,1705563284362476223,D3:F4:55:AB:96:20,-57
BLE,1705563284474753488,DF:DF:EE:00:00:04,-39
BLE,1705563284553884800,D3:F4:55:AB:96:20,-58
BLE,1705563284747327181,D3:F4:55:AB:96:20,-57
BLE,1705563284942784951,D3:F4:55:AB:96:20,-55
BLE,1705563285005134080,DF:DF:EE:00:00:04,-34
BLE,1705563285006828598,DF:DF:EE:00:00:04,-35
BLE,1705563285136246124,D3:F4:55:AB:96:20,-59
BLE,1705563285330802406,D3:F4:55:AB:96:20,-57
BLE,1705563285469939838,DF:DF:EE:00:00:04,-38
BLE,1705563285517883918,D3:F4:55:AB:96:20,-58
BLE,1705563286090823540,D3:F4:55:AB:96:20,-55
BLE,1705563286285730109,D3:F4:55:AB:96:20,-59
BLE,1705563286472833121,DF:DF:EE:00:00:04,-36
BLE,1705563286869346582,D3:F4:55:AB:96:20,-58
BLE,1705563287004979063,DF:DF:EE:00:00:04,-34
BLE,1705563287253474717,D3:F4:55:AB:96:20,-53
BLE,1705563287442441536,D3:F4:55:AB:96:20,-55
BLE,1705563287471346799,DF:DF:EE:00:00:04,-51
BLE,1705563287637461770,D3:F4:55:AB:96:20,-58
BLE,1705563288007005567,DF:DF:EE:00:00:04,-38
BLE,1705563288023550336,D3:F4:55:AB:96:20,-55
BLE,1705563288472923559,DF:DF:EE:00:00:04,-35
BLE,1705563288601091060,D3:F4:55:AB:96:20,-58
BLE,1705563288798195682,D3:F4:55:AB:96:20,-57
BLE,1705563289008751116,DF:DF:EE:00:00:04,-34
BLE,1705563289185400440,D3:F4:55:AB:96:20,-59
BLE,1705563289382332481,D3:F4:55:AB:96:20,-57
BLE,1705563289473767954,DF:DF:EE:00:00:04,-23
BLE,1705563289570086150,D3:F4:55:AB:96:20,-58
BLE,1705563290005831105,DF:DF:EE:00:00:04,-36
BLE,1705563290145070785,D3:F4:55:AB:96:20,-58
BLE,1705563290334543389,D3:F4:55:AB:96:20,-58
BLE,1705563290722690176,D3:F4:55:AB:96:20,-55
BLE,1705563291105115584,D3:F4:55:AB:96:20,-54
BLE,1705563291468616340,DF:DF:EE:00:00:04,-36
BLE,1705563291866510865,D3:F4:55:AB:96:20,-58
BLE,1705563292015786822,DF:DF:EE:00:00:04,-38
BLE,1705563292060140744,D3:F4:55:AB:96:20,-57
BLE,1705563292247892122,D3:F4:55:AB:96:20,-59
BLE,1705563292443932467,D3:F4:55:AB:96:20,-57
BLE,1705563292474196752,DF:DF:EE:00:00:04,-34
BLE,1705563292635834619,D3:F4:55:AB:96:20,-54
BLE,1705563293007687050,DF:DF:EE:00:00:04,-38
BLE,1705563293020344540,D3:F4:55:AB:96:20,-55
BLE,1705563293402466869,D3:F4:55:AB:96:20,-55
BLE,1705563293469994885,DF:DF:EE:00:00:04,-35
BLE,1705563293783905625,D3:F4:55:AB:96:20,-55
BLE,1705563294165032051,D3:F4:55:AB:96:20,-55
BLE,1705563294354598362,D3:F4:55:AB:96:20,-58
BLE,1705563294468387314,DF:DF:EE:00:00:04,-39
BLE,1705563294541092090,D3:F4:55:AB:96:20,-59
BLE,1705563295010502408,DF:DF:EE:00:00:04,-39
BLE,1705563295300939893,D3:F4:55:AB:96:20,-57
BLE,1705563295466758785,DF:DF:EE:00:00:04,-35
BLE,1705563295496250707,D3:F4:55:AB:96:20,-54
BLE,1705563296009539537,DF:DF:EE:00:00:04,-32
BLE,1705563296082671807,D3:F4:55:AB:96:20,-56
BLE,1705563296472761275,D3:F4:55:AB:96:20,-57
BLE,1705563296850389750,D3:F4:55:AB:96:20,-57
BLE,1705563297007209477,DF:DF:EE:00:00:04,-39
BLE,1705563297415377692,D3:F4:55:AB:96:20,-58
BLE,1705563297466513436,DF:DF:EE:00:00:04,-35
BLE,1705563297987164414,D3:F4:55:AB:96:20,-57
BLE,1705563298012480352,DF:DF:EE:00:00:04,-36
BLE,1705563298177800668,D3:F4:55:AB:96:20,-57
BLE,1705563298367686057,D3:F4:55:AB:96:20,-56
BLE,1705563298470380164,DF:DF:EE:00:00:04,-40
BLE,1705563298562715041,D3:F4:55:AB:96:20,-58
BLE,1705563298750973286,D3:F4:55:AB:96:20,-59
BLE,1705563298946250600,D3:F4:55:AB:96:20,-57
BLE,1705563299013914655,DF:DF:EE:00:00:04,-39
BLE,1705563299134665969,D3:F4:55:AB:96:20,-58
BLE,1705563299330712689,D3:F4:55:AB:96:20,-58
BLE,1705563299468481806,DF:DF:EE:00:00:04,-35
BLE,1705563299527342567,D3:F4:55:AB:96:20,-58
BLE,1705563299718709769,D3:F4:55:AB:96:20,-59
BLE,1705563300107765793,D3:F4:55:AB:96:20,-55
BLE,1705563300303906095,D3:F4:55:AB:96:20,-59
BLE,1705563300476490684,DF:DF:EE:00:00:04,-39
BLE,1705563300697834134,D3:F4:55:AB:96:20,-57
BLE,1705563300888923882,D3:F4:55:AB:96:20,-59
BLE,1705563301008791916,DF:DF:EE:00:00:04,-35
BLE,1705563301081697523,D3:F4:55:AB:96:20,-57
BLE,1705563301273500510,D3:F4:55:AB:96:20,-43
BLE,1705563301274840158,D3:F4:55:AB:96:20,-45
BLE,1705563301464408968,D3:F4:55:AB:96:20,-57
BLE,1705563301654798767,D3:F4:55:AB:96:20,-60
BLE,1705563301849726961,D3:F4:55:AB:96:20,-57
BLE,1705563302040936874,D3:F4:55:AB:96:20,-55
BLE,1705563302233162689,D3:F4:55:AB:96:20,-58
BLE,1705563302428455753,D3:F4:55:AB:96:20,-56
BLE,1705563302464840578,DF:DF:EE:00:00:04,-35
BLE,1705563302619120881,D3:F4:55:AB:96:20,-59
BLE,1705563302810140505,D3:F4:55:AB:96:20,-56
BLE,1705563303192340374,D3:F4:55:AB:96:20,-56
BLE,1705563303337561346,DF:A6:DC:DC:2E:81,-66
BLE,1705563303337598345,DF:DF:EE:00:00:01,-66
BLE,1705563303382805089,D3:F4:55:AB:96:20,-59
BLE,1705563303467745611,DF:DF:EE:00:00:04,-39
BLE,1705563303579482550,D3:F4:55:AB:96:20,-57
BLE,1705563303766534604,D3:F4:55:AB:96:20,-68
BLE,1705563304006068883,DF:DF:EE:00:00:04,-38
BLE,1705563304150182329,D3:F4:55:AB:96:20,-59
BLE,1705563304343586960,D3:F4:55:AB:96:20,-58
BLE,1705563304471555506,DF:DF:EE:00:00:04,-36
BLE,1705563304532740943,D3:F4:55:AB:96:20,-59
BLE,1705563304915304933,D3:F4:55:AB:96:20,-58
BLE,1705563305011130970,DF:DF:EE:00:00:04,-36
BLE,1705563305111020116,D3:F4:55:AB:96:20,-57
BLE,1705563305471103961,DF:DF:EE:00:00:04,-39
BLE,1705563305497541092,D3:F4:55:AB:96:20,-59
BLE,1705563305880197372,DF:A6:DC:DC:2E:81,-65
BLE,1705563305880241955,DF:DF:EE:00:00:01,-65
BLE,1705563305884299273,D3:F4:55:AB:96:20,-68
BLE,1705563306007751132,DF:DF:EE:00:00:04,-39
BLE,1705563306075058525,D3:F4:55:AB:96:20,-57
BLE,1705563306262751320,D3:F4:55:AB:96:20,-58
BLE,1705563306462314949,D3:F4:55:AB:96:20,-58
BLE,1705563306466965176,DF:DF:EE:00:00:04,-34
BLE,1705563306846154213,D3:F4:55:AB:96:20,-57
BLE,1705563307007915287,DF:DF:EE:00:00:04,-35
BLE,1705563307225447540,D3:F4:55:AB:96:20,-57
BLE,1705563307412519344,D3:F4:55:AB:96:20,-57
BLE,1705563307472285217,DF:DF:EE:00:00:04,-40
BLE,1705563307797045972,D3:F4:55:AB:96:20,-59
BLE,1705563307991851960,D3:F4:55:AB:96:20,-57
BLE,1705563308010277161,DF:DF:EE:00:00:04,-38
BLE,1705563308184338729,D3:F4:55:AB:96:20,-55
BLE,1705563308374350575,D3:F4:55:AB:96:20,-57
BLE,1705563308424359585,DF:A6:DC:DC:2E:81,-65
BLE,1705563308424386376,DF:DF:EE:00:00:01,-65
BLE,1705563308468377304,DF:DF:EE:00:00:04,-20
BLE,1705563308565752485,D3:F4:55:AB:96:20,-55
BLE,1705563308761602625,D3:F4:55:AB:96:20,-59
BLE,1705563309147733273,D3:F4:55:AB:96:20,-58
BLE,1705563309466438863,DF:DF:EE:00:00:04,-36
BLE,1705563309533406844,D3:F4:55:AB:96:20,-56
BLE,1705563309724031973,D3:F4:55:AB:96:20,-58
BLE,1705563310013104852,DF:DF:EE:00:00:04,-39
BLE,1705563310112476089,D3:F4:55:AB:96:20,-58
BLE,1705563310311107148,D3:F4:55:AB:96:20,-57
BLE,1705563310470371840,DF:DF:EE:00:00:04,-35
BLE,1705563310504926982,D3:F4:55:AB:96:20,-55
BLE,1705563311010696084,DF:DF:EE:00:00:04,-30
BLE,1705563311081145392,D3:F4:55:AB:96:20,-58
BLE,1705563311473798741,DF:DF:EE:00:00:04,-35
BLE,1705563312011641645,DF:DF:EE:00:00:04,-33
BLE,1705563312038442354,D3:F4:55:AB:96:20,-57
BLE,1705563312416240618,D3:F4:55:AB:96:20,-55
BLE,1705563312473408778,DF:DF:EE:00:00:04,-40
BLE,1705563312609313463,D3:F4:55:AB:96:20,-59
BLE,1705563312808355891,D3:F4:55:AB:96:20,-57
BLE,1705563313001373445,D3:F4:55:AB:96:20,-55
BLE,1705563313192907936,D3:F4:55:AB:96:20,-58
BLE,1705563313383675980,D3:F4:55:AB:96:20,-55
BLE,1705563313466853110,DF:DF:EE:00:00:04,-35
BLE,1705563313771584478,D3:F4:55:AB:96:20,-56
BLE,1705563313958027249,D3:F4:55:AB:96:20,-58
BLE,1705563314012660944,DF:DF:EE:00:00:04,-36
BLE,1705563314149306911,D3:F4:55:AB:96:20,-55
BLE,1705563314720631139,D3:F4:55:AB:96:20,-57
BLE,1705563315008297121,DF:DF:EE:00:00:04,-38
BLE,1705563315106864827,D3:F4:55:AB:96:20,-43
BLE,1705563315301284237,D3:F4:55:AB:96:20,-57
BLE,1705563315469235557,DF:DF:EE:00:00:04,-34
BLE,1705563315490006392,D3:F4:55:AB:96:20,-58
BLE,1705563315679150417,D3:F4:55:AB:96:20,-55
BLE,1705563316014237278,DF:DF:EE:00:00:04,-35
BLE,1705563316068118900,D3:F4:55:AB:96:20,-56
BLE,1705563316453418185,D3:F4:55:AB:96:20,-57
BLE,1705563316472241422,DF:DF:EE:00:00:04,-38
BLE,1705563316839277504,D3:F4:55:AB:96:20,-59
BLE,1705563317011014813,DF:DF:EE:00:00:04,-39
BLE,1705563317038739926,D3:F4:55:AB:96:20,-57
BLE,1705563317233851617,D3:F4:55:AB:96:20,-56
BLE,1705563317473033193,DF:DF:EE:00:00:04,-35
BLE,1705563318466599023,DF:DF:EE:00:00:04,-36
BLE,1705563318565119064,D3:F4:55:AB:96:20,-58
BLE,1705563318754372920,D3:F4:55:AB:96:20,-59
BLE,1705563318945388836,D3:F4:55:AB:96:20,-57
BLE,1705563319005731951,DF:DF:EE:00:00:04,-35
BLE,1705563319135157893,D3:F4:55:AB:96:20,-58
BLE,1705563319328314695,D3:F4:55:AB:96:20,-57
BLE,1705563319524013920,D3:F4:55:AB:96:20,-50
BLE,1705563319714612549,D3:F4:55:AB:96:20,-58
BLE,1705563319880074155,DF:A6:DC:DC:2E:81,-65
BLE,1705563319880103780,DF:DF:EE:00:00:01,-65
BLE,1705563319906063625,D3:F4:55:AB:96:20,-56
BLE,1705563320291868486,D3:F4:55:AB:96:20,-55
BLE,1705563320471738932,DF:DF:EE:00:00:04,-35
BLE,1705563320485260952,D3:F4:55:AB:96:20,-58
BLE,1705563320674446434,D3:F4:55:AB:96:20,-55
BLE,1705563321010775986,DF:DF:EE:00:00:04,-35
BLE,1705563321247690594,D3:F4:55:AB:96:20,-52
BLE,1705563321467614647,DF:DF:EE:00:00:04,-38
BLE,1705563321634158862,D3:F4:55:AB:96:20,-58
BLE,1705563321827940114,D3:F4:55:AB:96:20,-58
BLE,1705563322006790324,DF:DF:EE:00:00:04,-39
BLE,1705563322018850405,D3:F4:55:AB:96:20,-58
BLE,1705563322020193095,D3:F4:55:AB:96:20,-56
BLE,1705563322466980813,DF:DF:EE:00:00:04,-35
BLE,1705563322600799318,D3:F4:55:AB:96:20,-59
BLE,1705563323013243224,DF:DF:EE:00:00:04,-35
BLE,1705563323468283951,DF:DF:EE:00:00:04,-39
BLE,1705563323561498691,D3:F4:55:AB:96:20,-57
BLE,1705563323701137407,DF:A6:DC:DC:2E:81,-66
BLE,1705563323701170823,DF:DF:EE:00:00:01,-66
BLE,1705563323746971017,D3:F4:55:AB:96:20,-57
BLE,1705563324010634543,DF:DF:EE:00:00:04,-40
BLE,1705563324129062347,D3:F4:55:AB:96:20,-59
BLE,1705563324325661517,D3:F4:55:AB:96:20,-57
BLE,1705563324473242831,DF:DF:EE:00:00:04,-35
BLE,1705563324513317396,D3:F4:55:AB:96:20,-58
BLE,1705563324898581181,D3:F4:55:AB:96:20,-59
BLE,1705563325007377203,DF:DF:EE:00:00:04,-35
BLE,1705563325283294891,D3:F4:55:AB:96:20,-54
BLE,1705563325468456805,DF:DF:EE:00:00:04,-37
BLE,1705563325474944339,D3:F4:55:AB:96:20,-57
BLE,1705563325665305722,D3:F4:55:AB:96:20,-55
BLE,1705563325858480065,D3:F4:55:AB:96:20,-56
BLE,1705563326044886295,D3:F4:55:AB:96:20,-59
BLE,1705563326238141512,D3:F4:55:AB:96:20,-57
BLE,1705563326246553811,DF:A6:DC:DC:2E:81,-65
BLE,1705563326246580269,DF:DF:EE:00:00:01,-65
BLE,1705563326427658573,D3:F4:55:AB:96:20,-58
BLE,1705563326473508641,DF:DF:EE:00:00:04,-35
BLE,1705563326475211159,DF:DF:EE:00:00:04,-34
BLE,1705563326618754362,D3:F4:55:AB:96:20,-57
BLE,1705563326809041829,D3:F4:55:AB:96:20,-43
BLE,1705563326998647931,D3:F4:55:AB:96:20,-56
BLE,1705563327194088826,D3:F4:55:AB:96:20,-57
BLE,1705563327582124281,D3:F4:55:AB:96:20,-55
BLE,1705563327774498052,D3:F4:55:AB:96:20,-58
BLE,1705563328538577463,D3:F4:55:AB:96:20,-58
BLE,1705563328735888998,D3:F4:55:AB:96:20,-57
BLE,1705563329011654813,DF:DF:EE:00:00:04,-35
BLE,1705563329463677833,DF:DF:EE:00:00:04,-35
BLE,1705563329503604942,D3:F4:55:AB:96:20,-56
BLE,1705563329700770271,D3:F4:55:AB:96:20,-58
BLE,1705563329890477871,D3:F4:55:AB:96:20,-58
BLE,1705563330004458987,DF:DF:EE:00:00:04,-34
BLE,1705563330068773047,DF:A6:DC:DC:2E:81,-66
BLE,1705563330068804964,DF:DF:EE:00:00:01,-66
BLE,1705563330089079555,D3:F4:55:AB:96:20,-58
BLE,1705563330466643407,DF:DF:EE:00:00:04,-40
BLE,1705563330671639543,D3:F4:55:AB:96:20,-56
BLE,1705563330867580848,D3:F4:55:AB:96:20,-55
BLE,1705563331243581054,D3:F4:55:AB:96:20,-59
BLE,1705563331464893630,DF:DF:EE:00:00:04,-35
BLE,1705563331820388039,D3:F4:55:AB:96:20,-58
BLE,1705563332010758505,DF:DF:EE:00:00:04,-36
BLE,1705563332400923764,D3:F4:55:AB:96:20,-57
BLE,1705563332474194615,DF:DF:EE:00:00:04,-40
BLE,1705563332610288214,DF:A6:DC:DC:2E:81,-65
BLE,1705563332610320630,DF:DF:EE:00:00:01,-65
BLE,1705563333013757162,DF:DF:EE:00:00:04,-38
BLE,1705563333363284196,D3:F4:55:AB:96:20,-54
BLE,1705563333555258473,D3:F4:55:AB:96:20,-57
BLE,1705563333747225667,D3:F4:55:AB:96:20,-55
BLE,1705563334136461396,D3:F4:55:AB:96:20,-56
BLE,1705563334323349453,D3:F4:55:AB:96:20,-68
BLE,1705563334475233539,DF:DF:EE:00:00:04,-39
BLE,1705563334714384657,D3:F4:55:AB:96:20,-55
BLE,1705563334907086424,D3:F4:55:AB:96:20,-57
BLE,1705563335012804406,DF:DF:EE:00:00:04,-38
BLE,1705563335098133922,D3:F4:55:AB:96:20,-54
BLE,1705563335154575717,DF:A6:DC:DC:2E:81,-65
BLE,1705563335154585967,DF:DF:EE:00:00:01,-65
BLE,1705563335675684522,D3:F4:55:AB:96:20,-57
BLE,1705563335870436718,D3:F4:55:AB:96:20,-58
BLE,1705563336443357049,D3:F4:55:AB:96:20,-54
BLE,1705563336466868512,DF:DF:EE:00:00:04,-35
BLE,1705563336636781555,D3:F4:55:AB:96:20,-57
BLE,1705563336830517266,D3:F4:55:AB:96:20,-54
BLE,1705563337010174090,DF:DF:EE:00:00:04,-35
BLE,1705563337023058785,D3:F4:55:AB:96:20,-43
BLE,1705563337413963825,D3:F4:55:AB:96:20,-55
BLE,1705563337473277121,DF:DF:EE:00:00:04,-34
BLE,1705563337800517217,D3:F4:55:AB:96:20,-57
BLE,1705563338178061610,D3:F4:55:AB:96:20,-56
BLE,1705563338469882576,DF:DF:EE:00:00:04,-35
BLE,1705563338555462755,D3:F4:55:AB:96:20,-57
BLE,1705563338747665237,D3:F4:55:AB:96:20,-57
BLE,1705563338982938326,DF:A6:DC:DC:2E:81,-65
BLE,1705563338982969617,DF:DF:EE:00:00:01,-65
BLE,1705563339005223140,DF:DF:EE:00:00:04,-35
BLE,1705563339135678151,D3:F4:55:AB:96:20,-59
BLE,1705563339334988408,D3:F4:55:AB:96:20,-57
BLE,1705563339527388388,D3:F4:55:AB:96:20,-54
BLE,1705563339717021155,D3:F4:55:AB:96:20,-41
BLE,1705563340294664504,D3:F4:55:AB:96:20,-55
BLE,1705563340465951278,DF:DF:EE:00:00:04,-35
BLE,1705563340487220772,D3:F4:55:AB:96:20,-58
BLE,1705563340866832262,D3:F4:55:AB:96:20,-58
BLE,1705563341008022206,DF:DF:EE:00:00:04,-35
BLE,1705563341465272944,DF:DF:EE:00:00:04,-36
BLE,1705563341525736266,DF:A6:DC:DC:2E:81,-65
BLE,1705563341525795265,DF:DF:EE:00:00:01,-65
BLE,1705563341819265250,D3:F4:55:AB:96:20,-58
BLE,1705563341820688063,D3:F4:55:AB:96:20,-55
BLE,1705563342012368136,DF:DF:EE:00:00:04,-39
BLE,1705563342204829697,D3:F4:55:AB:96:20,-56
BLE,1705563342594888916,D3:F4:55:AB:96:20,-57
BLE,1705563342981175562,D3:F4:55:AB:96:20,-57
BLE,1705563343011468972,DF:DF:EE:00:00:04,-34
BLE,1705563343473324687,DF:DF:EE:00:00:04,-51
BLE,1705563343745792673,D3:F4:55:AB:96:20,-64
BLE,1705563343941017321,D3:F4:55:AB:96:20,-56
BLE,1705563344133430300,D3:F4:55:AB:96:20,-58
BLE,1705563344471828699,DF:DF:EE:00:00:04,-36
BLE,1705563344706805541,D3:F4:55:AB:96:20,-40
BLE,1705563345009773976,DF:DF:EE:00:00:04,-35
BLE,1705563345468820856,DF:DF:EE:00:00:04,-37
BLE,1705563345660867132,D3:F4:55:AB:96:20,-64
BLE,1705563345850720147,D3:F4:55:AB:96:20,-55
BLE,1705563346041315818,D3:F4:55:AB:96:20,-58
BLE,1705563346428684823,D3:F4:55:AB:96:20,-57
BLE,1705563346472435796,DF:DF:EE:00:00:04,-47
BLE,1705563346608531978,DF:A6:DC:DC:2E:81,-64
BLE,1705563346608664935,DF:DF:EE:00:00:01,-64
BLE,1705563346625584032,D3:F4:55:AB:96:20,-57
BLE,1705563347004981732,DF:DF:EE:00:00:04,-38
BLE,1705563347388141172,D3:F4:55:AB:96:20,-57
BLE,1705563347464843350,DF:DF:EE:00:00:04,-36
BLE,1705563347780110822,D3:F4:55:AB:96:20,-57
BLE,1705563347971245485,D3:F4:55:AB:96:20,-58
BLE,1705563348004414355,DF:DF:EE:00:00:04,-35
BLE,1705563348157778088,D3:F4:55:AB:96:20,-51
BLE,1705563348347579937,D3:F4:55:AB:96:20,-54
BLE,1705563348466238530,DF:DF:EE:00:00:04,-22
BLE,1705563348923541434,D3:F4:55:AB:96:20,-59
BLE,1705563349115033592,D3:F4:55:AB:96:20,-54
BLE,1705563349151912327,DF:A6:DC:DC:2E:81,-49
BLE,1705563349151949368,DF:DF:EE:00:00:01,-49
BLE,1705563349308618847,D3:F4:55:AB:96:20,-57
BLE,1705563349503272711,D3:F4:55:AB:96:20,-56
BLE,1705563349688667330,D3:F4:55:AB:96:20,-53
BLE,1705563349886266486,D3:F4:55:AB:96:20,-58
BLE,1705563350011249366,DF:DF:EE:00:00:04,-35
BLE,1705563350075759673,D3:F4:55:AB:96:20,-54
BLE,1705563350269659464,D3:F4:55:AB:96:20,-72
BLE,1705563350471285690,DF:DF:EE:00:00:04,-39
BLE,1705563350845726126,D3:F4:55:AB:96:20,-56
BLE,1705563351012427089,DF:DF:EE:00:00:04,-39
BLE,1705563351233579834,D3:F4:55:AB:96:20,-57
BLE,1705563351425580027,D3:F4:55:AB:96:20,-59
BLE,1705563351619600733,D3:F4:55:AB:96:20,-51
BLE,1705563351813904311,D3:F4:55:AB:96:20,-45
BLE,1705563352006959364,D3:F4:55:AB:96:20,-58
BLE,1705563352008644174,DF:DF:EE:00:00:04,-34
BLE,1705563352198318483,D3:F4:55:AB:96:20,-54
BLE,1705563352388979112,D3:F4:55:AB:96:20,-57
BLE,1705563352473760469,DF:DF:EE:00:00:04,-40
BLE,1705563352584809626,D3:F4:55:AB:96:20,-56
BLE,1705563352780360603,D3:F4:55:AB:96:20,-56
BLE,1705563352969990038,D3:F4:55:AB:96:20,-57
BLE,1705563353007840217,DF:DF:EE:00:00:04,-47
BLE,1705563353160692874,D3:F4:55:AB:96:20,-54
BLE,1705563353351268587,D3:F4:55:AB:96:20,-57
BLE,1705563353546301446,D3:F4:55:AB:96:20,-54
BLE,1705563353924228959,D3:F4:55:AB:96:20,-58
BLE,1705563354316363648,D3:F4:55:AB:96:20,-53
BLE,1705563354470594161,DF:DF:EE:00:00:04,-35
BLE,1705563354891510365,D3:F4:55:AB:96:20,-57
BLE,1705563355011397232,DF:DF:EE:00:00:04,-36
BLE,1705563355082548488,D3:F4:55:AB:96:20,-56
BLE,1705563355268891218,D3:F4:55:AB:96:20,-57
BLE,1705563355464102408,D3:F4:55:AB:96:20,-57
BLE,1705563355470762357,DF:DF:EE:00:00:04,-35
BLE,1705563355851539747,D3:F4:55:AB:96:20,-56
BLE,1705563356005820133,DF:DF:EE:00:00:04,-39
BLE,1705563356238441842,D3:F4:55:AB:96:20,-57
BLE,1705563356435137303,D3:F4:55:AB:96:20,-67
BLE,1705563356621375660,D3:F4:55:AB:96:20,-57
BLE,1705563357003738944,D3:F4:55:AB:96:20,-59
BLE,1705563357005622626,DF:DF:EE:00:00:04,-35
BLE,1705563357200850816,D3:F4:55:AB:96:20,-64
BLE,1705563357468218623,DF:DF:EE:00:00:04,-38
BLE,1705563357583286558,D3:F4:55:AB:96:20,-57
BLE,1705563357771807424,D3:F4:55:AB:96:20,-57
BLE,1705563357963975615,D3:F4:55:AB:96:20,-58
BLE,1705563358007383759,DF:DF:EE:00:00:04,-39
BLE,1705563358151372873,D3:F4:55:AB:96:20,-59
BLE,1705563358349056736,D3:F4:55:AB:96:20,-57
BLE,1705563358931179522,D3:F4:55:AB:96:20,-42
BLE,1705563359006566636,DF:DF:EE:00:00:04,-35
BLE,1705563359309351031,D3:F4:55:AB:96:20,-55
BLE,1705563359691528985,D3:F4:55:AB:96:20,-54
BLE,1705563359883873256,D3:F4:55:AB:96:20,-59
BLE,1705563360012728623,DF:DF:EE:00:00:04,-38
BLE,1705563360273649520,D3:F4:55:AB:96:20,-54
BLE,1705563360467382273,DF:DF:EE:00:00:04,-29
BLE,1705563360661435187,D3:F4:55:AB:96:20,-52
BLE,1705563361006359702,DF:DF:EE:00:00:04,-34
BLE,1705563361245870899,D3:F4:55:AB:96:20,-41
BLE,1705563361438953035,D3:F4:55:AB:96:20,-57
BLE,1705563361466260737,DF:DF:EE:00:00:04,-35
BLE,1705563361629040713,D3:F4:55:AB:96:20,-42
BLE,1705563361884380438,DF:A6:DC:DC:2E:81,-65
BLE,1705563361884424688,DF:DF:EE:00:00:01,-65
BLE,1705563362201822088,D3:F4:55:AB:96:20,-57
BLE,1705563362395226719,D3:F4:55:AB:96:20,-58
BLE,1705563362464814747,DF:DF:EE:00:00:04,-40
BLE,1705563362969096120,D3:F4:55:AB:96:20,-58
BLE,1705563363006030396,DF:DF:EE:00:00:04,-39
BLE,1705563363358782635,D3:F4:55:AB:96:20,-40
BLE,1705563363473442201,DF:DF:EE:00:00:04,-38
BLE,1705563363747507539,D3:F4:55:AB:96:20,-57
BLE,1705563363934972796,D3:F4:55:AB:96:20,-57
BLE,1705563364003866542,DF:DF:EE:00:00:04,-36
BLE,1705563364131060390,D3:F4:55:AB:96:20,-73
BLE,1705563364429036478,DF:A6:DC:DC:2E:81,-66
BLE,1705563364429081185,DF:DF:EE:00:00:01,-66
BLE,1705563364467298818,DF:DF:EE:00:00:04,-39
BLE,1705563364715976845,D3:F4:55:AB:96:20,-56
BLE,1705563364906678348,D3:F4:55:AB:96:20,-54
BLE,1705563365296892064,D3:F4:55:AB:96:20,-56
BLE,1705563365471586999,DF:DF:EE:00:00:04,-35
BLE,1705563365487947979,D3:F4:55:AB:96:20,-58
BLE,1705563365880950864,D3:F4:55:AB:96:20,-58
BLE,1705563366010218433,DF:DF:EE:00:00:04,-35
BLE,1705563366471062913,DF:DF:EE:00:00:04,-39
BLE,1705563367036697096,D3:F4:55:AB:96:20,-57
BLE,1705563367234102672,D3:F4:55:AB:96:20,-58
BLE,1705563367423261196,D3:F4:55:AB:96:20,-48
BLE,1705563367619033087,D3:F4:55:AB:96:20,-57
BLE,1705563367999004196,D3:F4:55:AB:96:20,-41
BLE,1705563368186478702,D3:F4:55:AB:96:20,-57
BLE,1705563368251177007,DF:A6:DC:DC:2E:81,-60
BLE,1705563368251218714,DF:DF:EE:00:00:01,-60
BLE,1705563368465354640,DF:DF:EE:00:00:04,-35
BLE,1705563368755426963,D3:F4:55:AB:96:20,-54
BLE,1705563368950397865,D3:F4:55:AB:96:20,-58
BLE,1705563369013215863,DF:DF:EE:00:00:04,-40
BLE,1705563369339709260,D3:F4:55:AB:96:20,-53
BLE,1705563369470510017,DF:DF:EE:00:00:04,-34
BLE,1705563369721707300,D3:F4:55:AB:96:20,-54
BLE,1705563369916739450,D3:F4:55:AB:96:20,-43
BLE,1705563370111367940,D3:F4:55:AB:96:20,-57
BLE,1705563370474017458,DF:DF:EE:00:00:04,-40
BLE,1705563370495815654,D3:F4:55:AB:96:20,-56
BLE,1705563370684139565,D3:F4:55:AB:96:20,-43
BLE,1705563370796728784,DF:A6:DC:DC:2E:81,-64
BLE,1705563370796774700,DF:DF:EE:00:00:01,-64
BLE,1705563371008753489,DF:DF:EE:00:00:04,-36
BLE,1705563371065772526,D3:F4:55:AB:96:20,-57
BLE,1705563371263486389,D3:F4:55:AB:96:20,-57
BLE,1705563371449817036,D3:F4:55:AB:96:20,-43
BLE,1705563371464084795,DF:DF:EE:00:00:04,-39
BLE,1705563372006616217,DF:DF:EE:00:00:04,-38
BLE,1705563373002883552,DF:DF:EE:00:00:04,-34
BLE,1705563373468075095,DF:DF:EE:00:00:04,-39
BLE,1705563373565417611,D3:F4:55:AB:96:20,-59
BLE,1705563373953514523,D3:F4:55:AB:96:20,-54
BLE,1705563374337895612,D3:F4:55:AB:96:20,-55
BLE,1705563374532890347,D3:F4:55:AB:96:20,-59
BLE,1705563374724084301,D3:F4:55:AB:96:20,-57
BLE,1705563375004757214,DF:DF:EE:00:00:04,-35
BLE,1705563375107817108,D3:F4:55:AB:96:20,-57
BLE,1705563375303121213,D3:F4:55:AB:96:20,-56
BLE,1705563375465022869,DF:DF:EE:00:00:04,-36
BLE,1705563375466529723,DF:DF:EE:00:00:04,-39
BLE,1705563375496885674,D3:F4:55:AB:96:20,-59
BLE,1705563375877534982,D3:F4:55:AB:96:20,-57
BLE,1705563375881861921,DF:A6:DC:DC:2E:81,-65
BLE,1705563375881887921,DF:DF:EE:00:00:01,-65
BLE,1705563376007579790,DF:DF:EE:00:00:04,-38
BLE,1705563376063745714,D3:F4:55:AB:96:20,-58
BLE,1705563376458153622,D3:F4:55:AB:96:20,-57
BLE,1705563376469200176,DF:DF:EE:00:00:04,-34
BLE,1705563377003940331,DF:DF:EE:00:00:04,-35
BLE,1705563377425568192,D3:F4:55:AB:96:20,-41
BLE,1705563377468998794,DF:DF:EE:00:00:04,-23
BLE,1705563377621380874,D3:F4:55:AB:96:20,-50
BLE,1705563377811750965,D3:F4:55:AB:96:20,-57
BLE,1705563377998802185,D3:F4:55:AB:96:20,-58
BLE,1705563378001884809,DF:DF:EE:00:00:04,-49
BLE,1705563378189881808,D3:F4:55:AB:96:20,-56
BLE,1705563378426816873,DF:A6:DC:DC:2E:81,-66
BLE,1705563378426858248,DF:DF:EE:00:00:01,-66
BLE,1705563378470560387,DF:DF:EE:00:00:04,-36
BLE,1705563378580838889,D3:F4:55:AB:96:20,-57
BLE,1705563379004067310,DF:DF:EE:00:00:04,-22
BLE,1705563379461686877,DF:DF:EE:00:00:04,-35
BLE,1705563379731456942,D3:F4:55:AB:96:20,-58
BLE,1705563380004743708,DF:DF:EE:00:00:04,-36
BLE,1705563380117333219,D3:F4:55:AB:96:20,-55
BLE,1705563380305676213,D3:F4:55:AB:96:20,-42
BLE,1705563380464973613,DF:DF:EE:00:00:04,-38
BLE,1705563381009840419,DF:DF:EE:00:00:04,-35
BLE,1705563381081903495,D3:F4:55:AB:96:20,-57
BLE,1705563381272245420,D3:F4:55:AB:96:20,-57
BLE,1705563381461815439,DF:DF:EE:00:00:04,-34
BLE,1705563381652345986,D3:F4:55:AB:96:20,-55
BLE,1705563381653762758,D3:F4:55:AB:96:20,-57
BLE,1705563381842656994,D3:F4:55:AB:96:20,-43
BLE,1705563382002317222,DF:DF:EE:00:00:04,-34
BLE,1705563382036744658,D3:F4:55:AB:96:20,-57
BLE,1705563382231316357,D3:F4:55:AB:96:20,-45
BLE,1705563382420263926,D3:F4:55:AB:96:20,-58
BLE,1705563382468864872,DF:DF:EE:00:00:04,-39
BLE,1705563383008047383,D3:F4:55:AB:96:20,-56
BLE,1705563383194069534,D3:F4:55:AB:96:20,-57
BLE,1705563383382760357,D3:F4:55:AB:96:20,-55
BLE,1705563383465623366,DF:DF:EE:00:00:04,-35
BLE,1705563383579083740,D3:F4:55:AB:96:20,-57
BLE,1705563384011791904,DF:DF:EE:00:00:04,-36
BLE,1705563384472005392,DF:DF:EE:00:00:04,-39
BLE,1705563384934567806,D3:F4:55:AB:96:20,-56
BLE,1705563385010249458,DF:DF:EE:00:00:04,-34
BLE,1705563385318393362,D3:F4:55:AB:96:20,-40
BLE,1705563385469681165,DF:DF:EE:00:00:04,-29
BLE,1705563385695276972,D3:F4:55:AB:96:20,-58
BLE,1705563385696262792,D3:F4:55:AB:96:20,-53
BLE,1705563385885352692,D3:F4:55:AB:96:20,-56
BLE,1705563386074883628,D3:F4:55:AB:96:20,-58
BLE,1705563386269677074,D3:F4:55:AB:96:20,-58
BLE,1705563386462010471,D3:F4:55:AB:96:20,-54
BLE,1705563386847117592,D3:F4:55:AB:96:20,-54
BLE,1705563387009583781,DF:DF:EE:00:00:04,-33
BLE,1705563387043087396,D3:F4:55:AB:96:20,-65
BLE,1705563387424794856,D3:F4:55:AB:96:20,-74
BLE,1705563387466958267,DF:DF:EE:00:00:04,-35
BLE,1705563387619383221,D3:F4:55:AB:96:20,-56
BLE,1705563387815200695,D3:F4:55:AB:96:20,-54
BLE,1705563388007850712,D3:F4:55:AB:96:20,-43
BLE,1705563388465883981,DF:DF:EE:00:00:04,-34
BLE,1705563388783581752,D3:F4:55:AB:96:20,-40
BLE,1705563389000998590,DF:DF:EE:00:00:04,-34
BLE,1705563389166046743,D3:F4:55:AB:96:20,-54
BLE,1705563389359217586,D3:F4:55:AB:96:20,-59
BLE,1705563389469363589,DF:DF:EE:00:00:04,-35
BLE,1705563389754098445,D3:F4:55:AB:96:20,-63
BLE,1705563389877508680,DF:A6:DC:DC:2E:81,-50
BLE,1705563389877549929,DF:DF:EE:00:00:01,-50
BLE,1705563389947114999,D3:F4:55:AB:96:20,-57
BLE,1705563390527795055,D3:F4:55:AB:96:20,-58
BLE,1705563390725943829,D3:F4:55:AB:96:20,-58
BLE,1705563391004775184,DF:DF:EE:00:00:04,-35
BLE,1705563391114515693,D3:F4:55:AB:96:20,-57
BLE,1705563391464460763,DF:DF:EE:00:00:04,-45
BLE,1705563391501839991,D3:F4:55:AB:96:20,-56
BLE,1705563391884505188,D3:F4:55:AB:96:20,-54
BLE,1705563392263994720,D3:F4:55:AB:96:20,-57
BLE,1705563392455831083,D3:F4:55:AB:96:20,-57
BLE,1705563392464683542,DF:DF:EE:00:00:04,-34
BLE,1705563392650834900,D3:F4:55:AB:96:20,-45
BLE,1705563393033005021,D3:F4:55:AB:96:20,-54
BLE,1705563393223063949,D3:F4:55:AB:96:20,-58
BLE,1705563393409407221,D3:F4:55:AB:96:20,-58
BLE,1705563393472432841,DF:DF:EE:00:00:04,-39
BLE,1705563393598899950,D3:F4:55:AB:96:20,-55
BLE,1705563394003868335,DF:DF:EE:00:00:04,-36
BLE,1705563394363486770,D3:F4:55:AB:96:20,-54
BLE,1705563394463962908,DF:DF:EE:00:00:04,-35
BLE,1705563394555401881,D3:F4:55:AB:96:20,-53
BLE,1705563394744604863,D3:F4:55:AB:96:20,-55
BLE,1705563394938526779,D3:F4:55:AB:96:20,-59
BLE,1705563395133728303,D3:F4:55:AB:96:20,-57
BLE,1705563395320580609,D3:F4:55:AB:96:20,-59
BLE,1705563395465184548,DF:DF:EE:00:00:04,-34
BLE,1705563395517113156,D3:F4:55:AB:96:20,-57
BLE,1705563395901430413,D3:F4:55:AB:96:20,-58
BLE,1705563396005130673,DF:DF:EE:00:00:04,-35
BLE,1705563396482612920,D3:F4:55:AB:96:20,-56
BLE,1705563396672431102,D3:F4:55:AB:96:20,-59
BLE,1705563397067363044,D3:F4:55:AB:96:20,-56
BLE,1705563397261844869,D3:F4:55:AB:96:20,-56
BLE,1705563397472662716,DF:DF:EE:00:00:04,-38
BLE,1705563397504710768,DF:A6:DC:DC:2E:81,-65
BLE,1705563397504738476,DF:DF:EE:00:00:01,-65
BLE,1705563397648429886,D3:F4:55:AB:96:20,-55
BLE,1705563398024195595,D3:F4:55:AB:96:20,-57
BLE,1705563398215058763,D3:F4:55:AB:96:20,-58
BLE,1705563398410906194,D3:F4:55:AB:96:20,-54
BLE,1705563398466044340,DF:DF:EE:00:00:04,-39
BLE,1705563398602124398,D3:F4:55:AB:96:20,-57
BLE,1705563399009362709,DF:DF:EE:00:00:04,-34
BLE,1705563399463110371,DF:DF:EE:00:00:04,-35
BLE,1705563399559432443,D3:F4:55:AB:96:20,-54
BLE,1705563399752329082,D3:F4:55:AB:96:20,-68
BLE,1705563399951861003,D3:F4:55:AB:96:20,-72
BLE,1705563400001630516,DF:DF:EE:00:00:04,-19
BLE,1705563400137210456,D3:F4:55:AB:96:20,-43
BLE,1705563400329857598,D3:F4:55:AB:96:20,-57
BLE,1705563400526650849,D3:F4:55:AB:96:20,-55
BLE,1705563401007863919,DF:DF:EE:00:00:04,-39
BLE,1705563401299685343,D3:F4:55:AB:96:20,-58
BLE,1705563401328392651,DF:A6:DC:DC:2E:81,-66
BLE,1705563401328403650,DF:DF:EE:00:00:01,-66
BLE,1705563401466096060,DF:DF:EE:00:00:04,-34
BLE,1705563401683379775,D3:F4:55:AB:96:20,-57
BLE,1705563402003715551,DF:DF:EE:00:00:04,-36
BLE,1705563402071328898,D3:F4:55:AB:96:20,-58
BLE,1705563402260791252,D3:F4:55:AB:96:20,-55
BLE,1705563402452318785,D3:F4:55:AB:96:20,-42
BLE,1705563402466881373,DF:DF:EE:00:00:04,-39
BLE,1705563402647401518,D3:F4:55:AB:96:20,-57
BLE,1705563402836215006,D3:F4:55:AB:96:20,-58
BLE,1705563403004337908,DF:DF:EE:00:00:04,-34
BLE,1705563403030561458,D3:F4:55:AB:96:20,-75
BLE,1705563403221105422,D3:F4:55:AB:96:20,-57
BLE,1705563403415309001,D3:F4:55:AB:96:20,-57
BLE,1705563403874331881,DF:A6:DC:DC:2E:81,-64
BLE,1705563403874364922,DF:DF:EE:00:00:01,-64
BLE,1705563403998756101,D3:F4:55:AB:96:20,-57
BLE,1705563404007194608,DF:DF:EE:00:00:04,-34
BLE,1705563404188752322,D3:F4:55:AB:96:20,-57
BLE,1705563404382703113,D3:F4:55:AB:96:20,-57
BLE,1705563404463098240,DF:DF:EE:00:00:04,-36
BLE,1705563404577332519,D3:F4:55:AB:96:20,-56
BLE,1705563404961039451,D3:F4:55:AB:96:20,-54
BLE,1705563405011026628,DF:DF:EE:00:00:04,-40
BLE,1705563405339367959,D3:F4:55:AB:96:20,-50
BLE,1705563405468762860,DF:DF:EE:00:00:04,-34
BLE,1705563405724887865,D3:F4:55:AB:96:20,-54
BLE,1705563406105598798,D3:F4:55:AB:96:20,-55
BLE,1705563406295027902,D3:F4:55:AB:96:20,-42
BLE,1705563406417400859,DF:A6:DC:DC:2E:81,-50
BLE,1705563406417444233,DF:DF:EE:00:00:01,-50
BLE,1705563406465043568,DF:DF:EE:00:00:04,-35
BLE,1705563406487165259,D3:F4:55:AB:96:20,-54
BLE,1705563406877466433,D3:F4:55:AB:96:20,-56
BLE,1705563407006050553,DF:DF:EE:00:00:04,-35
BLE,1705563407264686149,D3:F4:55:AB:96:20,-57
BLE,1705563407467452942,DF:DF:EE:00:00:04,-39
BLE,1705563407839244624,D3:F4:55:AB:96:20,-54
BLE,1705563408469687401,DF:DF:EE:00:00:04,-36
BLE,1705563408793204674,D3:F4:55:AB:96:20,-57
BLE,1705563409008838453,DF:DF:EE:00:00:04,-36
BLE,1705563409368255225,D3:F4:55:AB:96:20,-55
BLE,1705563409563977866,D3:F4:55:AB:96:20,-58
BLE,1705563409758154779,D3:F4:55:AB:96:20,-57
BLE,1705563409946090528,D3:F4:55:AB:96:20,-57
BLE,1705563410005914776,DF:DF:EE:00:00:04,-39
BLE,1705563410139731115,D3:F4:55:AB:96:20,-56
BLE,1705563410239851009,DF:A6:DC:DC:2E:81,-66
BLE,1705563410239892300,DF:DF:EE:00:00:01,-66
BLE,1705563410327427369,D3:F4:55:AB:96:20,-57
BLE,1705563410464784325,DF:DF:EE:00:00:04,-35
BLE,1705563410516987096,D3:F4:55:AB:96:20,-56
BLE,1705563410711448463,D3:F4:55:AB:96:20,-57
BLE,1705563411104399433,D3:F4:55:AB:96:20,-56
BLE,1705563411299720371,D3:F4:55:AB:96:20,-58
BLE,1705563411463172671,DF:DF:EE:00:00:04,-36
BLE,1705563411493740744,D3:F4:55:AB:96:20,-41
BLE,1705563411880495967,D3:F4:55:AB:96:20,-57
BLE,1705563412072376745,D3:F4:55:AB:96:20,-54
BLE,1705563412452263897,D3:F4:55:AB:96:20,-55
BLE,1705563412467637724,DF:DF:EE:00:00:04,-36
BLE,1705563413030525820,D3:F4:55:AB:96:20,-57
BLE,1705563413223339169,D3:F4:55:AB:96:20,-56
BLE,1705563413467278761,DF:DF:EE:00:00:04,-36
BLE,1705563413608664203,D3:F4:55:AB:96:20,-57
BLE,1705563413795188431,D3:F4:55:AB:96:20,-57
BLE,1705563413989493800,D3:F4:55:AB:96:20,-58
BLE,1705563414177761295,D3:F4:55:AB:96:20,-57
BLE,1705563414367645851,D3:F4:55:AB:96:20,-54
BLE,1705563414468270238,DF:DF:EE:00:00:04,-35
BLE,1705563414560938443,D3:F4:55:AB:96:20,-58
BLE,1705563414749522184,D3:F4:55:AB:96:20,-54
BLE,1705563414940059064,D3:F4:55:AB:96:20,-48
BLE,1705563415005104322,DF:DF:EE:00:00:04,-39
BLE,1705563415136517070,D3:F4:55:AB:96:20,-58
BLE,1705563415326390876,D3:F4:55:AB:96:20,-44
BLE,1705563415462240521,DF:DF:EE:00:00:04,-36
BLE,1705563415522257724,D3:F4:55:AB:96:20,-56
BLE,1705563415901278221,D3:F4:55:AB:96:20,-58
BLE,1705563416008319351,DF:DF:EE:00:00:04,-36
BLE,1705563416090660368,D3:F4:55:AB:96:20,-48
BLE,1705563416466849863,DF:DF:EE:00:00:04,-40
BLE,1705563416479790057,D3:F4:55:AB:96:20,-56
BLE,1705563416608639216,DF:A6:DC:DC:2E:81,-64
BLE,1705563416608653091,DF:DF:EE:00:00:01,-64
BLE,1705563417007951597,DF:DF:EE:00:00:04,-45
BLE,1705563417454099990,D3:F4:55:AB:96:20,-58
BLE,1705563417463278487,DF:DF:EE:00:00:04,-35
BLE,1705563417650112044,D3:F4:55:AB:96:20,-55
BLE,1705563417842876893,D3:F4:55:AB:96:20,-58
BLE,1705563418039468730,D3:F4:55:AB:96:20,-57
BLE,1705563418225882293,D3:F4:55:AB:96:20,-59
BLE,1705563418422484088,D3:F4:55:AB:96:20,-57
BLE,1705563418615633349,D3:F4:55:AB:96:20,-55
BLE,1705563418811467322,D3:F4:55:AB:96:20,-57
BLE,1705563419000612472,DF:DF:EE:00:00:04,-35
BLE,1705563419007241504,D3:F4:55:AB:96:20,-67
BLE,1705563419196648900,D3:F4:55:AB:96:20,-59
BLE,1705563419461925695,DF:DF:EE:00:00:04,-8
BLE,1705563419591172514,D3:F4:55:AB:96:20,-42
BLE,1705563419781096611,D3:F4:55:AB:96:20,-59
BLE,1705563419974843655,D3:F4:55:AB:96:20,-57
BLE,1705563420002243481,DF:DF:EE:00:00:04,-36
BLE,1705563420168588532,D3:F4:55:AB:96:20,-55
BLE,1705563420470335901,DF:DF:EE:00:00:04,-38
BLE,1705563420551179938,D3:F4:55:AB:96:20,-56
BLE,1705563420932846982,D3:F4:55:AB:96:20,-45
BLE,1705563421005477426,DF:DF:EE:00:00:04,-36
BLE,1705563421122720455,D3:F4:55:AB:96:20,-58
BLE,1705563421315316806,D3:F4:55:AB:96:20,-56
BLE,1705563421464732636,DF:DF:EE:00:00:04,-35
BLE,1705563421893627062,D3:F4:55:AB:96:20,-57
BLE,1705563422087782975,D3:F4:55:AB:96:20,-42
BLE,1705563422463474102,DF:DF:EE:00:00:04,-35
BLE,1705563422470216216,D3:F4:55:AB:96:20,-67
BLE,1705563422657821679,D3:F4:55:AB:96:20,-57
BLE,1705563422854210519,D3:F4:55:AB:96:20,-56
BLE,1705563423005209244,DF:DF:EE:00:00:04,-34
BLE,1705563423044238407,D3:F4:55:AB:96:20,-44
BLE,1705563423236523346,D3:F4:55:AB:96:20,-56
BLE,1705563423425012713,D3:F4:55:AB:96:20,-43
BLE,1705563423467435037,DF:DF:EE:00:00:04,-35
BLE,1705563423620005948,D3:F4:55:AB:96:20,-41
BLE,1705563424205320355,D3:F4:55:AB:96:20,-56
BLE,1705563424391445131,D3:F4:55:AB:96:20,-57
BLE,1705563424466586831,DF:DF:EE:00:00:04,-36
BLE,1705563424589061037,D3:F4:55:AB:96:20,-56
BLE,1705563424980220865,D3:F4:55:AB:96:20,-57
BLE,1705563425006266168,DF:DF:EE:00:00:04,-48
BLE,1705563425171121532,D3:F4:55:AB:96:20,-67
BLE,1705563425519186545,DF:A6:DC:DC:2E:81,-64
BLE,1705563425519226128,DF:DF:EE:00:00:01,-64
BLE,1705563425756464314,D3:F4:55:AB:96:20,-58
BLE,1705563425945581464,D3:F4:55:AB:96:20,-57
BLE,1705563426002322713,DF:DF:EE:00:00:04,-39
BLE,1705563426141487478,D3:F4:55:AB:96:20,-56
BLE,1705563426330265383,D3:F4:55:AB:96:20,-57
BLE,1705563426902679804,D3:F4:55:AB:96:20,-57
BLE,1705563427009320856,DF:DF:EE:00:00:04,-36
BLE,1705563427095250239,D3:F4:55:AB:96:20,-56
BLE,1705563427289136572,D3:F4:55:AB:96:20,-58
BLE,1705563427466274390,DF:DF:EE:00:00:04,-39
BLE,1705563427477561815,D3:F4:55:AB:96:20,-57
BLE,1705563427672172055,D3:F4:55:AB:96:20,-41
BLE,1705563428003254389,DF:DF:EE:00:00:04,-36
BLE,1705563428053246358,D3:F4:55:AB:96:20,-41
BLE,1705563428238996513,D3:F4:55:AB:96:20,-43
BLE,1705563428621453504,D3:F4:55:AB:96:20,-57
BLE,1705563428812594959,D3:F4:55:AB:96:20,-54
BLE,1705563429002889218,DF:DF:EE:00:00:04,-36
BLE,1705563429009852162,D3:F4:55:AB:96:20,-40
BLE,1705563429199456806,D3:F4:55:AB:96:20,-59
BLE,1705563429395270779,D3:F4:55:AB:96:20,-55
BLE,1705563429785593410,D3:F4:55:AB:96:20,-58
BLE,1705563429972517966,D3:F4:55:AB:96:20,-58
BLE,1705563430002043345,DF:DF:EE:00:00:04,-37
BLE,1705563430166557089,D3:F4:55:AB:96:20,-57
BLE,1705563430352781696,D3:F4:55:AB:96:20,-57
BLE,1705563430549593530,D3:F4:55:AB:96:20,-57
BLE,1705563430740462447,D3:F4:55:AB:96:20,-57
BLE,1705563431463633513,DF:DF:EE:00:00:04,-36
BLE,1705563431517400387,D3:F4:55:AB:96:20,-63
BLE,1705563431888238457,DF:A6:DC:DC:2E:81,-65
BLE,1705563431888279873,DF:DF:EE:00:00:01,-65
BLE,1705563432000246642,DF:DF:EE:00:00:04,-20
BLE,1705563432101218024,D3:F4:55:AB:96:20,-57
BLE,1705563432288144413,D3:F4:55:AB:96:20,-58
BLE,1705563432464454242,DF:DF:EE:00:00:04,-40
BLE,1705563433436331292,D3:F4:55:AB:96:20,-43
BLE,1705563433465761380,DF:DF:EE:00:00:04,-37
BLE,1705563433823213596,D3:F4:55:AB:96:20,-59
BLE,1705563434013151485,D3:F4:55:AB:96:20,-56
BLE,1705563434199952667,D3:F4:55:AB:96:20,-57
BLE,1705563434396034845,D3:F4:55:AB:96:20,-57
BLE,1705563434429903330,DF:A6:DC:DC:2E:81,-64
BLE,1705563434429941746,DF:DF:EE:00:00:01,-64
BLE,1705563434468684038,DF:DF:EE:00:00:04,-33
BLE,1705563434584216175,D3:F4:55:AB:96:20,-58
BLE,1705563434781878289,D3:F4:55:AB:96:20,-58
BLE,1705563434975731623,D3:F4:55:AB:96:20,-54
BLE,1705563435003082366,DF:DF:EE:00:00:04,-45
BLE,1705563435164368196,D3:F4:55:AB:96:20,-58
BLE,1705563435360241710,D3:F4:55:AB:96:20,-54
BLE,1705563435469682640,DF:DF:EE:00:00:04,-35
BLE,1705563435736188584,D3:F4:55:AB:96:20,-57
BLE,1705563435737420733,D3:F4:55:AB:96:20,-54
BLE,1705563435932524841,D3:F4:55:AB:96:20,-53
BLE,1705563436002970191,DF:DF:EE:00:00:04,-35
BLE,1705563436128758225,D3:F4:55:AB:96:20,-57
BLE,1705563436319839390,D3:F4:55:AB:96:20,-57
BLE,1705563436469153387,DF:DF:EE:00:00:04,-51
BLE,1705563436706933983,D3:F4:55:AB:96:20,-55
BLE,1705563436896597500,D3:F4:55:AB:96:20,-57
BLE,1705563437002806850,DF:DF:EE:00:00:04,-35
BLE,1705563437082965355,D3:F4:55:AB:96:20,-57
BLE,1705563437471707217,D3:F4:55:AB:96:20,-54
BLE,1705563437662420553,D3:F4:55:AB:96:20,-42
BLE,1705563437849977642,D3:F4:55:AB:96:20,-59
BLE,1705563438007645939,DF:DF:EE:00:00:04,-34
BLE,1705563438042668242,D3:F4:55:AB:96:20,-57
BLE,1705563438237501645,D3:F4:55:AB:96:20,-55
BLE,1705563438433253578,D3:F4:55:AB:96:20,-44
BLE,1705563438464980260,DF:DF:EE:00:00:04,-36
BLE,1705563438622695640,D3:F4:55:AB:96:20,-54
BLE,1705563438816324852,D3:F4:55:AB:96:20,-57
BLE,1705563439202511958,D3:F4:55:AB:96:20,-54
BLE,1705563439394509068,D3:F4:55:AB:96:20,-57
BLE,1705563439462832988,DF:DF:EE:00:00:04,-39
BLE,1705563439787897989,D3:F4:55:AB:96:20,-40
BLE,1705563440006947721,DF:DF:EE:00:00:04,-34
BLE,1705563440173877056,D3:F4:55:AB:96:20,-55
BLE,1705563440368239800,D3:F4:55:AB:96:20,-57
BLE,1705563440463989213,DF:DF:EE:00:00:04,-36
BLE,1705563440560800194,D3:F4:55:AB:96:20,-64
BLE,1705563440755596014,D3:F4:55:AB:96:20,-55
BLE,1705563440945505862,D3:F4:55:AB:96:20,-56
BLE,1705563441132328460,D3:F4:55:AB:96:20,-57
BLE,1705563441516737383,D3:F4:55:AB:96:20,-57
BLE,1705563441712942892,D3:F4:55:AB:96:20,-70
BLE,1705563441906799851,D3:F4:55:AB:96:20,-54
BLE,1705563442002852093,DF:DF:EE:00:00:04,-34
BLE,1705563442292680419,D3:F4:55:AB:96:20,-57
BLE,1705563442459181969,DF:DF:EE:00:00:04,-30
BLE,1705563442489056801,D3:F4:55:AB:96:20,-54
BLE,1705563442682762096,D3:F4:55:AB:96:20,-43
BLE,1705563442879518472,D3:F4:55:AB:96:20,-58
BLE,1705563443000594573,DF:DF:EE:00:00:04,-36
BLE,1705563443467728048,DF:DF:EE:00:00:04,-40
BLE,1705563443652781921,D3:F4:55:AB:96:20,-57
BLE,1705563443842342482,D3:F4:55:AB:96:20,-56
BLE,1705563443999906114,DF:DF:EE:00:00:04,-35
BLE,1705563444032790697,D3:F4:55:AB:96:20,-57
BLE,1705563444417929859,D3:F4:55:AB:96:20,-58
BLE,1705563444607090675,D3:F4:55:AB:96:20,-55
BLE,1705563444989623165,D3:F4:55:AB:96:20,-54
BLE,1705563445004485374,DF:DF:EE:00:00:04,-34
BLE,1705563445183982034,D3:F4:55:AB:96:20,-59
BLE,1705563445379435804,D3:F4:55:AB:96:20,-57
BLE,1705563445470191869,DF:DF:EE:00:00:04,-39
BLE,1705563445883592011,DF:A6:DC:DC:2E:81,-50
BLE,1705563445883633553,DF:DF:EE:00:00:01,-50
BLE,1705563446009791374,DF:DF:EE:00:00:04,-40
BLE,1705563446149498256,D3:F4:55:AB:96:20,-57
BLE,1705563446346736542,D3:F4:55:AB:96:20,-57
BLE,1705563446463144625,DF:DF:EE:00:00:04,-34
BLE,1705563446733094646,D3:F4:55:AB:96:20,-58
BLE,1705563447000240372,DF:DF:EE:00:00:04,-39
BLE,1705563447117038324,D3:F4:55:AB:96:20,-58
BLE,1705563447313022128,D3:F4:55:AB:96:20,-41
BLE,1705563447503150431,D3:F4:55:AB:96:20,-57
BLE,1705563447693596813,D3:F4:55:AB:96:20,-58
BLE,1705563448004245973,DF:DF:EE:00:00:04,-35
BLE,1705563448279505045,D3:F4:55:AB:96:20,-74
BLE,1705563448426476784,DF:A6:DC:DC:2E:81,-64
BLE,1705563448426520408,DF:DF:EE:00:00:01,-64
BLE,1705563448656755859,D3:F4:55:AB:96:20,-55
BLE,1705563448849493750,D3:F4:55:AB:96:20,-57
BLE,1705563449000348893,DF:DF:EE:00:00:04,-40
BLE,1705563449236514469,D3:F4:55:AB:96:20,-57
BLE,1705563449617419274,D3:F4:55:AB:96:20,-57
BLE,1705563450007436993,DF:DF:EE:00:00:04,-35
BLE,1705563450584137354,D3:F4:55:AB:96:20,-57
BLE,1705563450779461459,D3:F4:55:AB:96:20,-58
BLE,1705563451005796048,DF:DF:EE:00:00:04,-39
BLE,1705563451359013864,D3:F4:55:AB:96:20,-40
BLE,1705563451359942893,D3:F4:55:AB:96:20,-40
BLE,1705563451461307477,DF:DF:EE:00:00:04,-35
BLE,1705563451928707907,D3:F4:55:AB:96:20,-67
BLE,1705563452002708123,DF:DF:EE:00:00:04,-35
BLE,1705563452114717475,D3:F4:55:AB:96:20,-43
BLE,1705563452307840611,D3:F4:55:AB:96:20,-58
BLE,1705563452464775794,DF:DF:EE:00:00:04,-40
BLE,1705563452496754514,D3:F4:55:AB:96:20,-57
BLE,1705563452885836787,D3:F4:55:AB:96:20,-56
BLE,1705563453008272910,DF:DF:EE:00:00:04,-22
BLE,1705563453463379720,DF:DF:EE:00:00:04,-34
BLE,1705563453846547618,D3:F4:55:AB:96:20,-60
BLE,1705563454006596383,DF:DF:EE:00:00:04,-34
BLE,1705563454040640115,D3:F4:55:AB:96:20,-57
BLE,1705563454462345267,DF:DF:EE:00:00:04,-49
BLE,1705563454605498434,D3:F4:55:AB:96:20,-57
BLE,1705563454790393184,DF:A6:DC:DC:2E:81,-64
BLE,1705563454790409268,DF:DF:EE:00:00:01,-64
BLE,1705563454992900814,D3:F4:55:AB:96:20,-57
BLE,1705563455009239836,DF:DF:EE:00:00:04,-39
BLE,1705563455182049589,D3:F4:55:AB:96:20,-54
BLE,1705563455565989976,D3:F4:55:AB:96:20,-54
BLE,1705563455952469744,D3:F4:55:AB:96:20,-57
BLE,1705563455999573878,DF:DF:EE:00:00:04,-52
BLE,1705563456342543712,D3:F4:55:AB:96:20,-57
BLE,1705563456458300345,DF:DF:EE:00:00:04,-34
BLE,1705563456538283187,D3:F4:55:AB:96:20,-57
BLE,1705563456727466794,D3:F4:55:AB:96:20,-44
BLE,1705563456921060382,D3:F4:55:AB:96:20,-56
BLE,1705563457112922452,D3:F4:55:AB:96:20,-50
BLE,1705563457333653369,DF:A6:DC:DC:2E:81,-65
BLE,1705563457333699701,DF:DF:EE:00:00:01,-65
BLE,1705563457463001312,DF:DF:EE:00:00:04,-40
BLE,1705563457688355747,D3:F4:55:AB:96:20,-56
BLE,1705563458259062359,D3:F4:55:AB:96:20,-58
BLE,1705563458452359659,D3:F4:55:AB:96:20,-56
BLE,1705563458459882762,DF:DF:EE:00:00:04,-34
BLE,1705563458649073495,D3:F4:55:AB:96:20,-55
BLE,1705563458842212172,D3:F4:55:AB:96:20,-59
BLE,1705563459000813498,DF:DF:EE:00:00:04,-35
BLE,1705563459036271836,D3:F4:55:AB:96:20,-57
BLE,1705563459230685079,D3:F4:55:AB:96:20,-40
BLE,1705563459807090361,D3:F4:55:AB:96:20,-57
BLE,1705563459877713916,DF:A6:DC:DC:2E:81,-50
BLE,1705563459877725083,DF:DF:EE:00:00:01,-50
BLE,1705563460003402952,DF:DF:EE:00:00:04,-39
BLE,1705563460197887778,D3:F4:55:AB:96:20,-50
BLE,1705563460460700523,DF:DF:EE:00:00:04,-34
BLE,1705563460587546043,D3:F4:55:AB:96:20,-67
BLE,1705563460773928440,D3:F4:55:AB:96:20,-57
BLE,1705563460968974090,D3:F4:55:AB:96:20,-58
BLE,1705563460999385291,DF:DF:EE:00:00:04,-29
BLE,1705563461155595567,D3:F4:55:AB:96:20,-60
BLE,1705563461465942149,DF:DF:EE:00:00:04,-38
BLE,1705563461916884558,D3:F4:55:AB:96:20,-52
BLE,1705563462004869246,DF:DF:EE:00:00:04,-40
BLE,1705563462104880891,D3:F4:55:AB:96:20,-58
BLE,1705563462298509978,D3:F4:55:AB:96:20,-57
BLE,1705563462466264343,DF:DF:EE:00:00:04,-36
BLE,1705563462484373256,D3:F4:55:AB:96:20,-58
BLE,1705563462679726694,D3:F4:55:AB:96:20,-58
BLE,1705563463265683218,D3:F4:55:AB:96:20,-58
BLE,1705563463469753243,DF:DF:EE:00:00:04,-39
BLE,1705563463701986624,DF:A6:DC:DC:2E:81,-65
BLE,1705563463702017498,DF:DF:EE:00:00:01,-65
BLE,1705563463848505619,D3:F4:55:AB:96:20,-58
BLE,1705563464039862404,D3:F4:55:AB:96:20,-58
BLE,1705563464461020647,DF:DF:EE:00:00:04,-39
BLE,1705563464812407988,D3:F4:55:AB:96:20,-56
BLE,1705563465003514736,D3:F4:55:AB:96:20,-59
BLE,1705563465389384971,D3:F4:55:AB:96:20,-43
BLE,1705563465465315494,DF:DF:EE:00:00:04,-36
BLE,1705563465783596423,D3:F4:55:AB:96:20,-56
BLE,1705563466005103537,DF:DF:EE:00:00:04,-36
BLE,1705563466173336021,D3:F4:55:AB:96:20,-58
BLE,1705563466246857619,DF:A6:DC:DC:2E:81,-64
BLE,1705563466246899910,DF:DF:EE:00:00:01,-64
BLE,1705563466373034606,D3:F4:55:AB:96:20,-56
BLE,1705563466467430788,DF:DF:EE:00:00:04,-36
BLE,1705563466560688527,D3:F4:55:AB:96:20,-57
BLE,1705563467001847573,DF:DF:EE:00:00:04,-39
BLE,1705563467333909351,D3:F4:55:AB:96:20,-56
BLE,1705563467464907813,DF:DF:EE:00:00:04,-36
BLE,1705563467524370858,D3:F4:55:AB:96:20,-58
BLE,1705563467720753865,D3:F4:55:AB:96:20,-57
BLE,1705563467906802016,D3:F4:55:AB:96:20,-57
BLE,1705563468001440652,DF:DF:EE:00:00:04,-35
BLE,1705563468103491352,D3:F4:55:AB:96:20,-58
BLE,1705563468461911471,DF:DF:EE:00:00:04,-39
BLE,1705563468686054006,D3:F4:55:AB:96:20,-57
BLE,1705563468874794537,D3:F4:55:AB:96:20,-57
BLE,1705563469257012073,D3:F4:55:AB:96:20,-57
BLE,1705563469447173125,D3:F4:55:AB:96:20,-54
BLE,1705563469636053445,D3:F4:55:AB:96:20,-41
BLE,1705563469828923334,D3:F4:55:AB:96:20,-54
BLE,1705563470210953498,D3:F4:55:AB:96:20,-56
BLE,1705563470594377351,D3:F4:55:AB:96:20,-54
BLE,1705563470973542013,D3:F4:55:AB:96:20,-54
BLE,1705563471001625704,DF:DF:EE:00:00:04,-35
BLE,1705563471166417486,D3:F4:55:AB:96:20,-57
BLE,1705563471331821634,DF:A6:DC:DC:2E:81,-64
BLE,1705563471331898216,DF:DF:EE:00:00:01,-64
BLE,1705563471735212082,D3:F4:55:AB:96:20,-57
BLE,1705563472514869817,D3:F4:55:AB:96:20,-58
BLE,1705563472700846678,D3:F4:55:AB:96:20,-59
BLE,1705563472895058215,D3:F4:55:AB:96:20,-56
BLE,1705563473007901930,DF:DF:EE:00:00:04,-39
BLE,1705563473082389848,D3:F4:55:AB:96:20,-57
BLE,1705563473271435624,D3:F4:55:AB:96:20,-54
BLE,1705563473846223846,D3:F4:55:AB:96:20,-57
BLE,1705563474043489465,D3:F4:55:AB:96:20,-58
BLE,1705563474237530880,D3:F4:55:AB:96:20,-45
BLE,1705563474427784223,D3:F4:55:AB:96:20,-56
BLE,1705563474464448419,DF:DF:EE:00:00:04,-34
BLE,1705563474807485294,D3:F4:55:AB:96:20,-56
BLE,1705563474998547958,DF:DF:EE:00:00:04,-34
BLE,1705563475767731006,D3:F4:55:AB:96:20,-56
BLE,1705563476002906513,DF:DF:EE:00:00:04,-40
BLE,1705563476150474827,D3:F4:55:AB:96:20,-55
BLE,1705563476415667206,DF:A6:DC:DC:2E:81,-64
BLE,1705563476415706705,DF:DF:EE:00:00:01,-64
BLE,1705563476460478330,DF:DF:EE:00:00:04,-35
BLE,1705563476539308854,D3:F4:55:AB:96:20,-41
BLE,1705563476726259617,D3:F4:55:AB:96:20,-58
BLE,1705563476923255282,D3:F4:55:AB:96:20,-58
BLE,1705563477001314609,DF:DF:EE:00:00:04,-34
BLE,1705563477119561290,D3:F4:55:AB:96:20,-54
BLE,1705563477463851648,DF:DF:EE:00:00:04,-39
BLE,1705563477501319625,D3:F4:55:AB:96:20,-54
BLE,1705563477694911004,D3:F4:55:AB:96:20,-57
BLE,1705563477894582048,D3:F4:55:AB:96:20,-57
BLE,1705563477998214267,DF:DF:EE:00:00:04,-36
BLE,1705563478460130274,DF:DF:EE:00:00:04,-35
BLE,1705563478666107772,D3:F4:55:AB:96:20,-60
BLE,1705563478861092715,D3:F4:55:AB:96:20,-56
BLE,1705563479052000756,D3:F4:55:AB:96:20,-54
BLE,1705563479240945617,D3:F4:55:AB:96:20,-58
BLE,1705563479431671953,D3:F4:55:AB:96:20,-58
BLE,1705563479464024835,DF:DF:EE:00:00:04,-40
BLE,1705563479812595674,D3:F4:55:AB:96:20,-57
BLE,1705563480003433008,DF:DF:EE:00:00:04,-40
BLE,1705563480007152373,D3:F4:55:AB:96:20,-57
BLE,1705563480200377466,D3:F4:55:AB:96:20,-50
BLE,1705563480464348029,DF:DF:EE:00:00:04,-21
BLE,1705563480589637404,D3:F4:55:AB:96:20,-52
BLE,1705563480779732290,D3:F4:55:AB:96:20,-57
BLE,1705563481175083809,D3:F4:55:AB:96:20,-58
BLE,1705563481462792957,DF:DF:EE:00:00:04,-36
BLE,1705563481759086860,D3:F4:55:AB:96:20,-58
BLE,1705563481951026179,D3:F4:55:AB:96:20,-59
BLE,1705563482007228686,DF:DF:EE:00:00:04,-45
BLE,1705563482346553655,D3:F4:55:AB:96:20,-56
BLE,1705563482463890349,DF:DF:EE:00:00:04,-19
BLE,1705563482727696664,D3:F4:55:AB:96:20,-58
BLE,1705563482778887741,DF:A6:DC:DC:2E:81,-70
BLE,1705563482778922490,DF:DF:EE:00:00:01,-70
BLE,1705563482917727802,D3:F4:55:AB:96:20,-57
BLE,1705563483466950088,DF:DF:EE:00:00:04,-49
BLE,1705563483499595757,D3:F4:55:AB:96:20,-58
BLE,1705563483697219039,D3:F4:55:AB:96:20,-57
BLE,1705563483889089442,D3:F4:55:AB:96:20,-54
BLE,1705563484002684147,DF:DF:EE:00:00:04,-35
BLE,1705563484084320965,D3:F4:55:AB:96:20,-58
BLE,1705563484276751777,D3:F4:55:AB:96:20,-54
BLE,1705563484863970616,D3:F4:55:AB:96:20,-63
BLE,1705563485004037493,DF:DF:EE:00:00:04,-40
BLE,1705563485056849006,D3:F4:55:AB:96:20,-57
BLE,1705563485466624032,DF:DF:EE:00:00:04,-35
BLE,1705563485998002026,DF:DF:EE:00:00:04,-20
BLE,1705563486019667390,D3:F4:55:AB:96:20,-59
BLE,1705563486411401794,D3:F4:55:AB:96:20,-54
BLE,1705563486466662355,DF:DF:EE:00:00:04,-40
BLE,1705563487377619089,D3:F4:55:AB:96:20,-56
BLE,1705563487464803955,DF:DF:EE:00:00:04,-35
BLE,1705563487571758544,D3:F4:55:AB:96:20,-43
BLE,1705563487760892694,D3:F4:55:AB:96:20,-50
BLE,1705563487998558166,DF:DF:EE:00:00:04,-36
BLE,1705563488147157048,D3:F4:55:AB:96:20,-45
BLE,1705563488467435575,DF:DF:EE:00:00:04,-39
BLE,1705563488908722244,D3:F4:55:AB:96:20,-50
BLE,1705563489003611002,DF:DF:EE:00:00:04,-39
BLE,1705563489297229443,D3:F4:55:AB:96:20,-56
BLE,1705563489488921307,D3:F4:55:AB:96:20,-57
BLE,1705563489874188717,D3:F4:55:AB:96:20,-54
BLE,1705563490256349046,D3:F4:55:AB:96:20,-54
BLE,1705563490448095367,D3:F4:55:AB:96:20,-57
BLE,1705563490635437584,D3:F4:55:AB:96:20,-57
BLE,1705563490832435832,D3:F4:55:AB:96:20,-58
BLE,1705563491001333973,DF:DF:EE:00:00:04,-36
BLE,1705563491021958435,D3:F4:55:AB:96:20,-54
BLE,1705563491213290471,D3:F4:55:AB:96:20,-57
BLE,1705563491400200777,D3:F4:55:AB:96:20,-57
BLE,1705563491465350825,DF:DF:EE:00:00:04,-20
BLE,1705563491795047303,D3:F4:55:AB:96:20,-57
BLE,1705563491985727140,D3:F4:55:AB:96:20,-59
BLE,1705563492002007954,DF:DF:EE:00:00:04,-40
BLE,1705563492181793193,D3:F4:55:AB:96:20,-57
BLE,1705563492368671916,D3:F4:55:AB:96:20,-43
BLE,1705563492456772185,DF:DF:EE:00:00:04,-35
BLE,1705563492560495403,D3:F4:55:AB:96:20,-41
BLE,1705563492752488013,D3:F4:55:AB:96:20,-58
BLE,1705563492945471401,D3:F4:55:AB:96:20,-57
BLE,1705563493141746159,D3:F4:55:AB:96:20,-55
BLE,1705563493331717464,D3:F4:55:AB:96:20,-57
BLE,1705563493463605705,DF:DF:EE:00:00:04,-39
BLE,1705563493528895751,D3:F4:55:AB:96:20,-57
BLE,1705563493717466242,D3:F4:55:AB:96:20,-57
BLE,1705563494236169289,DF:A6:DC:DC:2E:81,-65
BLE,1705563494236206538,DF:DF:EE:00:00:01,-65
BLE,1705563494459133174,DF:DF:EE:00:00:04,-20
BLE,1705563494480437668,D3:F4:55:AB:96:20,-57
BLE,1705563494863772189,D3:F4:55:AB:96:20,-57
BLE,1705563495000839233,DF:DF:EE:00:00:04,-34
BLE,1705563495059175376,D3:F4:55:AB:96:20,-42
BLE,1705563495251317151,D3:F4:55:AB:96:20,-56
BLE,1705563495643902459,D3:F4:55:AB:96:20,-58
BLE,1705563495833606517,D3:F4:55:AB:96:20,-43
BLE,1705563496216742749,D3:F4:55:AB:96:20,-57
BLE,1705563496407418919,D3:F4:55:AB:96:20,-58
BLE,1705563496463015976,DF:DF:EE:00:00:04,-34
BLE,1705563496597094436,D3:F4:55:AB:96:20,-58
BLE,1705563496777274295,DF:A6:DC:DC:2E:81,-64
BLE,1705563496777291419,DF:DF:EE:00:00:01,-64
BLE,1705563496788641344,D3:F4:55:AB:96:20,-41
BLE,1705563496976768383,D3:F4:55:AB:96:20,-57
BLE,1705563497003638883,DF:DF:EE:00:00:04,-35
BLE,1705563497167965962,D3:F4:55:AB:96:20,-54
BLE,1705563497361666298,D3:F4:55:AB:96:20,-59
BLE,1705563497466047840,DF:DF:EE:00:00:04,-46
BLE,1705563497554312858,D3:F4:55:AB:96:20,-64
BLE,1705563497746905251,D3:F4:55:AB:96:20,-57
BLE,1705563497942345271,D3:F4:55:AB:96:20,-58
BLE,1705563498006161463,DF:DF:EE:00:00:04,-39
BLE,1705563498324795512,D3:F4:55:AB:96:20,-57
BLE,1705563498464370854,DF:DF:EE:00:00:04,-35
BLE,1705563498521437307,D3:F4:55:AB:96:20,-57
BLE,1705563498710572040,D3:F4:55:AB:96:20,-57
BLE,1705563498906384513,D3:F4:55:AB:96:20,-57
BLE,1705563499096876936,D3:F4:55:AB:96:20,-58
BLE,1705563499317036736,DF:A6:DC:DC:2E:81,-67
BLE,1705563499317065444,DF:DF:EE:00:00:01,-67
BLE,1705563499463046238,DF:DF:EE:00:00:04,-36
BLE,1705563499481678103,D3:F4:55:AB:96:20,-56
BLE,1705563499671620075,D3:F4:55:AB:96:20,-57
BLE,1705563499865461742,D3:F4:55:AB:96:20,-55
BLE,1705563499996315914,DF:DF:EE:00:00:04,-34
BLE,1705563500446743914,D3:F4:55:AB:96:20,-58
BLE,1705563500459852606,DF:DF:EE:00:00:04,-38
BLE,1705563500835738231,D3:F4:55:AB:96:20,-56
BLE,1705563500999104782,DF:DF:EE:00:00:04,-39
BLE,1705563501024083058,D3:F4:55:AB:96:20,-57
BLE,1705563501217697437,D3:F4:55:AB:96:20,-55
BLE,1705563501411620895,D3:F4:55:AB:96:20,-57
BLE,1705563501457620086,DF:DF:EE:00:00:04,-35
BLE,1705563501609667837,D3:F4:55:AB:96:20,-42
BLE,1705563501803804084,D3:F4:55:AB:96:20,-54
BLE,1705563501859328767,DF:A6:DC:DC:2E:81,-66
BLE,1705563501859365266,DF:DF:EE:00:00:01,-66
BLE,1705563502006260548,DF:DF:EE:00:00:04,-38
BLE,1705563502183509947,D3:F4:55:AB:96:20,-50
BLE,1705563502463522994,DF:DF:EE:00:00:04,-39
BLE,1705563502757049269,D3:F4:55:AB:96:20,-58
BLE,1705563502948130975,D3:F4:55:AB:96:20,-56
BLE,1705563502999092638,DF:DF:EE:00:00:04,-28
BLE,1705563503143134501,D3:F4:55:AB:96:20,-74
BLE,1705563503461385806,DF:DF:EE:00:00:04,-20
BLE,1705563503525059375,D3:F4:55:AB:96:20,-43
BLE,1705563503720515186,D3:F4:55:AB:96:20,-58
BLE,1705563504110568946,D3:F4:55:AB:96:20,-57
BLE,1705563504305167437,D3:F4:55:AB:96:20,-57
BLE,1705563504459024621,DF:DF:EE:00:00:04,-36
BLE,1705563504491785913,D3:F4:55:AB:96:20,-44
BLE,1705563504876717995,D3:F4:55:AB:96:20,-57
BLE,1705563505003148645,DF:DF:EE:00:00:04,-51
BLE,1705563505069649925,D3:F4:55:AB:96:20,-59
BLE,1705563505259564981,D3:F4:55:AB:96:20,-43
BLE,1705563505456862308,D3:F4:55:AB:96:20,-41
BLE,1705563505459759601,DF:DF:EE:00:00:04,-35
BLE,1705563506038918053,D3:F4:55:AB:96:20,-58
BLE,1705563506224402962,D3:F4:55:AB:96:20,-43
BLE,1705563506464039031,DF:DF:EE:00:00:04,-40
BLE,1705563506604241156,D3:F4:55:AB:96:20,-58
BLE,1705563506796917548,D3:F4:55:AB:96:20,-54
BLE,1705563506946900412,DF:A6:DC:DC:2E:81,-65
BLE,1705563506946938911,DF:DF:EE:00:00:01,-65
BLE,1705563506989427026,D3:F4:55:AB:96:20,-60
BLE,1705563507000419373,DF:DF:EE:00:00:04,-36
BLE,1705563507184730048,D3:F4:55:AB:96:20,-57
BLE,1705563507374169027,D3:F4:55:AB:96:20,-69
BLE,1705563507954856541,D3:F4:55:AB:96:20,-57
BLE,1705563508004505347,DF:DF:EE:00:00:04,-35
BLE,1705563508152234034,D3:F4:55:AB:96:20,-56
BLE,1705563508343291865,D3:F4:55:AB:96:20,-59
BLE,1705563508461507172,DF:DF:EE:00:00:04,-36
BLE,1705563508535315516,D3:F4:55:AB:96:20,-57
BLE,1705563508723403764,D3:F4:55:AB:96:20,-59
BLE,1705563509000854389,DF:DF:EE:00:00:04,-36
BLE,1705563509297556369,D3:F4:55:AB:96:20,-50
BLE,1705563509459325568,DF:DF:EE:00:00:04,-39
BLE,1705563509488276789,D3:F4:55:AB:96:20,-74
BLE,1705563509492409231,DF:A6:DC:DC:2E:81,-64
BLE,1705563509492432356,DF:DF:EE:00:00:01,-64
BLE,1705563509682054332,D3:F4:55:AB:96:20,-64
BLE,1705563509874259064,D3:F4:55:AB:96:20,-57
BLE,1705563509998190333,DF:DF:EE:00:00:04,-40
BLE,1705563510066595169,D3:F4:55:AB:96:20,-74
BLE,1705563510255600404,D3:F4:55:AB:96:20,-57
BLE,1705563510448240672,D3:F4:55:AB:96:20,-58
BLE,1705563511001544943,DF:DF:EE:00:00:04,-35
BLE,1705563511032791507,D3:F4:55:AB:96:20,-57
BLE,1705563511225294068,D3:F4:55:AB:96:20,-57
BLE,1705563511420388718,D3:F4:55:AB:96:20,-58
BLE,1705563512001210646,DF:DF:EE:00:00:04,-39
BLE,1705563512187477795,D3:F4:55:AB:96:20,-59
BLE,1705563512387565875,D3:F4:55:AB:96:20,-56
BLE,1705563512967406859,D3:F4:55:AB:96:20,-70
BLE,1705563513157153959,D3:F4:55:AB:96:20,-57
BLE,1705563513316859353,DF:A6:DC:DC:2E:81,-65
BLE,1705563513316901144,DF:DF:EE:00:00:01,-65
BLE,1705563513549161858,D3:F4:55:AB:96:20,-56
BLE,1705563513997398014,DF:DF:EE:00:00:04,-35
BLE,1705563514320925578,D3:F4:55:AB:96:20,-56
BLE,1705563514464632612,DF:DF:EE:00:00:04,-20
BLE,1705563514511441750,D3:F4:55:AB:96:20,-50
BLE,1705563514896886575,D3:F4:55:AB:96:20,-54
BLE,1705563515461954015,DF:DF:EE:00:00:04,-49
BLE,1705563515469459410,D3:F4:55:AB:96:20,-57
BLE,1705563515656626629,D3:F4:55:AB:96:20,-57
BLE,1705563515848449700,D3:F4:55:AB:96:20,-57
BLE,1705563516039138745,D3:F4:55:AB:96:20,-68
BLE,1705563516432171046,D3:F4:55:AB:96:20,-41
BLE,1705563516624591984,D3:F4:55:AB:96:20,-57
BLE,1705563517003138071,DF:DF:EE:00:00:04,-34
BLE,1705563517011899407,D3:F4:55:AB:96:20,-49
BLE,1705563517200298484,D3:F4:55:AB:96:20,-56
BLE,1705563517395469299,D3:F4:55:AB:96:20,-55
BLE,1705563517459114494,DF:DF:EE:00:00:04,-36
BLE,1705563517779172982,D3:F4:55:AB:96:20,-55
BLE,1705563517969810110,D3:F4:55:AB:96:20,-58
BLE,1705563518004119256,DF:DF:EE:00:00:04,-36
BLE,1705563518162985829,D3:F4:55:AB:96:20,-50
BLE,1705563518352989883,D3:F4:55:AB:96:20,-44
BLE,1705563518398343083,DF:A6:DC:DC:2E:81,-64
BLE,1705563518398379332,DF:DF:EE:00:00:01,-64
BLE,1705563518458756197,DF:DF:EE:00:00:04,-39
BLE,1705563518550692455,D3:F4:55:AB:96:20,-57
BLE,1705563518742420152,D3:F4:55:AB:96:20,-56
BLE,1705563519124211611,D3:F4:55:AB:96:20,-55
BLE,1705563519316599715,D3:F4:55:AB:96:20,-57
BLE,1705563519466293541,DF:DF:EE:00:00:04,-35
BLE,1705563519503388564,D3:F4:55:AB:96:20,-59
BLE,1705563519692344383,D3:F4:55:AB:96:20,-56
BLE,1705563519995951684,DF:DF:EE:00:00:04,-35
BLE,1705563520077709334,D3:F4:55:AB:96:20,-58
BLE,1705563520264392101,D3:F4:55:AB:96:20,-59
BLE,1705563520645477195,D3:F4:55:AB:96:20,-57
BLE,1705563520836133407,D3:F4:55:AB:96:20,-55
BLE,1705563521026830827,D3:F4:55:AB:96:20,-58
BLE,1705563521462272869,DF:DF:EE:00:00:04,-35
BLE,1705563521611160331,D3:F4:55:AB:96:20,-58
BLE,1705563521998614586,DF:DF:EE:00:00:04,-34
BLE,1705563522001637044,D3:F4:55:AB:96:20,-68
BLE,1705563522195466003,D3:F4:55:AB:96:20,-58
BLE,1705563522223057909,DF:A6:DC:DC:2E:81,-64
BLE,1705563522223092409,DF:DF:EE:00:00:01,-64
BLE,1705563522459200236,DF:DF:EE:00:00:04,-36
BLE,1705563522996061737,DF:DF:EE:00:00:04,-47
BLE,1705563523344718200,D3:F4:55:AB:96:20,-57
BLE,1705563523530198943,D3:F4:55:AB:96:20,-57
BLE,1705563523912307272,D3:F4:55:AB:96:20,-58
BLE,1705563524003516498,DF:DF:EE:00:00:04,-34
BLE,1705563524293448823,D3:F4:55:AB:96:20,-57
BLE,1705563525006473447,DF:DF:EE:00:00:04,-38
BLE,1705563525252365513,D3:F4:55:AB:96:20,-71
BLE,1705563525440038683,D3:F4:55:AB:96:20,-43
BLE,1705563525464965085,DF:DF:EE:00:00:04,-35
BLE,1705563525637477050,D3:F4:55:AB:96:20,-56
BLE,1705563525828105887,D3:F4:55:AB:96:20,-57
BLE,1705563526002763281,DF:DF:EE:00:00:04,-34
BLE,1705563526214897776,D3:F4:55:AB:96:20,-54
BLE,1705563526404129216,D3:F4:55:AB:96:20,-57
BLE,1705563526460667843,DF:DF:EE:00:00:04,-36
BLE,1705563526597857635,D3:F4:55:AB:96:20,-56
BLE,1705563526793906147,D3:F4:55:AB:96:20,-57
BLE,1705563526987294987,D3:F4:55:AB:96:20,-57
BLE,1705563526999408152,DF:DF:EE:00:00:04,-36
BLE,1705563527174841201,D3:F4:55:AB:96:20,-57
BLE,1705563527307555306,DF:A6:DC:DC:2E:81,-66
BLE,1705563527307594597,DF:DF:EE:00:00:01,-66
BLE,1705563527367112724,D3:F4:55:AB:96:20,-58
BLE,1705563527558833504,D3:F4:55:AB:96:20,-59
BLE,1705563527754211733,D3:F4:55:AB:96:20,-58
BLE,1705563527945539228,D3:F4:55:AB:96:20,-54
BLE,1705563527997513793,DF:DF:EE:00:00:04,-45
BLE,1705563528136380979,D3:F4:55:AB:96:20,-41
BLE,1705563528455087027,DF:DF:EE:00:00:04,-34
BLE,1705563528524489099,D3:F4:55:AB:96:20,-57
BLE,1705563528722582749,D3:F4:55:AB:96:20,-57
BLE,1705563528909019561,D3:F4:55:AB:96:20,-57
BLE,1705563529098232002,D3:F4:55:AB:96:20,-55
BLE,1705563529465613245,DF:DF:EE:00:00:04,-39
BLE,1705563530056221787,D3:F4:55:AB:96:20,-59
BLE,1705563530252697251,D3:F4:55:AB:96:20,-56
BLE,1705563530821611013,D3:F4:55:AB:96:20,-58
BLE,1705563531211295778,D3:F4:55:AB:96:20,-54
BLE,1705563531466294841,DF:DF:EE:00:00:04,-39
BLE,1705563531786906530,D3:F4:55:AB:96:20,-58
BLE,1705563532002849138,DF:DF:EE:00:00:04,-39
BLE,1705563532171611531,D3:F4:55:AB:96:20,-59
BLE,1705563532550934066,D3:F4:55:AB:96:20,-43
BLE,1705563533127152601,D3:F4:55:AB:96:20,-57
BLE,1705563533319668037,D3:F4:55:AB:96:20,-59
BLE,1705563533461369016,DF:DF:EE:00:00:04,-36
BLE,1705563533516934156,D3:F4:55:AB:96:20,-72
BLE,1705563533656594539,DF:A6:DC:DC:2E:81,-65
BLE,1705563533656635622,DF:DF:EE:00:00:01,-65
BLE,1705563533713327496,D3:F4:55:AB:96:20,-56
BLE,1705563534103724627,D3:F4:55:AB:96:20,-59
BLE,1705563534300741125,D3:F4:55:AB:96:20,-41
BLE,1705563534457638642,DF:DF:EE:00:00:04,-39
BLE,1705563534487892969,D3:F4:55:AB:96:20,-57
BLE,1705563534682049799,D3:F4:55:AB:96:20,-58
BLE,1705563534872998131,D3:F4:55:AB:96:20,-58
BLE,1705563534874475069,D3:F4:55:AB:96:20,-54
BLE,1705563534998485379,DF:DF:EE:00:00:04,-40
BLE,1705563535062860729,D3:F4:55:AB:96:20,-41
BLE,1705563535449225541,D3:F4:55:AB:96:20,-58
BLE,1705563535456423607,DF:DF:EE:00:00:04,-21
BLE,1705563536024908083,D3:F4:55:AB:96:20,-54
BLE,1705563536198834112,DF:A6:DC:DC:2E:81,-64
BLE,1705563536198872028,DF:DF:EE:00:00:01,-64
BLE,1705563536408465809,D3:F4:55:AB:96:20,-54
BLE,1705563536789960980,D3:F4:55:AB:96:20,-55
BLE,1705563536980582609,D3:F4:55:AB:96:20,-56
BLE,1705563537172312890,D3:F4:55:AB:96:20,-54
BLE,1705563537365825687,D3:F4:55:AB:96:20,-57
BLE,1705563537458861595,DF:DF:EE:00:00:04,-35
BLE,1705563537560439260,D3:F4:55:AB:96:20,-57
BLE,1705563537751793462,D3:F4:55:AB:96:20,-59
BLE,1705563537946140372,D3:F4:55:AB:96:20,-56
BLE,1705563537999608792,DF:DF:EE:00:00:04,-34
BLE,1705563538134440451,D3:F4:55:AB:96:20,-58
BLE,1705563538329703515,D3:F4:55:AB:96:20,-57
BLE,1705563538461355051,DF:DF:EE:00:00:04,-40
BLE,1705563538518096925,D3:F4:55:AB:96:20,-68
BLE,1705563538711401892,D3:F4:55:AB:96:20,-57
BLE,1705563538902962508,D3:F4:55:AB:96:20,-50
BLE,1705563539281391680,D3:F4:55:AB:96:20,-57
BLE,1705563539462977310,DF:DF:EE:00:00:04,-36
BLE,1705563539475164265,D3:F4:55:AB:96:20,-58
BLE,1705563539667408288,D3:F4:55:AB:96:20,-57
BLE,1705563539856494605,D3:F4:55:AB:96:20,-57
BLE,1705563540045584714,D3:F4:55:AB:96:20,-57
BLE,1705563540237818237,D3:F4:55:AB:96:20,-67
BLE,1705563540432851846,D3:F4:55:AB:96:20,-54
BLE,1705563540460979995,DF:DF:EE:00:00:04,-36
BLE,1705563541007100534,D3:F4:55:AB:96:20,-42
BLE,1705563541202861091,D3:F4:55:AB:96:20,-54
BLE,1705563541460692906,DF:DF:EE:00:00:04,-35
BLE,1705563541775029265,D3:F4:55:AB:96:20,-69
BLE,1705563541967776948,D3:F4:55:AB:96:20,-54
BLE,1705563542002727585,DF:DF:EE:00:00:04,-41
BLE,1705563542158901570,D3:F4:55:AB:96:20,-57
BLE,1705563542350566185,D3:F4:55:AB:96:20,-56
BLE,1705563542541512018,D3:F4:55:AB:96:20,-59
BLE,1705563542566116549,DF:A6:DC:DC:2E:81,-65
BLE,1705563542566130965,DF:DF:EE:00:00:01,-65
BLE,1705563542735098647,D3:F4:55:AB:96:20,-64
BLE,1705563543310291029,D3:F4:55:AB:96:20,-57
BLE,1705563543458552333,DF:DF:EE:00:00:04,-40
BLE,1705563543702701756,D3:F4:55:AB:96:20,-56
BLE,1705563543890529091,D3:F4:55:AB:96:20,-57
BLE,1705563543998619290,DF:DF:EE:00:00:04,-39
BLE,1705563544087240010,D3:F4:55:AB:96:20,-57
BLE,1705563544278381965,D3:F4:55:AB:96:20,-58
BLE,1705563544469269882,D3:F4:55:AB:96:20,-41
BLE,1705563544664002537,D3:F4:55:AB:96:20,-55
BLE,1705563544857100715,D3:F4:55:AB:96:20,-59
BLE,1705563544995964192,DF:DF:EE:00:00:04,-34
BLE,1705563545045872537,D3:F4:55:AB:96:20,-50
BLE,1705563545236200045,D3:F4:55:AB:96:20,-57
BLE,1705563545461953933,DF:DF:EE:00:00:04,-39
BLE,1705563545624042794,D3:F4:55:AB:96:20,-57
BLE,1705563545822941808,D3:F4:55:AB:96:20,-58
BLE,1705563545997511161,DF:DF:EE:00:00:04,-30
BLE,1705563546389261314,DF:A6:DC:DC:2E:81,-64
BLE,1705563546389306563,DF:DF:EE:00:00:01,-64
BLE,1705563546458152143,DF:DF:EE:00:00:04,-35
BLE,1705563546997213697,DF:DF:EE:00:00:04,-20
BLE,1705563547158449653,D3:F4:55:AB:96:20,-68
BLE,1705563547355738189,D3:F4:55:AB:96:20,-57
BLE,1705563547457713556,DF:DF:EE:00:00:04,-36
BLE,1705563547738748381,D3:F4:55:AB:96:20,-44
BLE,1705563547935131638,D3:F4:55:AB:96:20,-41
BLE,1705563548001949788,DF:DF:EE:00:00:04,-46
BLE,1705563548317207301,D3:F4:55:AB:96:20,-56
BLE,1705563548889390975,D3:F4:55:AB:96:20,-43
BLE,1705563548935231293,DF:A6:DC:DC:2E:81,-64
BLE,1705563548935271709,DF:DF:EE:00:00:01,-64
BLE,1705563548999463980,DF:DF:EE:00:00:04,-36
BLE,1705563549470669148,D3:F4:55:AB:96:20,-43
BLE,1705563549665314804,D3:F4:55:AB:96:20,-57
BLE,1705563549855000821,D3:F4:55:AB:96:20,-57
BLE,1705563549997850909,DF:DF:EE:00:00:04,-34
BLE,1705563550048154706,D3:F4:55:AB:96:20,-58
BLE,1705563550240472478,D3:F4:55:AB:96:20,-57
BLE,1705563550622854054,D3:F4:55:AB:96:20,-57
BLE,1705563550813844678,D3:F4:55:AB:96:20,-58
BLE,1705563550996507251,DF:DF:EE:00:00:04,-23
BLE,1705563551000182783,D3:F4:55:AB:96:20,-44
BLE,1705563551200161115,D3:F4:55:AB:96:20,-56
BLE,1705563551466211524,DF:DF:EE:00:00:04,-52
BLE,1705563551476974082,DF:A6:DC:DC:2E:81,-50
BLE,1705563551477017415,DF:DF:EE:00:00:01,-50
BLE,1705563551781721159,D3:F4:55:AB:96:20,-56
BLE,1705563551977481174,D3:F4:55:AB:96:20,-54
BLE,1705563552365138968,D3:F4:55:AB:96:20,-56
BLE,1705563552463007476,DF:DF:EE:00:00:04,-35
BLE,1705563552560387282,D3:F4:55:AB:96:20,-54
BLE,1705563552750466419,D3:F4:55:AB:96:20,-58
BLE,1705563552937048938,D3:F4:55:AB:96:20,-58
BLE,1705563553136229072,D3:F4:55:AB:96:20,-41
BLE,1705563553323431499,D3:F4:55:AB:96:20,-57
BLE,1705563553515683730,D3:F4:55:AB:96:20,-42
BLE,1705563553704205555,D3:F4:55:AB:96:20,-58
BLE,1705563553993766927,DF:DF:EE:00:00:04,-35
BLE,1705563554095001180,D3:F4:55:AB:96:20,-54
BLE,1705563554458044317,DF:DF:EE:00:00:04,-39
BLE,1705563554483975622,D3:F4:55:AB:96:20,-56
BLE,1705563554865352253,D3:F4:55:AB:96:20,-42
BLE,1705563554994194745,DF:DF:EE:00:00:04,-48
BLE,1705563555060389487,D3:F4:55:AB:96:20,-56
BLE,1705563555250230460,D3:F4:55:AB:96:20,-56
BLE,1705563555300482175,DF:A6:DC:DC:2E:81,-64
BLE,1705563555300523091,DF:DF:EE:00:00:01,-64
BLE,1705563555635590869,D3:F4:55:AB:96:20,-44
BLE,1705563555833170526,D3:F4:55:AB:96:20,-57
BLE,1705563555999814324,DF:DF:EE:00:00:04,-36
BLE,1705563556021163317,D3:F4:55:AB:96:20,-59
BLE,1705563556216689669,D3:F4:55:AB:96:20,-58
BLE,1705563556457350266,DF:DF:EE:00:00:04,-35
BLE,1705563556596744736,D3:F4:55:AB:96:20,-56
BLE,1705563556790635611,D3:F4:55:AB:96:20,-54
BLE,1705563556979561222,D3:F4:55:AB:96:20,-41
BLE,1705563556997533804,DF:DF:EE:00:00:04,-35
BLE,1705563557166369779,D3:F4:55:AB:96:20,-58
BLE,1705563557363346903,D3:F4:55:AB:96:20,-56
BLE,1705563557557629106,D3:F4:55:AB:96:20,-56
BLE,1705563557751161277,D3:F4:55:AB:96:20,-57
BLE,1705563557941113041,D3:F4:55:AB:96:20,-56
BLE,1705563557998911359,DF:DF:EE:00:00:04,-34
BLE,1705563558131035888,D3:F4:55:AB:96:20,-58
BLE,1705563558320768821,D3:F4:55:AB:96:20,-54
BLE,1705563558462414301,DF:DF:EE:00:00:04,-40
BLE,1705563558704653209,D3:F4:55:AB:96:20,-54
BLE,1705563558893756859,D3:F4:55:AB:96:20,-68
BLE,1705563559002969167,DF:DF:EE:00:00:04,-39
BLE,1705563559087962272,D3:F4:55:AB:96:20,-54
BLE,1705563559282008936,D3:F4:55:AB:96:20,-57
BLE,1705563559472948602,D3:F4:55:AB:96:20,-56
BLE,1705563559666889143,D3:F4:55:AB:96:20,-59
BLE,1705563559861622340,D3:F4:55:AB:96:20,-57
BLE,1705563559995011144,DF:DF:EE:00:00:04,-39
BLE,1705563560048804517,D3:F4:55:AB:96:20,-59
BLE,1705563560241734697,D3:F4:55:AB:96:20,-58
BLE,1705563560437736793,D3:F4:55:AB:96:20,-55
BLE,1705563560466600848,DF:DF:EE:00:00:04,-39
BLE,1705563560632764777,D3:F4:55:AB:96:20,-68
BLE,1705563560995187631,DF:DF:EE:00:00:04,-35
BLE,1705563561219437832,D3:F4:55:AB:96:20,-59
BLE,1705563561410729244,D3:F4:55:AB:96:20,-58
BLE,1705563561459414272,DF:DF:EE:00:00:04,-39
BLE,1705563561602148112,D3:F4:55:AB:96:20,-59
BLE,1705563561993912306,D3:F4:55:AB:96:20,-55
BLE,1705563561994861126,D3:F4:55:AB:96:20,-58
BLE,1705563562188390590,D3:F4:55:AB:96:20,-59
BLE,1705563562454405332,DF:DF:EE:00:00:04,-35
BLE,1705563562765171867,D3:F4:55:AB:96:20,-58
BLE,1705563562996323680,DF:DF:EE:00:00:04,-34
BLE,1705563563147602317,D3:F4:55:AB:96:20,-56
BLE,1705563563460067119,DF:DF:EE:00:00:04,-46
BLE,1705563563536345887,D3:F4:55:AB:96:20,-58
BLE,1705563563926337439,D3:F4:55:AB:96:20,-54
BLE,1705563564001812135,DF:DF:EE:00:00:04,-40
BLE,1705563564515474460,D3:F4:55:AB:96:20,-58
BLE,1705563564707666651,D3:F4:55:AB:96:20,-44
BLE,1705563564901949312,D3:F4:55:AB:96:20,-41
BLE,1705563565091081503,D3:F4:55:AB:96:20,-57
BLE,1705563565285517371,D3:F4:55:AB:96:20,-58
BLE,1705563565460601883,DF:DF:EE:00:00:04,-39
BLE,1705563565473758158,D3:F4:55:AB:96:20,-58
BLE,1705563565666496883,D3:F4:55:AB:96:20,-57
BLE,1705563565858353744,D3:F4:55:AB:96:20,-54
BLE,1705563566002788602,DF:DF:EE:00:00:04,-39
BLE,1705563566050732932,D3:F4:55:AB:96:20,-57
BLE,1705563566632329433,D3:F4:55:AB:96:20,-73
BLE,1705563566822992020,D3:F4:55:AB:96:20,-57
BLE,1705563567216954976,D3:F4:55:AB:96:20,-67
BLE,1705563567404088862,D3:F4:55:AB:96:20,-59
BLE,1705563567465721709,DF:DF:EE:00:00:04,-40
BLE,1705563567595748393,D3:F4:55:AB:96:20,-55
BLE,1705563567999480462,DF:DF:EE:00:00:04,-36
BLE,1705563568036471779,DF:A6:DC:DC:2E:81,-64
BLE,1705563568036508862,DF:DF:EE:00:00:01,-64
BLE,1705563568165141398,D3:F4:55:AB:96:20,-58
BLE,1705563568352724820,D3:F4:55:AB:96:20,-57
BLE,1705563568458307012,DF:DF:EE:00:00:04,-39
BLE,1705563568742107422,D3:F4:55:AB:96:20,-54
BLE,1705563569121451249,D3:F4:55:AB:96:20,-54
BLE,1705563569313118405,D3:F4:55:AB:96:20,-56
BLE,1705563569459462986,DF:DF:EE:00:00:04,-37
BLE,1705563569695765018,D3:F4:55:AB:96:20,-58
BLE,1705563569881602756,D3:F4:55:AB:96:20,-57
BLE,1705563570001557622,DF:DF:EE:00:00:04,-36
BLE,1705563570070251704,D3:F4:55:AB:96:20,-54
BLE,1705563570640676445,D3:F4:55:AB:96:20,-41
BLE,1705563570831487571,D3:F4:55:AB:96:20,-56
BLE,1705563570998447697,DF:DF:EE:00:00:04,-39
BLE,1705563571021540500,D3:F4:55:AB:96:20,-56
BLE,1705563571207065534,D3:F4:55:AB:96:20,-57
BLE,1705563571461311857,DF:DF:EE:00:00:04,-36
BLE,1705563571595791687,D3:F4:55:AB:96:20,-54
BLE,1705563571792191277,D3:F4:55:AB:96:20,-58
BLE,1705563571993741420,DF:DF:EE:00:00:04,-36
BLE,1705563572173891196,D3:F4:55:AB:96:20,-57
BLE,1705563572560762917,D3:F4:55:AB:96:20,-57
BLE,1705563572753430142,D3:F4:55:AB:96:20,-57
BLE,1705563572944033230,D3:F4:55:AB:96:20,-58
BLE,1705563572945256754,D3:F4:55:AB:96:20,-54
BLE,1705563572999629162,DF:DF:EE:00:00:04,-39
BLE,1705563573118271296,DF:A6:DC:DC:2E:81,-65
BLE,1705563573118313421,DF:DF:EE:00:00:01,-65
BLE,1705563573141208601,D3:F4:55:AB:96:20,-53
BLE,1705563573332843674,D3:F4:55:AB:96:20,-55
BLE,1705563573459843608,DF:DF:EE:00:00:04,-35
BLE,1705563573715669577,D3:F4:55:AB:96:20,-56
BLE,1705563573908125013,D3:F4:55:AB:96:20,-59
BLE,1705563574102145928,D3:F4:55:AB:96:20,-57
BLE,1705563574288462909,D3:F4:55:AB:96:20,-60
BLE,1705563574465013276,DF:DF:EE:00:00:04,-39
BLE,1705563574483254230,D3:F4:55:AB:96:20,-57
BLE,1705563574673448573,D3:F4:55:AB:96:20,-59
BLE,1705563574868233853,D3:F4:55:AB:96:20,-58
BLE,1705563575001997359,DF:DF:EE:00:00:04,-39
BLE,1705563575441014644,D3:F4:55:AB:96:20,-53
BLE,1705563575459506552,DF:DF:EE:00:00:04,-35
BLE,1705563575662183763,DF:A6:DC:DC:2E:81,-65
BLE,1705563575662225804,DF:DF:EE:00:00:01,-65
BLE,1705563576001628688,DF:DF:EE:00:00:04,-34
BLE,1705563576459705706,DF:DF:EE:00:00:04,-36
BLE,1705563576601869387,D3:F4:55:AB:96:20,-58
BLE,1705563576797856108,D3:F4:55:AB:96:20,-56
BLE,1705563576992014729,DF:DF:EE:00:00:04,-35
BLE,1705563577178627581,D3:F4:55:AB:96:20,-56
BLE,1705563577371911173,D3:F4:55:AB:96:20,-57
BLE,1705563577568193015,D3:F4:55:AB:96:20,-41
BLE,1705563577757507787,D3:F4:55:AB:96:20,-57
BLE,1705563577950984918,D3:F4:55:AB:96:20,-58
BLE,1705563577995242425,DF:DF:EE:00:00:04,-39
BLE,1705563578141587880,D3:F4:55:AB:96:20,-44
BLE,1705563578332935458,D3:F4:55:AB:96:20,-58
BLE,1705563578459561314,DF:DF:EE:00:00:04,-36
BLE,1705563578915445863,D3:F4:55:AB:96:20,-57
BLE,1705563578999795935,DF:DF:EE:00:00:04,-36
BLE,1705563579302276001,D3:F4:55:AB:96:20,-57
BLE,1705563579456027437,DF:DF:EE:00:00:04,-39
BLE,1705563579488886645,DF:A6:DC:DC:2E:81,-66
BLE,1705563579488913228,DF:DF:EE:00:00:01,-66
BLE,1705563579497623606,D3:F4:55:AB:96:20,-56
BLE,1705563579694276192,D3:F4:55:AB:96:20,-58
BLE,1705563579695220554,D3:F4:55:AB:96:20,-55
BLE,1705563579996818591,DF:DF:EE:00:00:04,-39
BLE,1705563580082525603,D3:F4:55:AB:96:20,-56
BLE,1705563580271099594,D3:F4:55:AB:96:20,-57
BLE,1705563580458077399,DF:DF:EE:00:00:04,-34
BLE,1705563580462423880,D3:F4:55:AB:96:20,-56
BLE,1705563580844272629,D3:F4:55:AB:96:20,-55
BLE,1705563580996144675,DF:DF:EE:00:00:04,-35
BLE,1705563581229671496,D3:F4:55:AB:96:20,-56
BLE,1705563581454650270,DF:DF:EE:00:00:04,-34
BLE,1705563581618759436,D3:F4:55:AB:96:20,-56
BLE,1705563581812985682,D3:F4:55:AB:96:20,-56
BLE,1705563581993568284,DF:DF:EE:00:00:04,-36
BLE,1705563582203476644,D3:F4:55:AB:96:20,-56
BLE,1705563582388505893,D3:F4:55:AB:96:20,-57
BLE,1705563582456721315,DF:DF:EE:00:00:04,-34
BLE,1705563582586626875,D3:F4:55:AB:96:20,-57
BLE,1705563582968247545,D3:F4:55:AB:96:20,-57
BLE,1705563583459052064,DF:DF:EE:00:00:04,-36
BLE,1705563583545182361,D3:F4:55:AB:96:20,-54
BLE,1705563583735078209,D3:F4:55:AB:96:20,-57
BLE,1705563583923565243,D3:F4:55:AB:96:20,-59
BLE,1705563583995934732,DF:DF:EE:00:00:04,-36
BLE,1705563584310478255,D3:F4:55:AB:96:20,-55
BLE,1705563584503064648,D3:F4:55:AB:96:20,-57
BLE,1705563584576728494,DF:A6:DC:DC:2E:81,-50
BLE,1705563584576765910,DF:DF:EE:00:00:01,-50
BLE,1705563584888427724,D3:F4:55:AB:96:20,-57
BLE,1705563584996530672,DF:DF:EE:00:00:04,-40
BLE,1705563585272333320,D3:F4:55:AB:96:20,-59
BLE,1705563585453146919,DF:DF:EE:00:00:04,-35
BLE,1705563585467313513,D3:F4:55:AB:96:20,-57
BLE,1705563585652737631,D3:F4:55:AB:96:20,-59
BLE,1705563585846221262,D3:F4:55:AB:96:20,-58
BLE,1705563586222345550,D3:F4:55:AB:96:20,-54
BLE,1705563586417307868,D3:F4:55:AB:96:20,-59
BLE,1705563586462344989,DF:DF:EE:00:00:04,-36
BLE,1705563586614339408,D3:F4:55:AB:96:20,-57
BLE,1705563586996812982,DF:DF:EE:00:00:04,-24
BLE,1705563587001857370,D3:F4:55:AB:96:20,-43
BLE,1705563587114425339,DF:A6:DC:DC:2E:81,-63
BLE,1705563587114466380,DF:DF:EE:00:00:01,-63
BLE,1705563587589414955,D3:F4:55:AB:96:20,-57
BLE,1705563587781009153,D3:F4:55:AB:96:20,-53
BLE,1705563587971975819,D3:F4:55:AB:96:20,-44
BLE,1705563587994984998,DF:DF:EE:00:00:04,-34
BLE,1705563588163211898,D3:F4:55:AB:96:20,-57
BLE,1705563588554333727,D3:F4:55:AB:96:20,-54
BLE,1705563588752086006,D3:F4:55:AB:96:20,-56
BLE,1705563589138689773,D3:F4:55:AB:96:20,-65
BLE,1705563589337368456,D3:F4:55:AB:96:20,-58
BLE,1705563589457028951,DF:DF:EE:00:00:04,-36
BLE,1705563589524410843,D3:F4:55:AB:96:20,-57
BLE,1705563590109424797,D3:F4:55:AB:96:20,-57
BLE,1705563590460067982,DF:DF:EE:00:00:04,-39
BLE,1705563590501829232,D3:F4:55:AB:96:20,-45
BLE,1705563590884177475,D3:F4:55:AB:96:20,-54
BLE,1705563590885636080,D3:F4:55:AB:96:20,-58
BLE,1705563591000851304,DF:DF:EE:00:00:04,-39
BLE,1705563591075155307,D3:F4:55:AB:96:20,-58
BLE,1705563591274401483,D3:F4:55:AB:96:20,-47
BLE,1705563591457314928,DF:DF:EE:00:00:04,-35
BLE,1705563591459943183,D3:F4:55:AB:96:20,-57
BLE,1705563591850827890,D3:F4:55:AB:96:20,-55
BLE,1705563592198192246,DF:A6:DC:DC:2E:81,-65
BLE,1705563592198237329,DF:DF:EE:00:00:01,-65
BLE,1705563592231643779,D3:F4:55:AB:96:20,-55
BLE,1705563592455011575,DF:DF:EE:00:00:04,-37
BLE,1705563592612379752,D3:F4:55:AB:96:20,-45
BLE,1705563592803574915,D3:F4:55:AB:96:20,-58
BLE,1705563593001137780,D3:F4:55:AB:96:20,-58
BLE,1705563593194563120,D3:F4:55:AB:96:20,-53
BLE,1705563593388768949,D3:F4:55:AB:96:20,-56
BLE,1705563593460086245,DF:DF:EE:00:00:04,-35
BLE,1705563593586080652,D3:F4:55:AB:96:20,-42
BLE,1705563593963193926,D3:F4:55:AB:96:20,-54
BLE,1705563594000763859,DF:DF:EE:00:00:04,-35
BLE,1705563594353611889,D3:F4:55:AB:96:20,-58
BLE,1705563594463733559,DF:DF:EE:00:00:04,-39
BLE,1705563594740737648,D3:F4:55:AB:96:20,-57
BLE,1705563594937002115,D3:F4:55:AB:96:20,-58
BLE,1705563594991376314,DF:DF:EE:00:00:04,-36
BLE,1705563595459242279,DF:DF:EE:00:00:04,-22
BLE,1705563595505754546,D3:F4:55:AB:96:20,-59
BLE,1705563595702589505,D3:F4:55:AB:96:20,-41
BLE,1705563595891180079,D3:F4:55:AB:96:20,-57
BLE,1705563596276724069,D3:F4:55:AB:96:20,-58
BLE,1705563596454969246,DF:DF:EE:00:00:04,-34
BLE,1705563596473808732,D3:F4:55:AB:96:20,-57
BLE,1705563596665260516,D3:F4:55:AB:96:20,-54
BLE,1705563596992179450,DF:DF:EE:00:00:04,-34
BLE,1705563597233354331,D3:F4:55:AB:96:20,-56
BLE,1705563597422368525,D3:F4:55:AB:96:20,-57
BLE,1705563597456493923,DF:DF:EE:00:00:04,-40
BLE,1705563597613859891,D3:F4:55:AB:96:20,-43
BLE,1705563597805948042,D3:F4:55:AB:96:20,-57
BLE,1705563597996660419,D3:F4:55:AB:96:20,-56
BLE,1705563598000997442,DF:DF:EE:00:00:04,-40
BLE,1705563598184235174,D3:F4:55:AB:96:20,-57
BLE,1705563598382519155,D3:F4:55:AB:96:20,-58
BLE,1705563598566399628,DF:A6:DC:DC:2E:81,-51
BLE,1705563598566443586,DF:DF:EE:00:00:01,-51
BLE,1705563598568864427,D3:F4:55:AB:96:20,-43
BLE,1705563598999518745,DF:DF:EE:00:00:04,-35
BLE,1705563599346379358,D3:F4:55:AB:96:20,-58
BLE,1705563599459279865,DF:DF:EE:00:00:04,-45
BLE,1705563599535059264,D3:F4:55:AB:96:20,-58
BLE,1705563599733788530,D3:F4:55:AB:96:20,-58
BLE,1705563599919312481,D3:F4:55:AB:96:20,-57
BLE,1705563599999568901,DF:DF:EE:00:00:04,-40
BLE,1705563600116478477,D3:F4:55:AB:96:20,-53
BLE,1705563600302444337,D3:F4:55:AB:96:20,-59
BLE,1705563600461559490,DF:DF:EE:00:00:04,-34
BLE,1705563600496480835,D3:F4:55:AB:96:20,-58
BLE,1705563600683371808,D3:F4:55:AB:96:20,-68
BLE,1705563600880216475,D3:F4:55:AB:96:20,-42
BLE,1705563600993397728,DF:DF:EE:00:00:04,-34
BLE,1705563601065988255,D3:F4:55:AB:96:20,-58
BLE,1705563601110765130,DF:A6:DC:DC:2E:81,-66
BLE,1705563601110819046,DF:DF:EE:00:00:01,-66
BLE,1705563601262253639,D3:F4:55:AB:96:20,-58
BLE,1705563601453426052,DF:DF:EE:00:00:04,-33
BLE,1705563601991129541,DF:DF:EE:00:00:04,-36
BLE,1705563602027850112,D3:F4:55:AB:96:20,-56
BLE,1705563602458598762,DF:DF:EE:00:00:04,-19
BLE,1705563602605106299,D3:F4:55:AB:96:20,-50
BLE,1705563602993557373,D3:F4:55:AB:96:20,-52
BLE,1705563603186471303,D3:F4:55:AB:96:20,-54
BLE,1705563603458939789,DF:DF:EE:00:00:04,-36
BLE,1705563603654763595,DF:A6:DC:DC:2E:81,-64
BLE,1705563603654806345,DF:DF:EE:00:00:01,-64
BLE,1705563603768938417,D3:F4:55:AB:96:20,-59
BLE,1705563603959051053,D3:F4:55:AB:96:20,-56
BLE,1705563603994561141,DF:DF:EE:00:00:04,-35
BLE,1705563604351581362,D3:F4:55:AB:96:20,-43
BLE,1705563604457766837,DF:DF:EE:00:00:04,-34
BLE,1705563604996505187,DF:DF:EE:00:00:04,-33
BLE,1705563605128347346,D3:F4:55:AB:96:20,-58
BLE,1705563605455688232,DF:DF:EE:00:00:04,-34
BLE,1705563605512836517,D3:F4:55:AB:96:20,-58
BLE,1705563605703899306,D3:F4:55:AB:96:20,-57
BLE,1705563606089965497,D3:F4:55:AB:96:20,-55
BLE,1705563606196479384,DF:A6:DC:DC:2E:81,-50
BLE,1705563606196525592,DF:DF:EE:00:00:01,-50
BLE,1705563606281534113,D3:F4:55:AB:96:20,-57
BLE,1705563606459120466,DF:DF:EE:00:00:04,-45
BLE,1705563606474241088,D3:F4:55:AB:96:20,-56
BLE,1705563606666049742,D3:F4:55:AB:96:20,-59
BLE,1705563606993893538,DF:DF:EE:00:00:04,-36
BLE,1705563607052401429,D3:F4:55:AB:96:20,-59
BLE,1705563607249127348,D3:F4:55:AB:96:20,-57
BLE,1705563607441067500,D3:F4:55:AB:96:20,-45
BLE,1705563607454695143,DF:DF:EE:00:00:04,-34
BLE,1705563607636392897,D3:F4:55:AB:96:20,-57
BLE,1705563607833411895,D3:F4:55:AB:96:20,-58
BLE,1705563607996063039,DF:DF:EE:00:00:04,-36
BLE,1705563608029246451,D3:F4:55:AB:96:20,-45
BLE,1705563608415128811,D3:F4:55:AB:96:20,-53
BLE,1705563608453909686,DF:DF:EE:00:00:04,-48
BLE,1705563608740293894,DF:A6:DC:DC:2E:81,-64
BLE,1705563608740338227,DF:DF:EE:00:00:01,-64
BLE,1705563608996667730,DF:DF:EE:00:00:04,-36
BLE,1705563609179926295,D3:F4:55:AB:96:20,-58
BLE,1705563609369124860,D3:F4:55:AB:96:20,-68
BLE,1705563609563597061,D3:F4:55:AB:96:20,-57
BLE,1705563609753591240,D3:F4:55:AB:96:20,-69
BLE,1705563609946996997,D3:F4:55:AB:96:20,-56
BLE,1705563610133791888,D3:F4:55:AB:96:20,-68
BLE,1705563610329876566,D3:F4:55:AB:96:20,-67
BLE,1705563610458050192,DF:DF:EE:00:00:04,-35
BLE,1705563610522700331,D3:F4:55:AB:96:20,-54
BLE,1705563610915508636,D3:F4:55:AB:96:20,-57
BLE,1705563610997220703,DF:DF:EE:00:00:04,-36
BLE,1705563611101991572,D3:F4:55:AB:96:20,-44
BLE,1705563611291805004,D3:F4:55:AB:96:20,-55
BLE,1705563611669953681,D3:F4:55:AB:96:20,-54
BLE,1705563612059417282,D3:F4:55:AB:96:20,-58
BLE,1705563612441824358,D3:F4:55:AB:96:20,-42
BLE,1705563612453896481,DF:DF:EE:00:00:04,-19
BLE,1705563612631119047,D3:F4:55:AB:96:20,-59
BLE,1705563612994212225,DF:DF:EE:00:00:04,-36
BLE,1705563613020141488,D3:F4:55:AB:96:20,-45
BLE,1705563613788813460,D3:F4:55:AB:96:20,-54
BLE,1705563614170486545,D3:F4:55:AB:96:20,-54
BLE,1705563614365696485,D3:F4:55:AB:96:20,-58
BLE,1705563614452302317,DF:DF:EE:00:00:04,-33
BLE,1705563614947040698,D3:F4:55:AB:96:20,-58
BLE,1705563615533172636,D3:F4:55:AB:96:20,-59
BLE,1705563615727769168,D3:F4:55:AB:96:20,-58
BLE,1705563615917555600,D3:F4:55:AB:96:20,-57
BLE,1705563615997521775,DF:DF:EE:00:00:04,-39
BLE,1705563616112028051,D3:F4:55:AB:96:20,-58
BLE,1705563616298141451,D3:F4:55:AB:96:20,-60
BLE,1705563616390204373,DF:A6:DC:DC:2E:81,-63
BLE,1705563616390246539,DF:DF:EE:00:00:01,-63
BLE,1705563616454243729,DF:DF:EE:00:00:04,-35
BLE,1705563616495345780,D3:F4:55:AB:96:20,-56
BLE,1705563616690636594,D3:F4:55:AB:96:20,-40
BLE,1705563616883004948,D3:F4:55:AB:96:20,-59
BLE,1705563617076712576,D3:F4:55:AB:96:20,-58
BLE,1705563617266600007,D3:F4:55:AB:96:20,-57
BLE,1705563617455899821,D3:F4:55:AB:96:20,-40
BLE,1705563617459145692,DF:DF:EE:00:00:04,-23
BLE,1705563617649190204,D3:F4:55:AB:96:20,-57
BLE,1705563617993089651,DF:DF:EE:00:00:04,-34
BLE,1705563618234033869,D3:F4:55:AB:96:20,-57
BLE,1705563618461109489,DF:DF:EE:00:00:04,-35
BLE,1705563618805604760,D3:F4:55:AB:96:20,-56
BLE,1705563618929774984,DF:A6:DC:DC:2E:81,-49
BLE,1705563618929818442,DF:DF:EE:00:00:01,-49
BLE,1705563619192505231,D3:F4:55:AB:96:20,-42
BLE,1705563619383889349,D3:F4:55:AB:96:20,-58
BLE,1705563619457149909,DF:DF:EE:00:00:04,-35
BLE,1705563619576989360,D3:F4:55:AB:96:20,-58
BLE,1705563619769449714,D3:F4:55:AB:96:20,-54
BLE,1705563619960712792,D3:F4:55:AB:96:20,-42
BLE,1705563619991103909,DF:DF:EE:00:00:04,-36
BLE,1705563620151768415,D3:F4:55:AB:96:20,-54
BLE,1705563620347659845,D3:F4:55:AB:96:20,-57
BLE,1705563620454594102,DF:DF:EE:00:00:04,-40
BLE,1705563620996503866,DF:DF:EE:00:00:04,-39
BLE,1705563621308642089,D3:F4:55:AB:96:20,-57
BLE,1705563621474907600,DF:A6:DC:DC:2E:81,-63
BLE,1705563621474949391,DF:DF:EE:00:00:01,-63
BLE,1705563621499706962,D3:F4:55:AB:96:20,-59
BLE,1705563621884134467,D3:F4:55:AB:96:20,-54
BLE,1705563621994072390,DF:DF:EE:00:00:04,-35
BLE,1705563622456990341,DF:DF:EE:00:00:04,-39
BLE,1705563622468740885,D3:F4:55:AB:96:20,-54
BLE,1705563622659222224,D3:F4:55:AB:96:20,-41
BLE,1705563622852873019,D3:F4:55:AB:96:20,-54
BLE,1705563623042536787,D3:F4:55:AB:96:20,-57
BLE,1705563623456764001,DF:DF:EE:00:00:04,-34
BLE,1705563623614416257,D3:F4:55:AB:96:20,-59
BLE,1705563623808219800,D3:F4:55:AB:96:20,-58
BLE,1705563623996817832,D3:F4:55:AB:96:20,-57
BLE,1705563623999192758,DF:DF:EE:00:00:04,-35
BLE,1705563624378070340,D3:F4:55:AB:96:20,-59
BLE,1705563624461047681,DF:DF:EE:00:00:04,-39
BLE,1705563624573277614,D3:F4:55:AB:96:20,-57
BLE,1705563624759455888,D3:F4:55:AB:96:20,-59
BLE,1705563624949246612,D3:F4:55:AB:96:20,-54
BLE,1705563625140745854,D3:F4:55:AB:96:20,-54
BLE,1705563625338089931,D3:F4:55:AB:96:20,-56
BLE,1705563625525654353,D3:F4:55:AB:96:20,-59
BLE,1705563625904640184,D3:F4:55:AB:96:20,-44
BLE,1705563626101323770,D3:F4:55:AB:96:20,-57
BLE,1705563626461599696,DF:DF:EE:00:00:04,-40
BLE,1705563626674441556,D3:F4:55:AB:96:20,-43
BLE,1705563627068148599,D3:F4:55:AB:96:20,-58
BLE,1705563627257026752,D3:F4:55:AB:96:20,-57
BLE,1705563627841467172,DF:A6:DC:DC:2E:81,-69
BLE,1705563627841507088,DF:DF:EE:00:00:01,-69
BLE,1705563627994634241,DF:DF:EE:00:00:04,-40
BLE,1705563628402611001,D3:F4:55:AB:96:20,-58
BLE,1705563628455742383,DF:DF:EE:00:00:04,-34
BLE,1705563628787146421,D3:F4:55:AB:96:20,-57
BLE,1705563628997107780,DF:DF:EE:00:00:04,-35
BLE,1705563629460571390,DF:DF:EE:00:00:04,-34
BLE,1705563629565992084,D3:F4:55:AB:96:20,-57
BLE,1705563629947729460,D3:F4:55:AB:96:20,-58
BLE,1705563630138985163,D3:F4:55:AB:96:20,-59
BLE,1705563630385583344,DF:A6:DC:DC:2E:81,-65
BLE,1705563630385628052,DF:DF:EE:00:00:01,-65
BLE,1705563630532831704,D3:F4:55:AB:96:20,-57
BLE,1705563630722470263,D3:F4:55:AB:96:20,-58
BLE,1705563631110737465,D3:F4:55:AB:96:20,-56
BLE,1705563631456862214,DF:DF:EE:00:00:04,-39
BLE,1705563631489762796,D3:F4:55:AB:96:20,-58
BLE,1705563631683816210,D3:F4:55:AB:96:20,-58
BLE,1705563631877816042,D3:F4:55:AB:96:20,-40
BLE,1705563631995829685,DF:DF:EE:00:00:04,-33
BLE,1705563632261003523,D3:F4:55:AB:96:20,-40
BLE,1705563632647095422,D3:F4:55:AB:96:20,-57
BLE,1705563632834089268,D3:F4:55:AB:96:20,-60
BLE,1705563632929033109,DF:A6:DC:DC:2E:81,-64
BLE,1705563632929075941,DF:DF:EE:00:00:01,-64
BLE,1705563633023344791,D3:F4:55:AB:96:20,-54
BLE,1705563633214670827,D3:F4:55:AB:96:20,-57
BLE,1705563633409092237,D3:F4:55:AB:96:20,-53
BLE,1705563633457263772,DF:DF:EE:00:00:04,-51
BLE,1705563633799077164,D3:F4:55:AB:96:20,-57
BLE,1705563633993081663,DF:DF:EE:00:00:04,-36
BLE,1705563634375594320,D3:F4:55:AB:96:20,-56
BLE,1705563634567091812,D3:F4:55:AB:96:20,-59
BLE,1705563634759566790,D3:F4:55:AB:96:20,-56
BLE,1705563634950307126,D3:F4:55:AB:96:20,-57
BLE,1705563635141253375,D3:F4:55:AB:96:20,-45
BLE,1705563635333379733,D3:F4:55:AB:96:20,-57
BLE,1705563635460786370,DF:DF:EE:00:00:04,-40
BLE,1705563635724142650,D3:F4:55:AB:96:20,-54
BLE,1705563635913638503,D3:F4:55:AB:96:20,-58
BLE,1705563635994722579,DF:DF:EE:00:00:04,-36
BLE,1705563636109164897,D3:F4:55:AB:96:20,-54
BLE,1705563636491311267,D3:F4:55:AB:96:20,-55
BLE,1705563636683265795,D3:F4:55:AB:96:20,-57
BLE,1705563636752642159,DF:A6:DC:DC:2E:81,-65
BLE,1705563636752682325,DF:DF:EE:00:00:01,-65
BLE,1705563636873420305,D3:F4:55:AB:96:20,-55
BLE,1705563636996812082,DF:DF:EE:00:00:04,-36
BLE,1705563637069523274,D3:F4:55:AB:96:20,-57
BLE,1705563637260417191,D3:F4:55:AB:96:20,-58
BLE,1705563637449893045,D3:F4:55:AB:96:20,-43
BLE,1705563637643155262,D3:F4:55:AB:96:20,-42
BLE,1705563638219748458,D3:F4:55:AB:96:20,-54
BLE,1705563638410705749,D3:F4:55:AB:96:20,-57
BLE,1705563638598391752,D3:F4:55:AB:96:20,-58
BLE,1705563638981585942,D3:F4:55:AB:96:20,-59
BLE,1705563639364446219,D3:F4:55:AB:96:20,-57
BLE,1705563639451094258,DF:DF:EE:00:00:04,-36
BLE,1705563639559131958,D3:F4:55:AB:96:20,-58
BLE,1705563639745605686,D3:F4:55:AB:96:20,-59
BLE,1705563639938317953,D3:F4:55:AB:96:20,-57
BLE,1705563639993927051,DF:DF:EE:00:00:04,-35
BLE,1705563640128484588,D3:F4:55:AB:96:20,-57
BLE,1705563640322862040,D3:F4:55:AB:96:20,-42
BLE,1705563640454651241,DF:DF:EE:00:00:04,-22
BLE,1705563640510409962,D3:F4:55:AB:96:20,-58
BLE,1705563640576903950,DF:A6:DC:DC:2E:81,-65
BLE,1705563640576951324,DF:DF:EE:00:00:01,-65
BLE,1705563640706547931,D3:F4:55:AB:96:20,-42
BLE,1705563640902314113,D3:F4:55:AB:96:20,-54
BLE,1705563640994872570,DF:DF:EE:00:00:04,-39
BLE,1705563641091856674,D3:F4:55:AB:96:20,-58
BLE,1705563641290056989,D3:F4:55:AB:96:20,-56
BLE,1705563641485990377,D3:F4:55:AB:96:20,-54
BLE,1705563641873533422,D3:F4:55:AB:96:20,-57
BLE,1705563641992373970,DF:DF:EE:00:00:04,-34
BLE,1705563642060928888,D3:F4:55:AB:96:20,-43
BLE,1705563642450732568,D3:F4:55:AB:96:20,-54
BLE,1705563642458465627,DF:DF:EE:00:00:04,-39
BLE,1705563642640997160,D3:F4:55:AB:96:20,-57
BLE,1705563642827002645,D3:F4:55:AB:96:20,-59
BLE,1705563643000691219,DF:DF:EE:00:00:04,-39
BLE,1705563643022975700,D3:F4:55:AB:96:20,-56
BLE,1705563643121908985,DF:A6:DC:DC:2E:81,-65
BLE,1705563643121951942,DF:DF:EE:00:00:01,-65
BLE,1705563643208863062,D3:F4:55:AB:96:20,-57
BLE,1705563643404782950,D3:F4:55:AB:96:20,-58
BLE,1705563643458426034,DF:DF:EE:00:00:04,-35
BLE,1705563643590987141,D3:F4:55:AB:96:20,-58
BLE,1705563643788020639,D3:F4:55:AB:96:20,-58
BLE,1705563643974841279,D3:F4:55:AB:96:20,-48
BLE,1705563643999068857,DF:DF:EE:00:00:04,-35
BLE,1705563644167423172,D3:F4:55:AB:96:20,-57
BLE,1705563645001663186,DF:DF:EE:00:00:04,-40
BLE,1705563645317681147,D3:F4:55:AB:96:20,-52
BLE,1705563645459869120,DF:DF:EE:00:00:04,-36
BLE,1705563645509508301,D3:F4:55:AB:96:20,-55
BLE,1705563645664901922,DF:A6:DC:DC:2E:81,-64
BLE,1705563645664942963,DF:DF:EE:00:00:01,-64
BLE,1705563645701105417,D3:F4:55:AB:96:20,-57
BLE,1705563645886496494,D3:F4:55:AB:96:20,-57
BLE,1705563646081073859,D3:F4:55:AB:96:20,-57
BLE,1705563646274683697,D3:F4:55:AB:96:20,-54
BLE,1705563646450697530,DF:DF:EE:00:00:04,-35
BLE,1705563646989330173,DF:DF:EE:00:00:04,-35
BLE,1705563647051186142,D3:F4:55:AB:96:20,-58
BLE,1705563647242276098,D3:F4:55:AB:96:20,-56
BLE,1705563647433060766,D3:F4:55:AB:96:20,-59
BLE,1705563647453358274,DF:DF:EE:00:00:04,-39
BLE,1705563647625414705,D3:F4:55:AB:96:20,-54
BLE,1705563648015819543,D3:F4:55:AB:96:20,-57
BLE,1705563648202475519,DF:A6:DC:DC:2E:81,-50
BLE,1705563648202514310,DF:DF:EE:00:00:01,-50
BLE,1705563648584995176,D3:F4:55:AB:96:20,-58
BLE,1705563648774546987,D3:F4:55:AB:96:20,-56
BLE,1705563648967147297,D3:F4:55:AB:96:20,-53
BLE,1705563648989656857,DF:DF:EE:00:00:04,-34
BLE,1705563649164120004,D3:F4:55:AB:96:20,-58
BLE,1705563649744272733,D3:F4:55:AB:96:20,-40
BLE,1705563650119966986,D3:F4:55:AB:96:20,-58
BLE,1705563650312130051,D3:F4:55:AB:96:20,-56
BLE,1705563650499794555,D3:F4:55:AB:96:20,-59
BLE,1705563650894523000,D3:F4:55:AB:96:20,-58
BLE,1705563651084026686,D3:F4:55:AB:96:20,-57
BLE,1705563651282509456,D3:F4:55:AB:96:20,-57
BLE,1705563651458261626,DF:DF:EE:00:00:04,-39
BLE,1705563651472323388,D3:F4:55:AB:96:20,-50
BLE,1705563651662372358,D3:F4:55:AB:96:20,-58
BLE,1705563652049522700,D3:F4:55:AB:96:20,-59
BLE,1705563652240133496,D3:F4:55:AB:96:20,-54
BLE,1705563652622941274,D3:F4:55:AB:96:20,-40
BLE,1705563653012525457,D3:F4:55:AB:96:20,-57
BLE,1705563653288423604,DF:A6:DC:DC:2E:81,-63
BLE,1705563653288459978,DF:DF:EE:00:00:01,-63
BLE,1705563653397391331,D3:F4:55:AB:96:20,-56
BLE,1705563653461191815,DF:DF:EE:00:00:04,-39
BLE,1705563653594606243,D3:F4:55:AB:96:20,-58
BLE,1705563653786104194,D3:F4:55:AB:96:20,-60
BLE,1705563653975349592,D3:F4:55:AB:96:20,-56
BLE,1705563653993640586,DF:DF:EE:00:00:04,-21
BLE,1705563654168156399,D3:F4:55:AB:96:20,-59
BLE,1705563654357802375,D3:F4:55:AB:96:20,-40
BLE,1705563654458863505,DF:DF:EE:00:00:04,-34
BLE,1705563654551924288,D3:F4:55:AB:96:20,-59
BLE,1705563655130386708,D3:F4:55:AB:96:20,-58
BLE,1705563655321369332,D3:F4:55:AB:96:20,-54
BLE,1705563655459540152,DF:DF:EE:00:00:04,-35
BLE,1705563655703684700,D3:F4:55:AB:96:20,-54
BLE,1705563655897443786,D3:F4:55:AB:96:20,-57
BLE,1705563656280667266,D3:F4:55:AB:96:20,-58
BLE,1705563656456194814,DF:DF:EE:00:00:04,-39
BLE,1705563656478341963,D3:F4:55:AB:96:20,-56
BLE,1705563657250618676,D3:F4:55:AB:96:20,-57
BLE,1705563657453482551,DF:DF:EE:00:00:04,-35
BLE,1705563657639476078,D3:F4:55:AB:96:20,-54
BLE,1705563657829248344,D3:F4:55:AB:96:20,-56
BLE,1705563657995411148,DF:DF:EE:00:00:04,-34
BLE,1705563657997027584,DF:DF:EE:00:00:04,-36
BLE,1705563658015185122,D3:F4:55:AB:96:20,-58
BLE,1705563658376531574,DF:A6:DC:DC:2E:81,-64
BLE,1705563658376621782,DF:DF:EE:00:00:01,-64
BLE,1705563658411273506,D3:F4:55:AB:96:20,-42
BLE,1705563658602591458,D3:F4:55:AB:96:20,-65
BLE,1705563658793765663,D3:F4:55:AB:96:20,-58
BLE,1705563658982298863,D3:F4:55:AB:96:20,-57
BLE,1705563658992410638,DF:DF:EE:00:00:04,-34
BLE,1705563659375502121,D3:F4:55:AB:96:20,-56
BLE,1705563659455395338,DF:DF:EE:00:00:04,-35
BLE,1705563659564854101,D3:F4:55:AB:96:20,-58
BLE,1705563659948044499,D3:F4:55:AB:96:20,-43
BLE,1705563659996859192,DF:DF:EE:00:00:04,-35
BLE,1705563660331317062,D3:F4:55:AB:96:20,-57
BLE,1705563660458901738,DF:DF:EE:00:00:04,-39
BLE,1705563660523380462,D3:F4:55:AB:96:20,-56
BLE,1705563660713831052,D3:F4:55:AB:96:20,-58
BLE,1705563661295347471,D3:F4:55:AB:96:20,-59
BLE,1705563661455102198,DF:DF:EE:00:00:04,-34
BLE,1705563661684926988,D3:F4:55:AB:96:20,-59
BLE,1705563661880962833,D3:F4:55:AB:96:20,-57
BLE,1705563661996643134,DF:DF:EE:00:00:04,-35
BLE,1705563662200139708,DF:A6:DC:DC:2E:81,-64
BLE,1705563662200174041,DF:DF:EE:00:00:01,-64
BLE,1705563662651781899,D3:F4:55:AB:96:20,-58
BLE,1705563662989185520,DF:DF:EE:00:00:04,-35
BLE,1705563663047156002,D3:F4:55:AB:96:20,-58
BLE,1705563663431267136,D3:F4:55:AB:96:20,-56
BLE,1705563663806155775,D3:F4:55:AB:96:20,-56
BLE,1705563663991575268,DF:DF:EE:00:00:04,-23
BLE,1705563663998809542,D3:F4:55:AB:96:20,-57
BLE,1705563664192886248,D3:F4:55:AB:96:20,-52
BLE,1705563664388123521,D3:F4:55:AB:96:20,-56
BLE,1705563664455086044,DF:DF:EE:00:00:04,-36
BLE,1705563664580655915,D3:F4:55:AB:96:20,-58
BLE,1705563664745221492,DF:A6:DC:DC:2E:81,-64
BLE,1705563664745284949,DF:DF:EE:00:00:01,-64
BLE,1705563664971040796,D3:F4:55:AB:96:20,-57
BLE,1705563665453949884,DF:DF:EE:00:00:04,-39
BLE,1705563665937456630,D3:F4:55:AB:96:20,-57
BLE,1705563665993959174,DF:DF:EE:00:00:04,-40
BLE,1705563666127855721,D3:F4:55:AB:96:20,-58
BLE,1705563666316259172,D3:F4:55:AB:96:20,-57
BLE,1705563666699712524,D3:F4:55:AB:96:20,-59
BLE,1705563666895020380,D3:F4:55:AB:96:20,-57
BLE,1705563666995363645,DF:DF:EE:00:00:04,-36
BLE,1705563667090557607,D3:F4:55:AB:96:20,-40
BLE,1705563667286718492,D3:F4:55:AB:96:20,-57
BLE,1705563667451682771,DF:DF:EE:00:00:04,-35
BLE,1705563667481424897,D3:F4:55:AB:96:20,-57
BLE,1705563667675542852,D3:F4:55:AB:96:20,-54
BLE,1705563667868152912,D3:F4:55:AB:96:20,-68
BLE,1705563667990829365,DF:DF:EE:00:00:04,-36
BLE,1705563668058315298,D3:F4:55:AB:96:20,-55
BLE,1705563668439625263,D3:F4:55:AB:96:20,-40
BLE,1705563668455141005,DF:DF:EE:00:00:04,-34
BLE,1705563668633986590,D3:F4:55:AB:96:20,-57
BLE,1705563668828901951,D3:F4:55:AB:96:20,-58
BLE,1705563669017464442,D3:F4:55:AB:96:20,-60
BLE,1705563669212866212,D3:F4:55:AB:96:20,-56
BLE,1705563669401033876,D3:F4:55:AB:96:20,-59
BLE,1705563669458901859,DF:DF:EE:00:00:04,-39
BLE,1705563669592872738,D3:F4:55:AB:96:20,-58
BLE,1705563669784275314,D3:F4:55:AB:96:20,-57
BLE,1705563669979161925,D3:F4:55:AB:96:20,-57
BLE,1705563670360004064,D3:F4:55:AB:96:20,-57
BLE,1705563670456488383,DF:DF:EE:00:00:04,-35
BLE,1705563670545462224,D3:F4:55:AB:96:20,-59
BLE,1705563670743638414,D3:F4:55:AB:96:20,-52
BLE,1705563671461132642,DF:DF:EE:00:00:04,-39
BLE,1705563671897465047,D3:F4:55:AB:96:20,-43
BLE,1705563671988873145,DF:DF:EE:00:00:04,-34
BLE,1705563672093584100,D3:F4:55:AB:96:20,-58
BLE,1705563672282913872,D3:F4:55:AB:96:20,-58
BLE,1705563672455585793,DF:DF:EE:00:00:04,-39
BLE,1705563672477219699,D3:F4:55:AB:96:20,-57
BLE,1705563672665806773,D3:F4:55:AB:96:20,-57
BLE,1705563672859996103,D3:F4:55:AB:96:20,-58
BLE,1705563672995651791,DF:DF:EE:00:00:04,-40
BLE,1705563673436612798,D3:F4:55:AB:96:20,-45
BLE,1705563673449011375,DF:DF:EE:00:00:04,-35
BLE,1705563673630430091,D3:F4:55:AB:96:20,-59
BLE,1705563673820212857,D3:F4:55:AB:96:20,-56
BLE,1705563674200457587,D3:F4:55:AB:96:20,-54
BLE,1705563674458773521,DF:DF:EE:00:00:04,-39
BLE,1705563674589251282,D3:F4:55:AB:96:20,-57
BLE,1705563674777665317,D3:F4:55:AB:96:20,-60
BLE,1705563674973925825,D3:F4:55:AB:96:20,-58
BLE,1705563674991087669,DF:DF:EE:00:00:04,-36
BLE,1705563675170223500,D3:F4:55:AB:96:20,-56
BLE,1705563675359949808,D3:F4:55:AB:96:20,-58
BLE,1705563675453195881,DF:DF:EE:00:00:04,-36
BLE,1705563675748302384,D3:F4:55:AB:96:20,-43
BLE,1705563675995422849,DF:DF:EE:00:00:04,-35
BLE,1705563676130974664,D3:F4:55:AB:96:20,-58
BLE,1705563676457709808,DF:DF:EE:00:00:04,-39
BLE,1705563676520740678,D3:F4:55:AB:96:20,-40
BLE,1705563676714424472,D3:F4:55:AB:96:20,-58
BLE,1705563676996895068,DF:DF:EE:00:00:04,-39
BLE,1705563677109219291,D3:F4:55:AB:96:20,-58
BLE,1705563677295978724,D3:F4:55:AB:96:20,-59
BLE,1705563677477676686,DF:A6:DC:DC:2E:81,-64
BLE,1705563677477737310,DF:DF:EE:00:00:01,-64
BLE,1705563677485392578,D3:F4:55:AB:96:20,-56
BLE,1705563677869361632,D3:F4:55:AB:96:20,-56
BLE,1705563677992652076,DF:DF:EE:00:00:04,-34
BLE,1705563678257076424,D3:F4:55:AB:96:20,-57
BLE,1705563678455354113,DF:DF:EE:00:00:04,-37
BLE,1705563678832706884,D3:F4:55:AB:96:20,-54
BLE,1705563678999204350,DF:DF:EE:00:00:04,-33
BLE,1705563679025990226,D3:F4:55:AB:96:20,-57
BLE,1705563679457831569,DF:DF:EE:00:00:04,-34
BLE,1705563679609719447,D3:F4:55:AB:96:20,-58
BLE,1705563679993345047,DF:DF:EE:00:00:04,-39
BLE,1705563680379539361,D3:F4:55:AB:96:20,-59
BLE,1705563680448935267,DF:DF:EE:00:00:04,-35
BLE,1705563680575758870,D3:F4:55:AB:96:20,-58
BLE,1705563680768578510,D3:F4:55:AB:96:20,-54
BLE,1705563680995376051,DF:DF:EE:00:00:04,-36
BLE,1705563681145120084,D3:F4:55:AB:96:20,-58
BLE,1705563681338696630,D3:F4:55:AB:96:20,-58
BLE,1705563681454875508,DF:DF:EE:00:00:04,-40
BLE,1705563681535205844,D3:F4:55:AB:96:20,-54
BLE,1705563681915436949,D3:F4:55:AB:96:20,-54
BLE,1705563681990922770,DF:DF:EE:00:00:04,-40
BLE,1705563682298768720,D3:F4:55:AB:96:20,-55
BLE,1705563682449303159,DF:DF:EE:00:00:04,-34
BLE,1705563682488718358,D3:F4:55:AB:96:20,-58
BLE,1705563682677583054,D3:F4:55:AB:96:20,-43
BLE,1705563682870706731,D3:F4:55:AB:96:20,-58
BLE,1705563683065043183,D3:F4:55:AB:96:20,-56
BLE,1705563683455655186,DF:DF:EE:00:00:04,-40
BLE,1705563683991560367,DF:DF:EE:00:00:04,-35
BLE,1705563683992842807,DF:DF:EE:00:00:04,-39
BLE,1705563684214564418,D3:F4:55:AB:96:20,-56
BLE,1705563684410338851,D3:F4:55:AB:96:20,-58
BLE,1705563684451870145,DF:DF:EE:00:00:04,-35
BLE,1705563684604260892,D3:F4:55:AB:96:20,-56
BLE,1705563684990497664,DF:DF:EE:00:00:04,-35
BLE,1705563685108288435,DF:A6:DC:DC:2E:81,-64
BLE,1705563685108327476,DF:DF:EE:00:00:01,-64
BLE,1705563685179130445,D3:F4:55:AB:96:20,-56
BLE,1705563685450861358,DF:DF:EE:00:00:04,-36
BLE,1705563685988522473,DF:DF:EE:00:00:04,-36
BLE,1705563686136159619,D3:F4:55:AB:96:20,-56
BLE,1705563686385777466,DF:A6:DC:DC:2E:81,-65
BLE,1705563686385830257,DF:DF:EE:00:00:01,-65
BLE,1705563686452968777,DF:DF:EE:00:00:04,-35
BLE,1705563686525437723,D3:F4:55:AB:96:20,-54
BLE,1705563686911285376,D3:F4:55:AB:96:20,-54
BLE,1705563686990467520,DF:DF:EE:00:00:04,-45
BLE,1705563687101638717,D3:F4:55:AB:96:20,-57
BLE,1705563687289936920,D3:F4:55:AB:96:20,-57
BLE,1705563687480695589,D3:F4:55:AB:96:20,-56
BLE,1705563687669375703,D3:F4:55:AB:96:20,-59
BLE,1705563687864876306,D3:F4:55:AB:96:20,-57
BLE,1705563687992255735,DF:DF:EE:00:00:04,-47
BLE,1705563688058555642,D3:F4:55:AB:96:20,-54
BLE,1705563688452714387,DF:DF:EE:00:00:04,-45
BLE,1705563689224641146,D3:F4:55:AB:96:20,-57
BLE,1705563689419489549,D3:F4:55:AB:96:20,-73
BLE,1705563689454932929,DF:DF:EE:00:00:04,-35
BLE,1705563689990784736,DF:DF:EE:00:00:04,-35
BLE,1705563690193832983,DF:A6:DC:DC:2E:81,-64
BLE,1705563690193871483,DF:DF:EE:00:00:01,-64
BLE,1705563690375086243,D3:F4:55:AB:96:20,-56
BLE,1705563690452444204,DF:DF:EE:00:00:04,-39
BLE,1705563690765681412,D3:F4:55:AB:96:20,-58
BLE,1705563691148940434,D3:F4:55:AB:96:20,-58
BLE,1705563691337289720,D3:F4:55:AB:96:20,-59
BLE,1705563691448636040,DF:DF:EE:00:00:04,-34
BLE,1705563691533400439,D3:F4:55:AB:96:20,-57
BLE,1705563691721706892,D3:F4:55:AB:96:20,-58
BLE,1705563691989427111,DF:DF:EE:00:00:04,-35
BLE,1705563692117381532,D3:F4:55:AB:96:20,-53
BLE,1705563692308199575,D3:F4:55:AB:96:20,-59
BLE,1705563692500784635,D3:F4:55:AB:96:20,-56
BLE,1705563692688357931,D3:F4:55:AB:96:20,-57
BLE,1705563692996841373,DF:DF:EE:00:00:04,-34
BLE,1705563693272647395,D3:F4:55:AB:96:20,-57
BLE,1705563693851922429,D3:F4:55:AB:96:20,-58
BLE,1705563694235074369,D3:F4:55:AB:96:20,-67
BLE,1705563694426917564,D3:F4:55:AB:96:20,-54
BLE,1705563694616233086,D3:F4:55:AB:96:20,-52
BLE,1705563694810015213,D3:F4:55:AB:96:20,-54
BLE,1705563694993065406,DF:DF:EE:00:00:04,-35
BLE,1705563695000287930,D3:F4:55:AB:96:20,-52
BLE,1705563695380377329,D3:F4:55:AB:96:20,-57
BLE,1705563695456877677,DF:DF:EE:00:00:04,-36
BLE,1705563695568370703,D3:F4:55:AB:96:20,-58
BLE,1705563695758946625,D3:F4:55:AB:96:20,-55
BLE,1705563696140971122,D3:F4:55:AB:96:20,-54
BLE,1705563696334511627,D3:F4:55:AB:96:20,-58
BLE,1705563696459305134,DF:DF:EE:00:00:04,-23
BLE,1705563696527791469,D3:F4:55:AB:96:20,-58
BLE,1705563696990566505,DF:DF:EE:00:00:04,-35
BLE,1705563697105010656,D3:F4:55:AB:96:20,-40
BLE,1705563697299702770,D3:F4:55:AB:96:20,-57
BLE,1705563697839109986,DF:A6:DC:DC:2E:81,-51
BLE,1705563697839146152,DF:DF:EE:00:00:01,-51
BLE,1705563697883458575,D3:F4:55:AB:96:20,-57
BLE,1705563698082038092,D3:F4:55:AB:96:20,-42
BLE,1705563698275384308,D3:F4:55:AB:96:20,-54
BLE,1705563698450960023,DF:DF:EE:00:00:04,-35
BLE,1705563698660401931,D3:F4:55:AB:96:20,-56
BLE,1705563698997750843,DF:DF:EE:00:00:04,-36
BLE,1705563699235826976,D3:F4:55:AB:96:20,-59
BLE,1705563699626678600,D3:F4:55:AB:96:20,-54
BLE,1705563700008437684,D3:F4:55:AB:96:20,-56
BLE,1705563700203626833,D3:F4:55:AB:96:20,-59
BLE,1705563700396505472,D3:F4:55:AB:96:20,-57
BLE,1705563700458607438,DF:DF:EE:00:00:04,-36
BLE,1705563700778451054,D3:F4:55:AB:96:20,-41
BLE,1705563700968132821,D3:F4:55:AB:96:20,-57
BLE,1705563701161895448,D3:F4:55:AB:96:20,-57
BLE,1705563701353392690,D3:F4:55:AB:96:20,-58
BLE,1705563701459122588,DF:DF:EE:00:00:04,-40
BLE,1705563701544670143,D3:F4:55:AB:96:20,-67
BLE,1705563701663376985,DF:A6:DC:DC:2E:81,-64
BLE,1705563701663417151,DF:DF:EE:00:00:01,-64
BLE,1705563701929814222,D3:F4:55:AB:96:20,-58
BLE,1705563702456042580,DF:DF:EE:00:00:04,-34
BLE,1705563702457579308,DF:DF:EE:00:00:04,-35
BLE,1705563702508317599,D3:F4:55:AB:96:20,-56
BLE,1705563702893030184,D3:F4:55:AB:96:20,-41
BLE,1705563703083701312,D3:F4:55:AB:96:20,-57
BLE,1705563703273147666,D3:F4:55:AB:96:20,-45
BLE,1705563703451054515,DF:DF:EE:00:00:04,-35
BLE,1705563703660059845,D3:F4:55:AB:96:20,-56
BLE,1705563703847897888,D3:F4:55:AB:96:20,-59
BLE,1705563703997008930,DF:DF:EE:00:00:04,-39
BLE,1705563704038389936,D3:F4:55:AB:96:20,-56
BLE,1705563704427389419,D3:F4:55:AB:96:20,-58
BLE,1705563704453320598,DF:DF:EE:00:00:04,-34
BLE,1705563704618466875,D3:F4:55:AB:96:20,-54
BLE,1705563704814682676,D3:F4:55:AB:96:20,-68
BLE,1705563704994664453,DF:DF:EE:00:00:04,-34
BLE,1705563705009055002,D3:F4:55:AB:96:20,-57
BLE,1705563705199143431,D3:F4:55:AB:96:20,-44
BLE,1705563705458506183,DF:DF:EE:00:00:04,-39
BLE,1705563705589998638,D3:F4:55:AB:96:20,-56
BLE,1705563705785604947,D3:F4:55:AB:96:20,-59
BLE,1705563705976977607,D3:F4:55:AB:96:20,-58
BLE,1705563705993644541,DF:DF:EE:00:00:04,-37
BLE,1705563706173659110,D3:F4:55:AB:96:20,-54
BLE,1705563706367397029,D3:F4:55:AB:96:20,-58
BLE,1705563706455766378,DF:DF:EE:00:00:04,-34
BLE,1705563706563089171,D3:F4:55:AB:96:20,-57
BLE,1705563706749189280,D3:F4:55:AB:96:20,-57
BLE,1705563706750920922,DF:A6:DC:DC:2E:81,-64
BLE,1705563706750930547,DF:DF:EE:00:00:01,-64
BLE,1705563706940445691,D3:F4:55:AB:96:20,-54
BLE,1705563706990454243,DF:DF:EE:00:00:04,-39
BLE,1705563707327723199,D3:F4:55:AB:96:20,-56
BLE,1705563707457331472,DF:DF:EE:00:00:04,-38
BLE,1705563707702699836,D3:F4:55:AB:96:20,-45
BLE,1705563707996643980,DF:DF:EE:00:00:04,-36
BLE,1705563708084722791,D3:F4:55:AB:96:20,-54
BLE,1705563708452111618,DF:DF:EE:00:00:04,-39
BLE,1705563708858629273,D3:F4:55:AB:96:20,-57
BLE,1705563708991527167,DF:DF:EE:00:00:04,-40
BLE,1705563709044874630,D3:F4:55:AB:96:20,-57
BLE,1705563709235859629,D3:F4:55:AB:96:20,-54
BLE,1705563709427332371,D3:F4:55:AB:96:20,-43
BLE,1705563709453280550,DF:DF:EE:00:00:04,-35
BLE,1705563709617996500,D3:F4:55:AB:96:20,-54
BLE,1705563709990855750,DF:DF:EE:00:00:04,-34
BLE,1705563710193790624,D3:F4:55:AB:96:20,-57
BLE,1705563710391001286,D3:F4:55:AB:96:20,-57
BLE,1705563710576787816,DF:A6:DC:DC:2E:81,-64
BLE,1705563710576820940,DF:DF:EE:00:00:01,-64
BLE,1705563710585347863,D3:F4:55:AB:96:20,-54
BLE,1705563710987286248,DF:DF:EE:00:00:04,-42
BLE,1705563711355482230,D3:F4:55:AB:96:20,-58
BLE,1705563711452835746,DF:DF:EE:00:00:04,-34
BLE,1705563711938082801,D3:F4:55:AB:96:20,-70
BLE,1705563711993074783,DF:DF:EE:00:00:04,-20
BLE,1705563712452208578,DF:DF:EE:00:00:04,-36
BLE,1705563712511498792,D3:F4:55:AB:96:20,-57
BLE,1705563712708723037,D3:F4:55:AB:96:20,-58
BLE,1705563712997396213,DF:DF:EE:00:00:04,-39
BLE,1705563713093309373,D3:F4:55:AB:96:20,-58
BLE,1705563713282822434,D3:F4:55:AB:96:20,-56
BLE,1705563713454368705,DF:DF:EE:00:00:04,-35
BLE,1705563713477858543,D3:F4:55:AB:96:20,-57
BLE,1705563713671469464,D3:F4:55:AB:96:20,-57
BLE,1705563713991942363,DF:DF:EE:00:00:04,-40
BLE,1705563714047421254,D3:F4:55:AB:96:20,-40
BLE,1705563714239260325,D3:F4:55:AB:96:20,-58
BLE,1705563714432072340,D3:F4:55:AB:96:20,-45
BLE,1705563714459062963,DF:DF:EE:00:00:04,-39
BLE,1705563714990906326,DF:DF:EE:00:00:04,-29
BLE,1705563715008610912,D3:F4:55:AB:96:20,-58
BLE,1705563715403432897,D3:F4:55:AB:96:20,-57
BLE,1705563715452272048,DF:DF:EE:00:00:04,-39
BLE,1705563715595605338,D3:F4:55:AB:96:20,-58
BLE,1705563715989810123,D3:F4:55:AB:96:20,-58
BLE,1705563716447807851,DF:DF:EE:00:00:04,-36
BLE,1705563716566229530,D3:F4:55:AB:96:20,-56
BLE,1705563716762186668,D3:F4:55:AB:96:20,-59
BLE,1705563716996654560,DF:DF:EE:00:00:04,-34
BLE,1705563717340285343,D3:F4:55:AB:96:20,-58
BLE,1705563717454563080,DF:DF:EE:00:00:04,-39
BLE,1705563717533786182,D3:F4:55:AB:96:20,-40
BLE,1705563717726444366,D3:F4:55:AB:96:20,-58
BLE,1705563717993110849,DF:DF:EE:00:00:04,-39
BLE,1705563718497343973,D3:F4:55:AB:96:20,-57
BLE,1705563718692001296,D3:F4:55:AB:96:20,-57
BLE,1705563718887209277,D3:F4:55:AB:96:20,-40
BLE,1705563718996988202,DF:DF:EE:00:00:04,-36
BLE,1705563719653108454,D3:F4:55:AB:96:20,-56
BLE,1705563719989352841,DF:DF:EE:00:00:04,-36
BLE,1705563720043156464,D3:F4:55:AB:96:20,-57
BLE,1705563720229424821,D3:F4:55:AB:96:20,-65
BLE,1705563720453756354,DF:DF:EE:00:00:04,-34
BLE,1705563720611261321,D3:F4:55:AB:96:20,-59
BLE,1705563721194516924,D3:F4:55:AB:96:20,-57
BLE,1705563721447038230,DF:DF:EE:00:00:04,-35
BLE,1705563721763852513,D3:F4:55:AB:96:20,-50
BLE,1705563721989735399,DF:DF:EE:00:00:04,-36
BLE,1705563722450287216,DF:DF:EE:00:00:04,-23
BLE,1705563722539130601,D3:F4:55:AB:96:20,-58
BLE,1705563722726476859,D3:F4:55:AB:96:20,-58
BLE,1705563722994413908,DF:DF:EE:00:00:04,-34
BLE,1705563723114028112,D3:F4:55:AB:96:20,-45
BLE,1705563723304573784,D3:F4:55:AB:96:20,-57
BLE,1705563723448292276,DF:DF:EE:00:00:04,-35
BLE,1705563723491446132,D3:F4:55:AB:96:20,-59
BLE,1705563723688807333,D3:F4:55:AB:96:20,-58
BLE,1705563723876575169,D3:F4:55:AB:96:20,-57
BLE,1705563723991711603,DF:DF:EE:00:00:04,-37
BLE,1705563724262060826,D3:F4:55:AB:96:20,-54
BLE,1705563724651140600,D3:F4:55:AB:96:20,-57
BLE,1705563724991545803,DF:DF:EE:00:00:04,-40
BLE,1705563725223108611,D3:F4:55:AB:96:20,-43
BLE,1705563725420074568,D3:F4:55:AB:96:20,-58
BLE,1705563725607217454,D3:F4:55:AB:96:20,-43
BLE,1705563725796353395,D3:F4:55:AB:96:20,-45
BLE,1705563725996341352,DF:DF:EE:00:00:04,-36
BLE,1705563726186546903,D3:F4:55:AB:96:20,-57
BLE,1705563726381618720,D3:F4:55:AB:96:20,-55
BLE,1705563726456326468,DF:DF:EE:00:00:04,-39
BLE,1705563726570798286,D3:F4:55:AB:96:20,-58
BLE,1705563726769243889,D3:F4:55:AB:96:20,-41
BLE,1705563726962393691,D3:F4:55:AB:96:20,-55
BLE,1705563726988493160,DF:DF:EE:00:00:04,-36
BLE,1705563727152404829,D3:F4:55:AB:96:20,-53
BLE,1705563727457407527,DF:DF:EE:00:00:04,-36
BLE,1705563727536903667,D3:F4:55:AB:96:20,-56
BLE,1705563727724266174,D3:F4:55:AB:96:20,-43
BLE,1705563727917289103,D3:F4:55:AB:96:20,-57
BLE,1705563728305922425,D3:F4:55:AB:96:20,-57
BLE,1705563728447740652,DF:DF:EE:00:00:04,-37
BLE,1705563728500047838,D3:F4:55:AB:96:20,-57
BLE,1705563728695235362,D3:F4:55:AB:96:20,-56
BLE,1705563728991474516,DF:DF:EE:00:00:04,-34
BLE,1705563729073702367,D3:F4:55:AB:96:20,-57
BLE,1705563729265892766,D3:F4:55:AB:96:20,-58
BLE,1705563729462645643,D3:F4:55:AB:96:20,-54
BLE,1705563729657438505,D3:F4:55:AB:96:20,-57
BLE,1705563730428389195,D3:F4:55:AB:96:20,-54
BLE,1705563730459226514,DF:DF:EE:00:00:04,-39
BLE,1705563730623452345,D3:F4:55:AB:96:20,-57
BLE,1705563730813347568,D3:F4:55:AB:96:20,-45
BLE,1705563730989154154,DF:DF:EE:00:00:04,-37
BLE,1705563731194776282,D3:F4:55:AB:96:20,-55
BLE,1705563731390907750,D3:F4:55:AB:96:20,-57
BLE,1705563731450939120,DF:DF:EE:00:00:04,-39
BLE,1705563731583229647,D3:F4:55:AB:96:20,-52
BLE,1705563731776085787,D3:F4:55:AB:96:20,-54
BLE,1705563731967932857,D3:F4:55:AB:96:20,-58
BLE,1705563732159058521,D3:F4:55:AB:96:20,-54
BLE,1705563732451453728,DF:DF:EE:00:00:04,-47
BLE,1705563732535617303,D3:F4:55:AB:96:20,-44
BLE,1705563732918275125,D3:F4:55:AB:96:20,-57
BLE,1705563732991631433,DF:DF:EE:00:00:04,-36
BLE,1705563733114618299,D3:F4:55:AB:96:20,-52
BLE,1705563733451393761,DF:DF:EE:00:00:04,-40
BLE,1705563733696412589,D3:F4:55:AB:96:20,-42
BLE,1705563733884611585,D3:F4:55:AB:96:20,-74
BLE,1705563733989408871,DF:DF:EE:00:00:04,-39
BLE,1705563734455391862,DF:DF:EE:00:00:04,-35
BLE,1705563734462274558,D3:F4:55:AB:96:20,-57
BLE,1705563734649042324,D3:F4:55:AB:96:20,-58
BLE,1705563734761082926,DF:A6:DC:DC:2E:81,-66
BLE,1705563734761121217,DF:DF:EE:00:00:01,-66
BLE,1705563734994215794,DF:DF:EE:00:00:04,-36
BLE,1705563735451128162,DF:DF:EE:00:00:04,-39
BLE,1705563735616390521,D3:F4:55:AB:96:20,-58
BLE,1705563735991701278,DF:DF:EE:00:00:04,-39
BLE,1705563736000056328,D3:F4:55:AB:96:20,-57
BLE,1705563736198921259,D3:F4:55:AB:96:20,-58
BLE,1705563736390928077,D3:F4:55:AB:96:20,-55
BLE,1705563736455043265,DF:DF:EE:00:00:04,-34
BLE,1705563736982220193,D3:F4:55:AB:96:20,-41
BLE,1705563737171550840,D3:F4:55:AB:96:20,-53
BLE,1705563737308953795,DF:A6:DC:DC:2E:81,-64
BLE,1705563737308971379,DF:DF:EE:00:00:01,-64
BLE,1705563737366531741,D3:F4:55:AB:96:20,-57
BLE,1705563737449138087,DF:DF:EE:00:00:04,-36
BLE,1705563737749103814,D3:F4:55:AB:96:20,-56
BLE,1705563737943632972,D3:F4:55:AB:96:20,-56
BLE,1705563737994831048,DF:DF:EE:00:00:04,-27
BLE,1705563738329137962,D3:F4:55:AB:96:20,-55
BLE,1705563738455384615,DF:DF:EE:00:00:04,-36
BLE,1705563738523886534,D3:F4:55:AB:96:20,-57
BLE,1705563738718844394,D3:F4:55:AB:96:20,-58
BLE,1705563738906488439,D3:F4:55:AB:96:20,-59
BLE,1705563739294456562,D3:F4:55:AB:96:20,-54
BLE,1705563739483108135,D3:F4:55:AB:96:20,-57
BLE,1705563739675158078,D3:F4:55:AB:96:20,-54
BLE,1705563739864260061,D3:F4:55:AB:96:20,-42
BLE,1705563740053362670,D3:F4:55:AB:96:20,-57
BLE,1705563740829387039,D3:F4:55:AB:96:20,-58
BLE,1705563741215225191,D3:F4:55:AB:96:20,-57
BLE,1705563741409316105,D3:F4:55:AB:96:20,-56
BLE,1705563741801916621,D3:F4:55:AB:96:20,-58
BLE,1705563741986927078,DF:DF:EE:00:00:04,-34
BLE,1705563742185202226,D3:F4:55:AB:96:20,-56
BLE,1705563742381689023,D3:F4:55:AB:96:20,-58
BLE,1705563742450422146,DF:DF:EE:00:00:04,-39
BLE,1705563742578576356,D3:F4:55:AB:96:20,-56
BLE,1705563742954910183,D3:F4:55:AB:96:20,-59
BLE,1705563743146628713,D3:F4:55:AB:96:20,-58
BLE,1705563743338120622,D3:F4:55:AB:96:20,-72
BLE,1705563743456253305,DF:DF:EE:00:00:04,-35
BLE,1705563743671959709,DF:A6:DC:DC:2E:81,-49
BLE,1705563743672003916,DF:DF:EE:00:00:01,-49
BLE,1705563744114383612,D3:F4:55:AB:96:20,-58
BLE,1705563744448068451,DF:DF:EE:00:00:04,-35
BLE,1705563744876892128,D3:F4:55:AB:96:20,-55
BLE,1705563745071707949,D3:F4:55:AB:96:20,-57
BLE,1705563745265893653,D3:F4:55:AB:96:20,-57
BLE,1705563746029499028,D3:F4:55:AB:96:20,-56
BLE,1705563746215136602,D3:F4:55:AB:96:20,-57
BLE,1705563746403545595,D3:F4:55:AB:96:20,-55
BLE,1705563746449487162,DF:DF:EE:00:00:04,-49
BLE,1705563746791387928,D3:F4:55:AB:96:20,-57
BLE,1705563746986903655,D3:F4:55:AB:96:20,-56
BLE,1705563746990521355,DF:DF:EE:00:00:04,-38
BLE,1705563747180050499,D3:F4:55:AB:96:20,-57
BLE,1705563747369655601,D3:F4:55:AB:96:20,-54
BLE,1705563747454267919,DF:DF:EE:00:00:04,-34
BLE,1705563747497236902,DF:A6:DC:DC:2E:81,-64
BLE,1705563747497251735,DF:DF:EE:00:00:01,-64
BLE,1705563747562060038,D3:F4:55:AB:96:20,-58
BLE,1705563747752307631,D3:F4:55:AB:96:20,-54
BLE,1705563747941523821,D3:F4:55:AB:96:20,-59
BLE,1705563748127791719,D3:F4:55:AB:96:20,-59
BLE,1705563748327205851,D3:F4:55:AB:96:20,-57
BLE,1705563748452233813,DF:DF:EE:00:00:04,-35
BLE,1705563748518229724,D3:F4:55:AB:96:20,-54
BLE,1705563748709038684,D3:F4:55:AB:96:20,-57
BLE,1705563748896736354,D3:F4:55:AB:96:20,-59
BLE,1705563749088491592,D3:F4:55:AB:96:20,-58
BLE,1705563749673714293,D3:F4:55:AB:96:20,-58
BLE,1705563749862920567,D3:F4:55:AB:96:20,-59
BLE,1705563750060039980,D3:F4:55:AB:96:20,-56
BLE,1705563750447303404,DF:DF:EE:00:00:04,-34
BLE,1705563750831278082,D3:F4:55:AB:96:20,-57
BLE,1705563751026569479,D3:F4:55:AB:96:20,-57
BLE,1705563751407144330,D3:F4:55:AB:96:20,-58
BLE,1705563751454488294,DF:DF:EE:00:00:04,-23
BLE,1705563751596130149,D3:F4:55:AB:96:20,-57
BLE,1705563751989216825,DF:DF:EE:00:00:04,-39
BLE,1705563752179152255,D3:F4:55:AB:96:20,-68
BLE,1705563752377394486,D3:F4:55:AB:96:20,-42
BLE,1705563752569536719,D3:F4:55:AB:96:20,-54
BLE,1705563752765698187,D3:F4:55:AB:96:20,-57
BLE,1705563753161182121,D3:F4:55:AB:96:20,-56
BLE,1705563753348336799,D3:F4:55:AB:96:20,-57
BLE,1705563753453063294,DF:DF:EE:00:00:04,-46
BLE,1705563753733419295,D3:F4:55:AB:96:20,-59
BLE,1705563753926617596,D3:F4:55:AB:96:20,-56
BLE,1705563753993868574,DF:DF:EE:00:00:04,-52
BLE,1705563754120597012,D3:F4:55:AB:96:20,-54
BLE,1705563754315180419,D3:F4:55:AB:96:20,-58
BLE,1705563754450787233,DF:DF:EE:00:00:04,-30
BLE,1705563754891887614,D3:F4:55:AB:96:20,-58
BLE,1705563755088518742,D3:F4:55:AB:96:20,-55
BLE,1705563755282194912,D3:F4:55:AB:96:20,-57
BLE,1705563755479491531,D3:F4:55:AB:96:20,-57
BLE,1705563755674180978,D3:F4:55:AB:96:20,-54
BLE,1705563756243174280,D3:F4:55:AB:96:20,-57
BLE,1705563756453430594,DF:DF:EE:00:00:04,-29
BLE,1705563756633149625,D3:F4:55:AB:96:20,-59
BLE,1705563756825205567,D3:F4:55:AB:96:20,-56
BLE,1705563757014288010,D3:F4:55:AB:96:20,-57
BLE,1705563757205713294,D3:F4:55:AB:96:20,-40
BLE,1705563757402252424,D3:F4:55:AB:96:20,-59
BLE,1705563757452287641,DF:DF:EE:00:00:04,-35
BLE,1705563757594337616,D3:F4:55:AB:96:20,-58
BLE,1705563757690664145,DF:A6:DC:DC:2E:81,-65
BLE,1705563757690726603,DF:DF:EE:00:00:01,-65
BLE,1705563757789203727,D3:F4:55:AB:96:20,-56
BLE,1705563757984780829,D3:F4:55:AB:96:20,-57
BLE,1705563757994749273,DF:DF:EE:00:00:04,-36
BLE,1705563758180685384,D3:F4:55:AB:96:20,-56
BLE,1705563758375243416,D3:F4:55:AB:96:20,-54
BLE,1705563758452386089,DF:DF:EE:00:00:04,-22
BLE,1705563758563940489,D3:F4:55:AB:96:20,-57
BLE,1705563758750781587,D3:F4:55:AB:96:20,-58
BLE,1705563758944180678,D3:F4:55:AB:96:20,-52
BLE,1705563759329461046,D3:F4:55:AB:96:20,-58
BLE,1705563759449233206,DF:DF:EE:00:00:04,-35
BLE,1705563759708666749,D3:F4:55:AB:96:20,-58
BLE,1705563760096848952,D3:F4:55:AB:96:20,-59
BLE,1705563760294669522,D3:F4:55:AB:96:20,-58
BLE,1705563760488092904,D3:F4:55:AB:96:20,-54
BLE,1705563760866147207,D3:F4:55:AB:96:20,-57
BLE,1705563760994323375,DF:DF:EE:00:00:04,-39
BLE,1705563761059684712,D3:F4:55:AB:96:20,-58
BLE,1705563761249593434,D3:F4:55:AB:96:20,-57
BLE,1705563761443231479,D3:F4:55:AB:96:20,-58
BLE,1705563761449054356,DF:DF:EE:00:00:04,-35
BLE,1705563761630414490,D3:F4:55:AB:96:20,-57
BLE,1705563761988502238,DF:DF:EE:00:00:04,-35
BLE,1705563762027111865,D3:F4:55:AB:96:20,-58
BLE,1705563762217489373,D3:F4:55:AB:96:20,-59
BLE,1705563762219014768,D3:F4:55:AB:96:20,-56
BLE,1705563762447304413,DF:DF:EE:00:00:04,-42
BLE,1705563762609674645,D3:F4:55:AB:96:20,-59
BLE,1705563762801436716,D3:F4:55:AB:96:20,-57
BLE,1705563762989202468,DF:DF:EE:00:00:04,-38
BLE,1705563763196844026,D3:F4:55:AB:96:20,-58
BLE,1705563763586864204,D3:F4:55:AB:96:20,-57
BLE,1705563763777420084,D3:F4:55:AB:96:20,-55
BLE,1705563763990925351,DF:DF:EE:00:00:04,-34
BLE,1705563764163618398,D3:F4:55:AB:96:20,-58
BLE,1705563764356643076,D3:F4:55:AB:96:20,-40
BLE,1705563764456996508,DF:DF:EE:00:00:04,-23
BLE,1705563764934296633,D3:F4:55:AB:96:20,-57
BLE,1705563764987152436,DF:DF:EE:00:00:04,-36
BLE,1705563765989766473,DF:DF:EE:00:00:04,-39
BLE,1705563766451992683,DF:DF:EE:00:00:04,-36
BLE,1705563766466187860,D3:F4:55:AB:96:20,-58
BLE,1705563766602738745,DF:A6:DC:DC:2E:81,-64
BLE,1705563766602791910,DF:DF:EE:00:00:01,-64
BLE,1705563766857295731,D3:F4:55:AB:96:20,-56
BLE,1705563767246280006,D3:F4:55:AB:96:20,-67
BLE,1705563767432013828,D3:F4:55:AB:96:20,-59
BLE,1705563767450325572,DF:DF:EE:00:00:04,-40
BLE,1705563768389269332,D3:F4:55:AB:96:20,-40
BLE,1705563768452088288,DF:DF:EE:00:00:04,-36
BLE,1705563768992806027,DF:DF:EE:00:00:04,-35
BLE,1705563769143845042,DF:A6:DC:DC:2E:81,-64
BLE,1705563769143909958,DF:DF:EE:00:00:01,-64
BLE,1705563769446780436,DF:DF:EE:00:00:04,-38
BLE,1705563769738790857,D3:F4:55:AB:96:20,-56
BLE,1705563769934939034,D3:F4:55:AB:96:20,-43
BLE,1705563769987341510,DF:DF:EE:00:00:04,-35
BLE,1705563770323597897,D3:F4:55:AB:96:20,-54
BLE,1705563770698356704,D3:F4:55:AB:96:20,-57
BLE,1705563770991401360,DF:DF:EE:00:00:04,-35
BLE,1705563771281061314,D3:F4:55:AB:96:20,-57
BLE,1705563771454260812,DF:DF:EE:00:00:04,-39
BLE,1705563771478417016,D3:F4:55:AB:96:20,-58
BLE,1705563771666756677,D3:F4:55:AB:96:20,-58
BLE,1705563771860703218,D3:F4:55:AB:96:20,-58
BLE,1705563771994074230,DF:DF:EE:00:00:04,-39
BLE,1705563772049238251,D3:F4:55:AB:96:20,-57
BLE,1705563772452032750,DF:DF:EE:00:00:04,-35
BLE,1705563772632668352,D3:F4:55:AB:96:20,-57
BLE,1705563772969029987,DF:A6:DC:DC:2E:81,-65
BLE,1705563772969087736,DF:DF:EE:00:00:01,-65
BLE,1705563772986363286,DF:DF:EE:00:00:04,-39
BLE,1705563773204401282,D3:F4:55:AB:96:20,-40
BLE,1705563773396038439,D3:F4:55:AB:96:20,-43
BLE,1705563773456052726,DF:DF:EE:00:00:04,-39
BLE,1705563773593682762,D3:F4:55:AB:96:20,-58
BLE,1705563773782150254,D3:F4:55:AB:96:20,-57
BLE,1705563773972366556,D3:F4:55:AB:96:20,-57
BLE,1705563774162698147,D3:F4:55:AB:96:20,-57
BLE,1705563774358257790,D3:F4:55:AB:96:20,-57
BLE,1705563774545171180,D3:F4:55:AB:96:20,-43
BLE,1705563774738912057,D3:F4:55:AB:96:20,-58
BLE,1705563775451962638,DF:DF:EE:00:00:04,-36
BLE,1705563775506778664,D3:F4:55:AB:96:20,-57
BLE,1705563775697630915,D3:F4:55:AB:96:20,-40
BLE,1705563775888081963,D3:F4:55:AB:96:20,-67
BLE,1705563775993126538,DF:DF:EE:00:00:04,-34
BLE,1705563776276449122,D3:F4:55:AB:96:20,-58
BLE,1705563776452471830,DF:DF:EE:00:00:04,-45
BLE,1705563776473433412,D3:F4:55:AB:96:20,-56
BLE,1705563776668447313,D3:F4:55:AB:96:20,-55
BLE,1705563776990123070,DF:DF:EE:00:00:04,-39
BLE,1705563777246302658,D3:F4:55:AB:96:20,-57
BLE,1705563777449987647,DF:DF:EE:00:00:04,-36
BLE,1705563777630228629,D3:F4:55:AB:96:20,-44
BLE,1705563777986217865,DF:DF:EE:00:00:04,-41
BLE,1705563778018621371,D3:F4:55:AB:96:20,-56
BLE,1705563778211762131,D3:F4:55:AB:96:20,-58
BLE,1705563778406059084,D3:F4:55:AB:96:20,-56
BLE,1705563778597188081,D3:F4:55:AB:96:20,-58
BLE,1705563778791733197,D3:F4:55:AB:96:20,-58
BLE,1705563778992016066,DF:DF:EE:00:00:04,-39
BLE,1705563779182791276,D3:F4:55:AB:96:20,-57
BLE,1705563779184152132,D3:F4:55:AB:96:20,-53
BLE,1705563779449584466,DF:DF:EE:00:00:04,-72
BLE,1705563779766931617,D3:F4:55:AB:96:20,-57
BLE,1705563779960819034,D3:F4:55:AB:96:20,-58
BLE,1705563779989937752,DF:DF:EE:00:00:04,-36
BLE,1705563780152463440,D3:F4:55:AB:96:20,-56
BLE,1705563780447276572,DF:DF:EE:00:00:04,-34
BLE,1705563780738896624,D3:F4:55:AB:96:20,-42
BLE,1705563780930134036,D3:F4:55:AB:96:20,-57
BLE,1705563780995250960,DF:DF:EE:00:00:04,-39
BLE,1705563781308519209,D3:F4:55:AB:96:20,-57
BLE,1705563781500283364,D3:F4:55:AB:96:20,-57
BLE,1705563781885067197,D3:F4:55:AB:96:20,-50
BLE,1705563782451318163,DF:DF:EE:00:00:04,-36
BLE,1705563782652505728,D3:F4:55:AB:96:20,-45
BLE,1705563782841453839,D3:F4:55:AB:96:20,-52
BLE,1705563782993136762,DF:DF:EE:00:00:04,-36
BLE,1705563783034994010,D3:F4:55:AB:96:20,-45
BLE,1705563783227271950,D3:F4:55:AB:96:20,-58
BLE,1705563783423462417,D3:F4:55:AB:96:20,-67
BLE,1705563783613568595,D3:F4:55:AB:96:20,-57
BLE,1705563784182730937,D3:F4:55:AB:96:20,-40
BLE,1705563784452192048,DF:DF:EE:00:00:04,-36
BLE,1705563784569813114,D3:F4:55:AB:96:20,-57
BLE,1705563784766305452,D3:F4:55:AB:96:20,-55
BLE,1705563784961694223,D3:F4:55:AB:96:20,-57
BLE,1705563785451354842,DF:DF:EE:00:00:04,-39
BLE,1705563785534030729,D3:F4:55:AB:96:20,-54
BLE,1705563785910100517,D3:F4:55:AB:96:20,-44
BLE,1705563785989302578,DF:DF:EE:00:00:04,-23
BLE,1705563786449871978,DF:DF:EE:00:00:04,-30
BLE,1705563786688331814,D3:F4:55:AB:96:20,-56
BLE,1705563786990532134,DF:DF:EE:00:00:04,-35
BLE,1705563787073028565,D3:F4:55:AB:96:20,-57
BLE,1705563787258449309,D3:F4:55:AB:96:20,-44
BLE,1705563787454243074,DF:DF:EE:00:00:04,-39
BLE,1705563787842492526,D3:F4:55:AB:96:20,-54
BLE,1705563787987753247,DF:DF:EE:00:00:04,-36
BLE,1705563788418695477,D3:F4:55:AB:96:20,-58
BLE,1705563788613358592,D3:F4:55:AB:96:20,-40
BLE,1705563788802869820,D3:F4:55:AB:96:20,-57
BLE,1705563788996639738,D3:F4:55:AB:96:20,-55
BLE,1705563789385217352,D3:F4:55:AB:96:20,-58
BLE,1705563789957170696,D3:F4:55:AB:96:20,-68
BLE,1705563789984870226,DF:DF:EE:00:00:04,-34
BLE,1705563790342580896,D3:F4:55:AB:96:20,-59
BLE,1705563790451431917,DF:DF:EE:00:00:04,-35
BLE,1705563790533464980,D3:F4:55:AB:96:20,-58
BLE,1705563790729617573,D3:F4:55:AB:96:20,-56
BLE,1705563790790248560,DF:A6:DC:DC:2E:81,-64
BLE,1705563790790286351,DF:DF:EE:00:00:01,-64
BLE,1705563790924389144,D3:F4:55:AB:96:20,-57
BLE,1705563791113785166,D3:F4:55:AB:96:20,-54
BLE,1705563791450500587,DF:DF:EE:00:00:04,-35
BLE,1705563791503060062,D3:F4:55:AB:96:20,-56
BLE,1705563791890434067,D3:F4:55:AB:96:20,-57
BLE,1705563791984780208,DF:DF:EE:00:00:04,-34
BLE,1705563792089865115,D3:F4:55:AB:96:20,-58
BLE,1705563792277368663,D3:F4:55:AB:96:20,-54
BLE,1705563792448506022,DF:DF:EE:00:00:04,-39
BLE,1705563792670181676,D3:F4:55:AB:96:20,-57
BLE,1705563792857719640,D3:F4:55:AB:96:20,-58
BLE,1705563793047601487,D3:F4:55:AB:96:20,-56
BLE,1705563793236930968,D3:F4:55:AB:96:20,-58
BLE,1705563793335621339,DF:A6:DC:DC:2E:81,-66
BLE,1705563793335659255,DF:DF:EE:00:00:01,-66
BLE,1705563793445540387,DF:DF:EE:00:00:04,-35
BLE,1705563793817929477,D3:F4:55:AB:96:20,-58
BLE,1705563793990296862,DF:DF:EE:00:00:04,-36
BLE,1705563794007987198,D3:F4:55:AB:96:20,-59
BLE,1705563794398866446,D3:F4:55:AB:96:20,-54
BLE,1705563794453021773,DF:DF:EE:00:00:04,-22
BLE,1705563794778614934,D3:F4:55:AB:96:20,-54
BLE,1705563794974075037,D3:F4:55:AB:96:20,-58
BLE,1705563794992721193,DF:DF:EE:00:00:04,-39
BLE,1705563795168046911,D3:F4:55:AB:96:20,-52
BLE,1705563795358855954,D3:F4:55:AB:96:20,-59
BLE,1705563795555284627,D3:F4:55:AB:96:20,-42
BLE,1705563795877482543,DF:A6:DC:DC:2E:81,-66
BLE,1705563795877515584,DF:DF:EE:00:00:01,-66
BLE,1705563795993915125,DF:DF:EE:00:00:04,-36
BLE,1705563796130376510,D3:F4:55:AB:96:20,-54
BLE,1705563796447257459,DF:DF:EE:00:00:04,-36
BLE,1705563796517786266,D3:F4:55:AB:96:20,-58
BLE,1705563796901764777,D3:F4:55:AB:96:20,-41
BLE,1705563796990795617,DF:DF:EE:00:00:04,-33
BLE,1705563797090359685,D3:F4:55:AB:96:20,-57
BLE,1705563797285340961,D3:F4:55:AB:96:20,-42
BLE,1705563797480472027,D3:F4:55:AB:96:20,-55
BLE,1705563797672864548,D3:F4:55:AB:96:20,-43
BLE,1705563797872196431,D3:F4:55:AB:96:20,-57
BLE,1705563798064868573,D3:F4:55:AB:96:20,-54
BLE,1705563798259836183,D3:F4:55:AB:96:20,-57
BLE,1705563798420507480,DF:A6:DC:DC:2E:81,-64
BLE,1705563798420526563,DF:DF:EE:00:00:01,-64
BLE,1705563798447007943,DF:DF:EE:00:00:04,-35
BLE,1705563798647590392,D3:F4:55:AB:96:20,-54
BLE,1705563798987813181,DF:DF:EE:00:00:04,-36
BLE,1705563799033623041,D3:F4:55:AB:96:20,-56
BLE,1705563799227338627,D3:F4:55:AB:96:20,-58
BLE,1705563799423222599,D3:F4:55:AB:96:20,-58
BLE,1705563799609888367,D3:F4:55:AB:96:20,-59
BLE,1705563799802355804,D3:F4:55:AB:96:20,-58
BLE,1705563800182232622,D3:F4:55:AB:96:20,-54
BLE,1705563800447897078,DF:DF:EE:00:00:04,-36
BLE,1705563800569817834,D3:F4:55:AB:96:20,-57
BLE,1705563800985271197,DF:DF:EE:00:00:04,-35
BLE,1705563801152731692,D3:F4:55:AB:96:20,-58
BLE,1705563801344423597,D3:F4:55:AB:96:20,-58
BLE,1705563801926649465,D3:F4:55:AB:96:20,-58
BLE,1705563802121518451,D3:F4:55:AB:96:20,-52
BLE,1705563802242817090,DF:A6:DC:DC:2E:81,-66
BLE,1705563802242831132,DF:DF:EE:00:00:01,-66
BLE,1705563802315396326,D3:F4:55:AB:96:20,-54
BLE,1705563802450424649,DF:DF:EE:00:00:04,-35
BLE,1705563802506634655,D3:F4:55:AB:96:20,-57
BLE,1705563802695629224,D3:F4:55:AB:96:20,-57
BLE,1705563802889692138,D3:F4:55:AB:96:20,-58
BLE,1705563802983766991,DF:DF:EE:00:00:04,-36
BLE,1705563803075807788,D3:F4:55:AB:96:20,-59
BLE,1705563803269251586,D3:F4:55:AB:96:20,-41
BLE,1705563803448083588,DF:DF:EE:00:00:04,-39
BLE,1705563803458715315,D3:F4:55:AB:96:20,-43
BLE,1705563803650373638,D3:F4:55:AB:96:20,-67
BLE,1705563803842952739,D3:F4:55:AB:96:20,-44
BLE,1705563803985948784,DF:DF:EE:00:00:04,-36
BLE,1705563804224638075,D3:F4:55:AB:96:20,-57
BLE,1705563804615645571,D3:F4:55:AB:96:20,-56
BLE,1705563804990238506,DF:DF:EE:00:00:04,-36
BLE,1705563805005817872,D3:F4:55:AB:96:20,-57
BLE,1705563805452854211,DF:DF:EE:00:00:04,-39
BLE,1705563805767114363,D3:F4:55:AB:96:20,-57
BLE,1705563805960815657,D3:F4:55:AB:96:20,-40
BLE,1705563805986032930,DF:DF:EE:00:00:04,-36
BLE,1705563806151606450,D3:F4:55:AB:96:20,-56
BLE,1705563806348339911,D3:F4:55:AB:96:20,-55
BLE,1705563806447962478,DF:DF:EE:00:00:04,-19
BLE,1705563806542382659,D3:F4:55:AB:96:20,-58
BLE,1705563806925721513,D3:F4:55:AB:96:20,-43
BLE,1705563806987447984,DF:DF:EE:00:00:04,-33
BLE,1705563807700031405,D3:F4:55:AB:96:20,-58
BLE,1705563807888372775,D3:F4:55:AB:96:20,-57
BLE,1705563807988203339,DF:DF:EE:00:00:04,-36
BLE,1705563808085201650,D3:F4:55:AB:96:20,-57
BLE,1705563808448272287,DF:DF:EE:00:00:04,-40
BLE,1705563808611175804,DF:A6:DC:DC:2E:81,-64
BLE,1705563808611240261,DF:DF:EE:00:00:01,-64
BLE,1705563808668435670,D3:F4:55:AB:96:20,-64
BLE,1705563809250145337,D3:F4:55:AB:96:20,-54
BLE,1705563809638019711,D3:F4:55:AB:96:20,-57
BLE,1705563809830415065,D3:F4:55:AB:96:20,-45
BLE,1705563809985165070,DF:DF:EE:00:00:04,-35
BLE,1705563810409288021,D3:F4:55:AB:96:20,-53
BLE,1705563810447951897,DF:DF:EE:00:00:04,-39
BLE,1705563810600616723,D3:F4:55:AB:96:20,-54
BLE,1705563810790172576,D3:F4:55:AB:96:20,-71
BLE,1705563810983164422,D3:F4:55:AB:96:20,-56
BLE,1705563811154433654,DF:A6:DC:DC:2E:81,-50
BLE,1705563811154478862,DF:DF:EE:00:00:01,-50
BLE,1705563811175738315,D3:F4:55:AB:96:20,-43
BLE,1705563811452904194,DF:DF:EE:00:00:04,-37
BLE,1705563811559087585,D3:F4:55:AB:96:20,-58
BLE,1705563811953945820,D3:F4:55:AB:96:20,-52
BLE,1705563811983700154,DF:DF:EE:00:00:04,-34
BLE,1705563812143240759,D3:F4:55:AB:96:20,-58
BLE,1705563812445437538,DF:DF:EE:00:00:04,-36
BLE,1705563812523451282,D3:F4:55:AB:96:20,-59
BLE,1705563812721054313,D3:F4:55:AB:96:20,-58
BLE,1705563812987990918,DF:DF:EE:00:00:04,-39
BLE,1705563813104134838,D3:F4:55:AB:96:20,-56
BLE,1705563813291458221,D3:F4:55:AB:96:20,-57
BLE,1705563813448053409,DF:DF:EE:00:00:04,-35
BLE,1705563813485879547,D3:F4:55:AB:96:20,-58
BLE,1705563813695163290,DF:A6:DC:DC:2E:81,-65
BLE,1705563813695198790,DF:DF:EE:00:00:01,-65
BLE,1705563813985536776,DF:DF:EE:00:00:04,-36
BLE,1705563814070351591,D3:F4:55:AB:96:20,-57
BLE,1705563814460863387,D3:F4:55:AB:96:20,-59
BLE,1705563814657785844,D3:F4:55:AB:96:20,-57
BLE,1705563814845371974,D3:F4:55:AB:96:20,-53
BLE,1705563814983660751,DF:DF:EE:00:00:04,-35
BLE,1705563815240754660,D3:F4:55:AB:96:20,-58
BLE,1705563815427017266,D3:F4:55:AB:96:20,-59
BLE,1705563815451905794,DF:DF:EE:00:00:04,-34
BLE,1705563815820821682,D3:F4:55:AB:96:20,-56
BLE,1705563816208268812,D3:F4:55:AB:96:20,-56
BLE,1705563816404764859,D3:F4:55:AB:96:20,-56
BLE,1705563816452444360,DF:DF:EE:00:00:04,-36
BLE,1705563816979843618,D3:F4:55:AB:96:20,-57
BLE,1705563816988019421,DF:DF:EE:00:00:04,-46
BLE,1705563817365598980,D3:F4:55:AB:96:20,-43
BLE,1705563817452218145,DF:DF:EE:00:00:04,-35
BLE,1705563817560465050,D3:F4:55:AB:96:20,-56
BLE,1705563817954109385,D3:F4:55:AB:96:20,-56
BLE,1705563818145806165,D3:F4:55:AB:96:20,-57
BLE,1705563818332168729,D3:F4:55:AB:96:20,-43
BLE,1705563818450430035,DF:DF:EE:00:00:04,-36
BLE,1705563818526961258,D3:F4:55:AB:96:20,-56
BLE,1705563818913322486,D3:F4:55:AB:96:20,-57
BLE,1705563818985687851,DF:DF:EE:00:00:04,-19
BLE,1705563819104588356,D3:F4:55:AB:96:20,-56
BLE,1705563819299835129,D3:F4:55:AB:96:20,-57
BLE,1705563819447555941,DF:DF:EE:00:00:04,-45
BLE,1705563819490847253,D3:F4:55:AB:96:20,-57
BLE,1705563819680258149,D3:F4:55:AB:96:20,-58
BLE,1705563819876211203,D3:F4:55:AB:96:20,-56
BLE,1705563819988754048,DF:DF:EE:00:00:04,-39
BLE,1705563820065887762,DF:A6:DC:DC:2E:81,-64
BLE,1705563820065950178,DF:DF:EE:00:00:01,-64
BLE,1705563820256766804,D3:F4:55:AB:96:20,-58
BLE,1705563820447862469,DF:DF:EE:00:00:04,-35
BLE,1705563820640479486,D3:F4:55:AB:96:20,-58
BLE,1705563820992279822,DF:DF:EE:00:00:04,-36
BLE,1705563821224371289,D3:F4:55:AB:96:20,-58
BLE,1705563821454012081,DF:DF:EE:00:00:04,-39
BLE,1705563821601121568,D3:F4:55:AB:96:20,-56
BLE,1705563821794656490,D3:F4:55:AB:96:20,-58
BLE,1705563821989777806,D3:F4:55:AB:96:20,-58
BLE,1705563822176767236,D3:F4:55:AB:96:20,-57
BLE,1705563822450680785,DF:DF:EE:00:00:04,-35
BLE,1705563822761021992,D3:F4:55:AB:96:20,-57
BLE,1705563822958090572,D3:F4:55:AB:96:20,-65
BLE,1705563822988357150,DF:DF:EE:00:00:04,-34
BLE,1705563823151096085,D3:F4:55:AB:96:20,-54
BLE,1705563823347038639,D3:F4:55:AB:96:20,-57
BLE,1705563823449055339,DF:DF:EE:00:00:04,-36
BLE,1705563823538783461,D3:F4:55:AB:96:20,-45
BLE,1705563823729115303,D3:F4:55:AB:96:20,-59
BLE,1705563823888947112,DF:A6:DC:DC:2E:81,-64
BLE,1705563823888989278,DF:DF:EE:00:00:01,-64
BLE,1705563823919342729,D3:F4:55:AB:96:20,-55
BLE,1705563823993407444,DF:DF:EE:00:00:04,-39
BLE,1705563824295266520,D3:F4:55:AB:96:20,-58
BLE,1705563824489782928,D3:F4:55:AB:96:20,-41
BLE,1705563824872782620,D3:F4:55:AB:96:20,-57
BLE,1705563824989928525,DF:DF:EE:00:00:04,-22
BLE,1705563825068763882,D3:F4:55:AB:96:20,-56
BLE,1705563825262648007,D3:F4:55:AB:96:20,-57
BLE,1705563825445645951,DF:DF:EE:00:00:04,-35
BLE,1705563825656957083,D3:F4:55:AB:96:20,-58
BLE,1705563825844855042,D3:F4:55:AB:96:20,-58
BLE,1705563825988352912,DF:DF:EE:00:00:04,-47
BLE,1705563826038568378,D3:F4:55:AB:96:20,-42
BLE,1705563826425446224,D3:F4:55:AB:96:20,-58
BLE,1705563826432086839,DF:A6:DC:DC:2E:81,-49
BLE,1705563826432100756,DF:DF:EE:00:00:01,-49
BLE,1705563826447589123,DF:DF:EE:00:00:04,-40
BLE,1705563826617132171,D3:F4:55:AB:96:20,-54
BLE,1705563827188658605,D3:F4:55:AB:96:20,-41
BLE,1705563827375554077,D3:F4:55:AB:96:20,-57
BLE,1705563827452370296,DF:DF:EE:00:00:04,-34
BLE,1705563827570831392,D3:F4:55:AB:96:20,-67
BLE,1705563827955987387,D3:F4:55:AB:96:20,-41
BLE,1705563827991656805,DF:DF:EE:00:00:04,-35
BLE,1705563828341352212,D3:F4:55:AB:96:20,-57
BLE,1705563828449035625,DF:DF:EE:00:00:04,-40
BLE,1705563828723617623,D3:F4:55:AB:96:20,-71
BLE,1705563828916145225,D3:F4:55:AB:96:20,-40
BLE,1705563828973766462,DF:A6:DC:DC:2E:81,-66
BLE,1705563828973800420,DF:DF:EE:00:00:01,-66
BLE,1705563828989310037,DF:DF:EE:00:00:04,-40
BLE,1705563829106098280,D3:F4:55:AB:96:20,-53
BLE,1705563829302967530,D3:F4:55:AB:96:20,-58
BLE,1705563829490981279,D3:F4:55:AB:96:20,-58
BLE,1705563829688506478,D3:F4:55:AB:96:20,-56
BLE,1705563829874718711,D3:F4:55:AB:96:20,-57
BLE,1705563830265923621,D3:F4:55:AB:96:20,-45
BLE,1705563830449154770,DF:DF:EE:00:00:04,-39
BLE,1705563830455423100,D3:F4:55:AB:96:20,-43
BLE,1705563830654459611,D3:F4:55:AB:96:20,-57
BLE,1705563830841379000,D3:F4:55:AB:96:20,-58
BLE,1705563830983785219,DF:DF:EE:00:00:04,-36
BLE,1705563831225840255,D3:F4:55:AB:96:20,-57
BLE,1705563831418342524,D3:F4:55:AB:96:20,-58
BLE,1705563831452961458,DF:DF:EE:00:00:04,-37
BLE,1705563831606196901,D3:F4:55:AB:96:20,-58
BLE,1705563831795482673,D3:F4:55:AB:96:20,-56
BLE,1705563831989690336,DF:DF:EE:00:00:04,-35
BLE,1705563832184983691,D3:F4:55:AB:96:20,-56
BLE,1705563832451103474,DF:DF:EE:00:00:04,-46
BLE,1705563832568428793,D3:F4:55:AB:96:20,-67
BLE,1705563832760238656,D3:F4:55:AB:96:20,-56
BLE,1705563832954819021,D3:F4:55:AB:96:20,-42
BLE,1705563833149343762,D3:F4:55:AB:96:20,-57
BLE,1705563833337410344,D3:F4:55:AB:96:20,-59
BLE,1705563833532411537,D3:F4:55:AB:96:20,-58
BLE,1705563833726841363,D3:F4:55:AB:96:20,-55
BLE,1705563833988392001,DF:DF:EE:00:00:04,-35
BLE,1705563834113612002,D3:F4:55:AB:96:20,-56
BLE,1705563834443106775,DF:DF:EE:00:00:04,-34
BLE,1705563834686319294,D3:F4:55:AB:96:20,-59
BLE,1705563834883173378,D3:F4:55:AB:96:20,-57
BLE,1705563834982880152,DF:DF:EE:00:00:04,-35
BLE,1705563835079247181,D3:F4:55:AB:96:20,-54
BLE,1705563835272116278,D3:F4:55:AB:96:20,-58
BLE,1705563835451224943,DF:DF:EE:00:00:04,-35
BLE,1705563835461329802,D3:F4:55:AB:96:20,-55
BLE,1705563835653171164,D3:F4:55:AB:96:20,-58
BLE,1705563835842126941,D3:F4:55:AB:96:20,-54
BLE,1705563835987442703,DF:DF:EE:00:00:04,-45
BLE,1705563836031154426,D3:F4:55:AB:96:20,-59
BLE,1705563836416926788,D3:F4:55:AB:96:20,-52
BLE,1705563836448913632,DF:DF:EE:00:00:04,-36
BLE,1705563836802911396,D3:F4:55:AB:96:20,-57
BLE,1705563837449815527,DF:DF:EE:00:00:04,-22
BLE,1705563837566892058,D3:F4:55:AB:96:20,-57
BLE,1705563837763126317,D3:F4:55:AB:96:20,-57
BLE,1705563837885261819,DF:A6:DC:DC:2E:81,-64
BLE,1705563837885282902,DF:DF:EE:00:00:01,-64
BLE,1705563837949117053,D3:F4:55:AB:96:20,-53
BLE,1705563837987455684,DF:DF:EE:00:00:04,-39
BLE,1705563838143687501,D3:F4:55:AB:96:20,-58
BLE,1705563838333431476,D3:F4:55:AB:96:20,-59
BLE,1705563838448947863,DF:DF:EE:00:00:04,-34
BLE,1705563838899476903,D3:F4:55:AB:96:20,-57
BLE,1705563839445080865,DF:DF:EE:00:00:04,-36
BLE,1705563839478851018,D3:F4:55:AB:96:20,-60
BLE,1705563839676068847,D3:F4:55:AB:96:20,-58
BLE,1705563839863707893,D3:F4:55:AB:96:20,-58
BLE,1705563839985123197,DF:DF:EE:00:00:04,-37
BLE,1705563840054458687,D3:F4:55:AB:96:20,-54
BLE,1705563840425021927,DF:A6:DC:DC:2E:81,-64
BLE,1705563840425058594,DF:DF:EE:00:00:01,-64
BLE,1705563841012020478,D3:F4:55:AB:96:20,-59
BLE,1705563841771978238,D3:F4:55:AB:96:20,-56
BLE,1705563841968964820,D3:F4:55:AB:96:20,-58
BLE,1705563841984762683,DF:DF:EE:00:00:04,-35
BLE,1705563842163827306,D3:F4:55:AB:96:20,-54
BLE,1705563842449149488,DF:DF:EE:00:00:04,-34
BLE,1705563842926054868,D3:F4:55:AB:96:20,-57
BLE,1705563842966563219,DF:A6:DC:DC:2E:81,-64
BLE,1705563842966616968,DF:DF:EE:00:00:01,-64
BLE,1705563842985645911,DF:DF:EE:00:00:04,-39
BLE,1705563843443114104,DF:DF:EE:00:00:04,-34
BLE,1705563843510092960,D3:F4:55:AB:96:20,-57
BLE,1705563843700945711,D3:F4:55:AB:96:20,-58
BLE,1705563843893093402,D3:F4:55:AB:96:20,-59
BLE,1705563844083465285,D3:F4:55:AB:96:20,-58
BLE,1705563844467731959,D3:F4:55:AB:96:20,-58
BLE,1705563844655777415,D3:F4:55:AB:96:20,-58
BLE,1705563844848748678,D3:F4:55:AB:96:20,-57
BLE,1705563844988281854,DF:DF:EE:00:00:04,-40
BLE,1705563845040751746,D3:F4:55:AB:96:20,-57
BLE,1705563845235430569,D3:F4:55:AB:96:20,-57
BLE,1705563845421162683,D3:F4:55:AB:96:20,-69
BLE,1705563845443170542,DF:DF:EE:00:00:04,-34
BLE,1705563845615110515,D3:F4:55:AB:96:20,-57
BLE,1705563845803033432,D3:F4:55:AB:96:20,-68
BLE,1705563845983619160,DF:DF:EE:00:00:04,-36
BLE,1705563846186715740,D3:F4:55:AB:96:20,-43
BLE,1705563846379802418,D3:F4:55:AB:96:20,-58
BLE,1705563846568906860,D3:F4:55:AB:96:20,-53
BLE,1705563846953999481,D3:F4:55:AB:96:20,-57
BLE,1705563847335084283,D3:F4:55:AB:96:20,-44
BLE,1705563847717924435,D3:F4:55:AB:96:20,-57
BLE,1705563847988851942,DF:DF:EE:00:00:04,-34
BLE,1705563848098976404,D3:F4:55:AB:96:20,-54
BLE,1705563848292902195,D3:F4:55:AB:96:20,-58
BLE,1705563848452596798,DF:DF:EE:00:00:04,-39
BLE,1705563848481159941,D3:F4:55:AB:96:20,-57
BLE,1705563848671760695,D3:F4:55:AB:96:20,-55
BLE,1705563848861544211,D3:F4:55:AB:96:20,-59
BLE,1705563848988954723,DF:DF:EE:00:00:04,-40
BLE,1705563849051337018,D3:F4:55:AB:96:20,-54
BLE,1705563849244677443,D3:F4:55:AB:96:20,-57
BLE,1705563849441416986,D3:F4:55:AB:96:20,-57
BLE,1705563849448863674,DF:DF:EE:00:00:04,-35
BLE,1705563849631384666,D3:F4:55:AB:96:20,-57
BLE,1705563849825456414,D3:F4:55:AB:96:20,-56
BLE,1705563850208748018,D3:F4:55:AB:96:20,-56
BLE,1705563850447282061,DF:DF:EE:00:00:04,-35
BLE,1705563850588465589,D3:F4:55:AB:96:20,-57
BLE,1705563850971449365,D3:F4:55:AB:96:20,-58
BLE,1705563851159013828,D3:F4:55:AB:96:20,-74
BLE,1705563851351110687,D3:F4:55:AB:96:20,-42
BLE,1705563851541751982,D3:F4:55:AB:96:20,-58
BLE,1705563851730512679,D3:F4:55:AB:96:20,-54
BLE,1705563851923489525,D3:F4:55:AB:96:20,-57
BLE,1705563851989981096,DF:DF:EE:00:00:04,-36
BLE,1705563852122153917,D3:F4:55:AB:96:20,-57
BLE,1705563852450879867,DF:DF:EE:00:00:04,-47
BLE,1705563852506550797,D3:F4:55:AB:96:20,-57
BLE,1705563852892863151,D3:F4:55:AB:96:20,-57
BLE,1705563852981236000,DF:DF:EE:00:00:04,-35
BLE,1705563853089474655,D3:F4:55:AB:96:20,-58
BLE,1705563853280243574,D3:F4:55:AB:96:20,-56
BLE,1705563853476477875,D3:F4:55:AB:96:20,-58
BLE,1705563853872951337,D3:F4:55:AB:96:20,-58
BLE,1705563853986129214,DF:DF:EE:00:00:04,-39
BLE,1705563854069128180,D3:F4:55:AB:96:20,-45
BLE,1705563854424690922,DF:A6:DC:DC:2E:81,-65
BLE,1705563854424752712,DF:DF:EE:00:00:01,-65
BLE,1705563854447408854,DF:DF:EE:00:00:04,-34
BLE,1705563854836905997,D3:F4:55:AB:96:20,-55
BLE,1705563854981562560,DF:DF:EE:00:00:04,-34
BLE,1705563855030928579,D3:F4:55:AB:96:20,-57
BLE,1705563855423666134,D3:F4:55:AB:96:20,-58
BLE,1705563855446593231,DF:DF:EE:00:00:04,-39
BLE,1705563855611396929,D3:F4:55:AB:96:20,-57
BLE,1705563855986581022,DF:DF:EE:00:00:04,-39
BLE,1705563856191263204,D3:F4:55:AB:96:20,-56
BLE,1705563856381781127,D3:F4:55:AB:96:20,-58
BLE,1705563856446618888,DF:DF:EE:00:00:04,-34
BLE,1705563856574660682,D3:F4:55:AB:96:20,-58
BLE,1705563856761718445,D3:F4:55:AB:96:20,-74
BLE,1705563856987922452,DF:DF:EE:00:00:04,-35
BLE,1705563857156287600,D3:F4:55:AB:96:20,-58
BLE,1705563857728264360,D3:F4:55:AB:96:20,-58
BLE,1705563857923672464,D3:F4:55:AB:96:20,-58
BLE,1705563857982680807,DF:DF:EE:00:00:04,-37
BLE,1705563858117790295,D3:F4:55:AB:96:20,-46
BLE,1705563858244472483,DF:A6:DC:DC:2E:81,-64
BLE,1705563858244515608,DF:DF:EE:00:00:01,-64
BLE,1705563858885003661,D3:F4:55:AB:96:20,-45
BLE,1705563858984079819,DF:DF:EE:00:00:04,-39
BLE,1705563859273054241,D3:F4:55:AB:96:20,-56
BLE,1705563859446847064,DF:DF:EE:00:00:04,-36
BLE,1705563859459286182,D3:F4:55:AB:96:20,-43
BLE,1705563859658351734,D3:F4:55:AB:96:20,-58
BLE,1705563860448700320,DF:DF:EE:00:00:04,-35
BLE,1705563860810650056,D3:F4:55:AB:96:20,-53
BLE,1705563860984189548,DF:DF:EE:00:00:04,-39
BLE,1705563861196429167,D3:F4:55:AB:96:20,-58
BLE,1705563861389874882,D3:F4:55:AB:96:20,-58
BLE,1705563861579147238,D3:F4:55:AB:96:20,-57
BLE,1705563861980110096,DF:DF:EE:00:00:04,-34
BLE,1705563862359993539,D3:F4:55:AB:96:20,-57
BLE,1705563862546833596,D3:F4:55:AB:96:20,-43
BLE,1705563863332836992,DF:A6:DC:DC:2E:81,-50
BLE,1705563863332878409,DF:DF:EE:00:00:01,-50
BLE,1705563863451574709,DF:DF:EE:00:00:04,-36
BLE,1705563863512146571,D3:F4:55:AB:96:20,-58
BLE,1705563863892031307,D3:F4:55:AB:96:20,-59
BLE,1705563863982932954,DF:DF:EE:00:00:04,-34
BLE,1705563864461429353,D3:F4:55:AB:96:20,-40
BLE,1705563864848232159,D3:F4:55:AB:96:20,-56
BLE,1705563864988315494,DF:DF:EE:00:00:04,-39
BLE,1705563865235263544,D3:F4:55:AB:96:20,-58
BLE,1705563865429353583,D3:F4:55:AB:96:20,-54
BLE,1705563865818709520,D3:F4:55:AB:96:20,-57
BLE,1705563865877551906,DF:A6:DC:DC:2E:81,-65
BLE,1705563865877586781,DF:DF:EE:00:00:01,-65
BLE,1705563865981956240,DF:DF:EE:00:00:04,-39
BLE,1705563866010219678,D3:F4:55:AB:96:20,-59
BLE,1705563866977409710,D3:F4:55:AB:96:20,-43
BLE,1705563866984928855,DF:DF:EE:00:00:04,-38
BLE,1705563867741985364,D3:F4:55:AB:96:20,-57
BLE,1705563867931276011,D3:F4:55:AB:96:20,-56
BLE,1705563868125486840,D3:F4:55:AB:96:20,-57
BLE,1705563868319047553,D3:F4:55:AB:96:20,-56
BLE,1705563868417451387,DF:A6:DC:DC:2E:81,-63
BLE,1705563868417463762,DF:DF:EE:00:00:01,-63
BLE,1705563868510036636,D3:F4:55:AB:96:20,-57
BLE,1705563869279232267,D3:F4:55:AB:96:20,-56
BLE,1705563869470022185,D3:F4:55:AB:96:20,-58
BLE,1705563869656264958,D3:F4:55:AB:96:20,-58
BLE,1705563870042178610,D3:F4:55:AB:96:20,-54
BLE,1705563870232291246,D3:F4:55:AB:96:20,-42
BLE,1705563870424814390,D3:F4:55:AB:96:20,-54
BLE,1705563870450595072,DF:DF:EE:00:00:04,-35
BLE,1705563870803012316,D3:F4:55:AB:96:20,-57
BLE,1705563870960442408,DF:A6:DC:DC:2E:81,-64
BLE,1705563870960459450,DF:DF:EE:00:00:01,-64
BLE,1705563870984448865,DF:DF:EE:00:00:04,-34
BLE,1705563870995200340,D3:F4:55:AB:96:20,-52
BLE,1705563871185388350,D3:F4:55:AB:96:20,-57
BLE,1705563871441888517,DF:DF:EE:00:00:04,-35
BLE,1705563871766376609,D3:F4:55:AB:96:20,-43
BLE,1705563872150456286,D3:F4:55:AB:96:20,-57
BLE,1705563872345834724,D3:F4:55:AB:96:20,-56
BLE,1705563872535629989,D3:F4:55:AB:96:20,-53
BLE,1705563872731079509,D3:F4:55:AB:96:20,-58
BLE,1705563872926620778,D3:F4:55:AB:96:20,-56
BLE,1705563872984795465,DF:DF:EE:00:00:04,-34
BLE,1705563873119293462,D3:F4:55:AB:96:20,-53
BLE,1705563873315117852,D3:F4:55:AB:96:20,-57
BLE,1705563873449468225,DF:DF:EE:00:00:04,-39
BLE,1705563873501709829,D3:F4:55:AB:96:20,-59
BLE,1705563873982653736,DF:DF:EE:00:00:04,-36
BLE,1705563874088150179,D3:F4:55:AB:96:20,-58
BLE,1705563874654440936,D3:F4:55:AB:96:20,-54
BLE,1705563874981922695,DF:DF:EE:00:00:04,-40
BLE,1705563875234055548,D3:F4:55:AB:96:20,-59
BLE,1705563875427075977,D3:F4:55:AB:96:20,-42
BLE,1705563875442007518,DF:DF:EE:00:00:04,-42
BLE,1705563875622127669,D3:F4:55:AB:96:20,-55
BLE,1705563875990468149,DF:DF:EE:00:00:04,-23
BLE,1705563876004527494,D3:F4:55:AB:96:20,-54
BLE,1705563876384686851,D3:F4:55:AB:96:20,-59
BLE,1705563876959835692,D3:F4:55:AB:96:20,-57
BLE,1705563877445679364,DF:DF:EE:00:00:04,-37
BLE,1705563877531333251,D3:F4:55:AB:96:20,-69
BLE,1705563877722056337,D3:F4:55:AB:96:20,-58
BLE,1705563877981011887,DF:DF:EE:00:00:04,-34
BLE,1705563878112264762,D3:F4:55:AB:96:20,-54
BLE,1705563878490875890,D3:F4:55:AB:96:20,-56
BLE,1705563878678174524,D3:F4:55:AB:96:20,-57
BLE,1705563878984347747,DF:DF:EE:00:00:04,-39
BLE,1705563879071565820,D3:F4:55:AB:96:20,-41
BLE,1705563879259477154,D3:F4:55:AB:96:20,-59
BLE,1705563879439968716,DF:DF:EE:00:00:04,-38
BLE,1705563879842370304,D3:F4:55:AB:96:20,-57
BLE,1705563879983373293,DF:DF:EE:00:00:04,-34
BLE,1705563880223442856,D3:F4:55:AB:96:20,-58
BLE,1705563880415770378,D3:F4:55:AB:96:20,-54
BLE,1705563880446446866,DF:DF:EE:00:00:04,-37
BLE,1705563880605281647,D3:F4:55:AB:96:20,-52
BLE,1705563880790668808,D3:F4:55:AB:96:20,-44
BLE,1705563880986174452,D3:F4:55:AB:96:20,-57
BLE,1705563881442488203,DF:DF:EE:00:00:04,-35
BLE,1705563881559949313,D3:F4:55:AB:96:20,-58
BLE,1705563882441865994,DF:DF:EE:00:00:04,-35
BLE,1705563882523473021,D3:F4:55:AB:96:20,-57
BLE,1705563882915232424,D3:F4:55:AB:96:20,-55
BLE,1705563882989491428,DF:DF:EE:00:00:04,-40
BLE,1705563883107929315,D3:F4:55:AB:96:20,-57
BLE,1705563883494659539,D3:F4:55:AB:96:20,-57
BLE,1705563883877175279,D3:F4:55:AB:96:20,-59
BLE,1705563884071076820,D3:F4:55:AB:96:20,-58
BLE,1705563884266218095,D3:F4:55:AB:96:20,-56
BLE,1705563884450671393,DF:DF:EE:00:00:04,-39
BLE,1705563884456740267,D3:F4:55:AB:96:20,-57
BLE,1705563884648767168,D3:F4:55:AB:96:20,-56
BLE,1705563884844483934,D3:F4:55:AB:96:20,-57
BLE,1705563884978790392,DF:DF:EE:00:00:04,-35
BLE,1705563885034763610,D3:F4:55:AB:96:20,-56
BLE,1705563885221992286,D3:F4:55:AB:96:20,-74
BLE,1705563885446863478,DF:DF:EE:00:00:04,-35
BLE,1705563885790290098,D3:F4:55:AB:96:20,-57
BLE,1705563885987094724,DF:DF:EE:00:00:04,-19
BLE,1705563886186628687,D3:F4:55:AB:96:20,-57
BLE,1705563886444567918,DF:DF:EE:00:00:04,-36
BLE,1705563886979927065,DF:DF:EE:00:00:04,-35
BLE,1705563887149206575,D3:F4:55:AB:96:20,-56
BLE,1705563887344894758,D3:F4:55:AB:96:20,-40
BLE,1705563887539681413,D3:F4:55:AB:96:20,-59
BLE,1705563887729766716,D3:F4:55:AB:96:20,-54
BLE,1705563888777204127,DF:A6:DC:DC:2E:81,-65
BLE,1705563888777241960,DF:DF:EE:00:00:01,-65
BLE,1705563888871271063,D3:F4:55:AB:96:20,-57
BLE,1705563888987948183,DF:DF:EE:00:00:04,-36
BLE,1705563889065720180,D3:F4:55:AB:96:20,-57
BLE,1705563889446911897,D3:F4:55:AB:96:20,-70
BLE,1705563889640120282,D3:F4:55:AB:96:20,-54
BLE,1705563889829171641,D3:F4:55:AB:96:20,-58
BLE,1705563889988661539,DF:DF:EE:00:00:04,-22
BLE,1705563890018554871,D3:F4:55:AB:96:20,-58
BLE,1705563890594464493,D3:F4:55:AB:96:20,-57
BLE,1705563890983400561,DF:DF:EE:00:00:04,-34
BLE,1705563891178924288,D3:F4:55:AB:96:20,-58
BLE,1705563891450567494,DF:DF:EE:00:00:04,-52
BLE,1705563891758665440,D3:F4:55:AB:96:20,-45
BLE,1705563891954244625,D3:F4:55:AB:96:20,-60
BLE,1705563891984166249,DF:DF:EE:00:00:04,-36
BLE,1705563892151925780,D3:F4:55:AB:96:20,-59
BLE,1705563892347361551,D3:F4:55:AB:96:20,-58
BLE,1705563892446502541,DF:DF:EE:00:00:04,-35
BLE,1705563892542244453,D3:F4:55:AB:96:20,-54
BLE,1705563892603755344,DF:A6:DC:DC:2E:81,-66
BLE,1705563892603814135,DF:DF:EE:00:00:01,-66
BLE,1705563892732893040,D3:F4:55:AB:96:20,-56
BLE,1705563892981317154,DF:DF:EE:00:00:04,-40
BLE,1705563893120822622,D3:F4:55:AB:96:20,-44
BLE,1705563893312957230,D3:F4:55:AB:96:20,-56
BLE,1705563893442611002,DF:DF:EE:00:00:04,-35
BLE,1705563893510678843,D3:F4:55:AB:96:20,-56
BLE,1705563893700388068,D3:F4:55:AB:96:20,-59
BLE,1705563893890523037,D3:F4:55:AB:96:20,-59
BLE,1705563893987323019,DF:DF:EE:00:00:04,-37
BLE,1705563894984463882,DF:DF:EE:00:00:04,-39
BLE,1705563895042522363,D3:F4:55:AB:96:20,-54
BLE,1705563895149039042,DF:A6:DC:DC:2E:81,-64
BLE,1705563895149098416,DF:DF:EE:00:00:01,-64
BLE,1705563895233201533,D3:F4:55:AB:96:20,-56
BLE,1705563895807864548,D3:F4:55:AB:96:20,-41
BLE,1705563895985329277,DF:DF:EE:00:00:04,-35
BLE,1705563895999794492,D3:F4:55:AB:96:20,-59
BLE,1705563896188658437,D3:F4:55:AB:96:20,-56
BLE,1705563896383323593,D3:F4:55:AB:96:20,-58
BLE,1705563896447176034,DF:DF:EE:00:00:04,-39
BLE,1705563896579929972,D3:F4:55:AB:96:20,-41
BLE,1705563897158703846,D3:F4:55:AB:96:20,-54
BLE,1705563897354279489,D3:F4:55:AB:96:20,-57
BLE,1705563897443080415,DF:DF:EE:00:00:04,-34
BLE,1705563897549763967,D3:F4:55:AB:96:20,-58
BLE,1705563897981272023,DF:DF:EE:00:00:04,-35
BLE,1705563898120967571,D3:F4:55:AB:96:20,-57
BLE,1705563898311494535,D3:F4:55:AB:96:20,-57
BLE,1705563898442351999,DF:DF:EE:00:00:04,-49
BLE,1705563898499039707,D3:F4:55:AB:96:20,-43
BLE,1705563898883644127,D3:F4:55:AB:96:20,-57
BLE,1705563898990308553,DF:DF:EE:00:00:04,-40
BLE,1705563899848917185,D3:F4:55:AB:96:20,-74
BLE,1705563900230885933,DF:A6:DC:DC:2E:81,-65
BLE,1705563900230924974,DF:DF:EE:00:00:01,-65
BLE,1705563900440852334,DF:DF:EE:00:00:04,-36
BLE,1705563900613463215,D3:F4:55:AB:96:20,-57
BLE,1705563900804667794,D3:F4:55:AB:96:20,-56
BLE,1705563900998908081,D3:F4:55:AB:96:20,-60
BLE,1705563901192958120,D3:F4:55:AB:96:20,-56
BLE,1705563901444601064,DF:DF:EE:00:00:04,-37
BLE,1705563901576676177,D3:F4:55:AB:96:20,-42
BLE,1705563901763617441,D3:F4:55:AB:96:20,-58
BLE,1705563901985709297,DF:DF:EE:00:00:04,-35
BLE,1705563902145513773,D3:F4:55:AB:96:20,-65
BLE,1705563902449510360,DF:DF:EE:00:00:04,-39
BLE,1705563902731023095,D3:F4:55:AB:96:20,-57
BLE,1705563903309059312,D3:F4:55:AB:96:20,-57
BLE,1705563903447498379,DF:DF:EE:00:00:04,-19
BLE,1705563903496471153,D3:F4:55:AB:96:20,-43
BLE,1705563904277504202,D3:F4:55:AB:96:20,-57
BLE,1705563904656714405,D3:F4:55:AB:96:20,-58
BLE,1705563904850067288,D3:F4:55:AB:96:20,-54
BLE,1705563905045811345,D3:F4:55:AB:96:20,-57
BLE,1705563905240130881,D3:F4:55:AB:96:20,-58
BLE,1705563905319989349,DF:A6:DC:DC:2E:81,-65
BLE,1705563905320032806,DF:DF:EE:00:00:01,-65
BLE,1705563905431079839,D3:F4:55:AB:96:20,-58
BLE,1705563905622478999,D3:F4:55:AB:96:20,-58
BLE,1705563905812300347,D3:F4:55:AB:96:20,-57
BLE,1705563905979191891,DF:DF:EE:00:00:04,-36
BLE,1705563906007400330,D3:F4:55:AB:96:20,-58
BLE,1705563906385236178,D3:F4:55:AB:96:20,-56
BLE,1705563906440212660,DF:DF:EE:00:00:04,-35
BLE,1705563906575138275,D3:F4:55:AB:96:20,-59
BLE,1705563907153847567,D3:F4:55:AB:96:20,-58
BLE,1705563907341027036,D3:F4:55:AB:96:20,-57
BLE,1705563907445992736,DF:DF:EE:00:00:04,-45
BLE,1705563907863401447,DF:A6:DC:DC:2E:81,-59
BLE,1705563907863452947,DF:DF:EE:00:00:01,-59
BLE,1705563907920896644,D3:F4:55:AB:96:20,-58
BLE,1705563907981241260,DF:DF:EE:00:00:04,-35
BLE,1705563908113768784,D3:F4:55:AB:96:20,-56
BLE,1705563908698384159,D3:F4:55:AB:96:20,-56
BLE,1705563908890728806,D3:F4:55:AB:96:20,-58
BLE,1705563908984202125,DF:DF:EE:00:00:04,-34
BLE,1705563909076531627,D3:F4:55:AB:96:20,-57
BLE,1705563909443637250,DF:DF:EE:00:00:04,-35
BLE,1705563909460788677,D3:F4:55:AB:96:20,-58
BLE,1705563909657641427,D3:F4:55:AB:96:20,-57
BLE,1705563909852455331,D3:F4:55:AB:96:20,-52
BLE,1705563909989634415,DF:DF:EE:00:00:04,-39
BLE,1705563910442196635,DF:DF:EE:00:00:04,-39
BLE,1705563910808776640,D3:F4:55:AB:96:20,-58
BLE,1705563910981552060,DF:DF:EE:00:00:04,-22
BLE,1705563911196416058,D3:F4:55:AB:96:20,-54
BLE,1705563911440837519,DF:DF:EE:00:00:04,-35
BLE,1705563911575669678,D3:F4:55:AB:96:20,-57
BLE,1705563911577188281,D3:F4:55:AB:96:20,-54
BLE,1705563911769237599,D3:F4:55:AB:96:20,-58
BLE,1705563911986081695,DF:DF:EE:00:00:04,-36
BLE,1705563912150025488,D3:F4:55:AB:96:20,-58
BLE,1705563912340607160,D3:F4:55:AB:96:20,-57
BLE,1705563913446466005,DF:DF:EE:00:00:04,-36
BLE,1705563913497863162,D3:F4:55:AB:96:20,-58
BLE,1705563913687644677,D3:F4:55:AB:96:20,-57
BLE,1705563913877154739,D3:F4:55:AB:96:20,-56
BLE,1705563913980247424,DF:DF:EE:00:00:04,-35
BLE,1705563914257076932,D3:F4:55:AB:96:20,-45
BLE,1705563914827894917,D3:F4:55:AB:96:20,-57
BLE,1705563914978954765,DF:DF:EE:00:00:04,-36
BLE,1705563915014471478,D3:F4:55:AB:96:20,-57
BLE,1705563915397337588,D3:F4:55:AB:96:20,-59
BLE,1705563915440194156,DF:DF:EE:00:00:04,-35
BLE,1705563915591604583,D3:F4:55:AB:96:20,-56
BLE,1705563915782903578,D3:F4:55:AB:96:20,-57
BLE,1705563915976908826,D3:F4:55:AB:96:20,-58
BLE,1705563916162614607,D3:F4:55:AB:96:20,-60
BLE,1705563916359856310,D3:F4:55:AB:96:20,-56
BLE,1705563916448301408,DF:DF:EE:00:00:04,-39
BLE,1705563916741406481,D3:F4:55:AB:96:20,-58
BLE,1705563916772342965,DF:A6:DC:DC:2E:81,-64
BLE,1705563916772380090,DF:DF:EE:00:00:01,-64
BLE,1705563917511350685,D3:F4:55:AB:96:20,-58
BLE,1705563917701543361,D3:F4:55:AB:96:20,-56
BLE,1705563917897563498,D3:F4:55:AB:96:20,-57
BLE,1705563917983611630,DF:DF:EE:00:00:04,-34
BLE,1705563918286105446,D3:F4:55:AB:96:20,-56
BLE,1705563918448996879,DF:DF:EE:00:00:04,-39
BLE,1705563918672826378,D3:F4:55:AB:96:20,-58
BLE,1705563918862837765,D3:F4:55:AB:96:20,-58
BLE,1705563918982354346,DF:DF:EE:00:00:04,-35
BLE,1705563919432918094,D3:F4:55:AB:96:20,-40
BLE,1705563919821772454,D3:F4:55:AB:96:20,-58
BLE,1705563920013016700,D3:F4:55:AB:96:20,-57
BLE,1705563920407772311,D3:F4:55:AB:96:20,-58
BLE,1705563920448657073,DF:DF:EE:00:00:04,-36
BLE,1705563920595318649,DF:A6:DC:DC:2E:81,-60
BLE,1705563920595378982,DF:DF:EE:00:00:01,-60
BLE,1705563920797327744,D3:F4:55:AB:96:20,-57
BLE,1705563920987620586,DF:DF:EE:00:00:04,-36
BLE,1705563920992869721,D3:F4:55:AB:96:20,-42
BLE,1705563921183584557,D3:F4:55:AB:96:20,-57
BLE,1705563921377221519,D3:F4:55:AB:96:20,-57
BLE,1705563921755448611,D3:F4:55:AB:96:20,-58
BLE,1705563921943918437,D3:F4:55:AB:96:20,-58
BLE,1705563922138500011,D3:F4:55:AB:96:20,-58
BLE,1705563922328924268,D3:F4:55:AB:96:20,-57
BLE,1705563922446398377,DF:DF:EE:00:00:04,-36
BLE,1705563922725538644,D3:F4:55:AB:96:20,-56
BLE,1705563922920371173,D3:F4:55:AB:96:20,-40
BLE,1705563922982529805,DF:DF:EE:00:00:04,-20
BLE,1705563923113118772,D3:F4:55:AB:96:20,-58
BLE,1705563923135636874,DF:A6:DC:DC:2E:81,-64
BLE,1705563923135666499,DF:DF:EE:00:00:01,-64
BLE,1705563923311306546,D3:F4:55:AB:96:20,-57
BLE,1705563923886553469,D3:F4:55:AB:96:20,-55
BLE,1705563923985487004,DF:DF:EE:00:00:04,-40
BLE,1705563924271180555,D3:F4:55:AB:96:20,-54
BLE,1705563924444437885,DF:DF:EE:00:00:04,-35
BLE,1705563924648263329,D3:F4:55:AB:96:20,-53
BLE,1705563924842510324,D3:F4:55:AB:96:20,-67
BLE,1705563924986036028,DF:DF:EE:00:00:04,-35
BLE,1705563925028640725,D3:F4:55:AB:96:20,-57
BLE,1705563925445549901,DF:DF:EE:00:00:04,-45
BLE,1705563925607359016,D3:F4:55:AB:96:20,-57
BLE,1705563925679067056,DF:A6:DC:DC:2E:81,-64
BLE,1705563925679112639,DF:DF:EE:00:00:01,-64
BLE,1705563925993949200,D3:F4:55:AB:96:20,-57
BLE,1705563926191980100,D3:F4:55:AB:96:20,-58
BLE,1705563926383227929,D3:F4:55:AB:96:20,-54
BLE,1705563926962608336,D3:F4:55:AB:96:20,-59
BLE,1705563927160322658,D3:F4:55:AB:96:20,-56
BLE,1705563927442443092,DF:DF:EE:00:00:04,-34
BLE,1705563927545528569,D3:F4:55:AB:96:20,-59
BLE,1705563927737955631,D3:F4:55:AB:96:20,-55
BLE,1705563927930401776,D3:F4:55:AB:96:20,-57
BLE,1705563927982710212,DF:DF:EE:00:00:04,-35
BLE,1705563928223994134,DF:A6:DC:DC:2E:81,-64
BLE,1705563928224032633,DF:DF:EE:00:00:01,-64
BLE,1705563928445874118,DF:DF:EE:00:00:04,-35
BLE,1705563928985933824,DF:DF:EE:00:00:04,-34
BLE,1705563929439549363,DF:DF:EE:00:00:04,-35
BLE,1705563929474149755,D3:F4:55:AB:96:20,-57
BLE,1705563929660019658,D3:F4:55:AB:96:20,-53
BLE,1705563929858270681,D3:F4:55:AB:96:20,-56
BLE,1705563929987133048,DF:DF:EE:00:00:04,-36
BLE,1705563930044177543,D3:F4:55:AB:96:20,-58
BLE,1705563930237546842,D3:F4:55:AB:96:20,-65
BLE,1705563930426969696,D3:F4:55:AB:96:20,-44
BLE,1705563930443796919,DF:DF:EE:00:00:04,-33
BLE,1705563930623464826,D3:F4:55:AB:96:20,-58
BLE,1705563931202167743,D3:F4:55:AB:96:20,-56
BLE,1705563931583785662,D3:F4:55:AB:96:20,-55
BLE,1705563931983240124,DF:DF:EE:00:00:04,-34
BLE,1705563932557838640,D3:F4:55:AB:96:20,-56
BLE,1705563932748014817,D3:F4:55:AB:96:20,-43
BLE,1705563932945300145,D3:F4:55:AB:96:20,-43
BLE,1705563932981302392,DF:DF:EE:00:00:04,-35
BLE,1705563933141689568,D3:F4:55:AB:96:20,-57
BLE,1705563933329494778,DF:A6:DC:DC:2E:81,-64
BLE,1705563933329530736,DF:DF:EE:00:00:01,-64
BLE,1705563933336377849,D3:F4:55:AB:96:20,-54
BLE,1705563933445781279,DF:DF:EE:00:00:04,-34
BLE,1705563933530822258,D3:F4:55:AB:96:20,-59
BLE,1705563933729844978,D3:F4:55:AB:96:20,-57
BLE,1705563933921989711,D3:F4:55:AB:96:20,-45
BLE,1705563933981397506,DF:DF:EE:00:00:04,-35
BLE,1705563934116236706,D3:F4:55:AB:96:20,-58
BLE,1705563934311538978,D3:F4:55:AB:96:20,-57
BLE,1705563934440327554,DF:DF:EE:00:00:04,-34
BLE,1705563934503101177,D3:F4:55:AB:96:20,-57
BLE,1705563934887857053,D3:F4:55:AB:96:20,-45
BLE,1705563935444648567,DF:DF:EE:00:00:04,-35
BLE,1705563935654543802,D3:F4:55:AB:96:20,-54
BLE,1705563935847640563,D3:F4:55:AB:96:20,-53
BLE,1705563935979362390,DF:DF:EE:00:00:04,-22
BLE,1705563936040129166,D3:F4:55:AB:96:20,-56
BLE,1705563936231996694,D3:F4:55:AB:96:20,-65
BLE,1705563936444085940,DF:DF:EE:00:00:04,-50
BLE,1705563936977492240,DF:DF:EE:00:00:04,-19
BLE,1705563937155988996,DF:A6:DC:DC:2E:81,-64
BLE,1705563937156004121,DF:DF:EE:00:00:01,-64
BLE,1705563937195662567,D3:F4:55:AB:96:20,-58
BLE,1705563937441631840,DF:DF:EE:00:00:04,-23
BLE,1705563937772916587,D3:F4:55:AB:96:20,-56
BLE,1705563937965821893,D3:F4:55:AB:96:20,-60
BLE,1705563938163492090,D3:F4:55:AB:96:20,-57
BLE,1705563938348616046,D3:F4:55:AB:96:20,-57
BLE,1705563938439339654,DF:DF:EE:00:00:04,-34
BLE,1705563938545131676,D3:F4:55:AB:96:20,-57
BLE,1705563938928302616,D3:F4:55:AB:96:20,-56
BLE,1705563938985180321,DF:DF:EE:00:00:04,-36
BLE,1705563939495845855,D3:F4:55:AB:96:20,-57
BLE,1705563939686379818,D3:F4:55:AB:96:20,-56
BLE,1705563939876820075,D3:F4:55:AB:96:20,-44
BLE,1705563939978567362,DF:DF:EE:00:00:04,-35
BLE,1705563940261827489,D3:F4:55:AB:96:20,-57
BLE,1705563940440843613,DF:DF:EE:00:00:04,-44
BLE,1705563941211857219,D3:F4:55:AB:96:20,-54
BLE,1705563941407018368,D3:F4:55:AB:96:20,-66
BLE,1705563941443248570,DF:DF:EE:00:00:04,-40
BLE,1705563941798452025,D3:F4:55:AB:96:20,-54
BLE,1705563941978359179,DF:DF:EE:00:00:04,-35
BLE,1705563942440831844,DF:DF:EE:00:00:04,-35
BLE,1705563942565835682,D3:F4:55:AB:96:20,-45
BLE,1705563942761522032,D3:F4:55:AB:96:20,-57
BLE,1705563942955929649,D3:F4:55:AB:96:20,-58
BLE,1705563943147392558,D3:F4:55:AB:96:20,-55
BLE,1705563943342375918,D3:F4:55:AB:96:20,-57
BLE,1705563943445973429,DF:DF:EE:00:00:04,-40
BLE,1705563943538191558,D3:F4:55:AB:96:20,-58
BLE,1705563943926016349,D3:F4:55:AB:96:20,-69
BLE,1705563944115527285,D3:F4:55:AB:96:20,-55
BLE,1705563944440670577,DF:DF:EE:00:00:04,-40
BLE,1705563944505096552,D3:F4:55:AB:96:20,-58
BLE,1705563944700044913,D3:F4:55:AB:96:20,-40
BLE,1705563944893777165,D3:F4:55:AB:96:20,-57
BLE,1705563945285744523,D3:F4:55:AB:96:20,-56
BLE,1705563945442971910,DF:DF:EE:00:00:04,-36
BLE,1705563945674773714,D3:F4:55:AB:96:20,-58
BLE,1705563945865132889,D3:F4:55:AB:96:20,-43
BLE,1705563946057536284,D3:F4:55:AB:96:20,-56
BLE,1705563946447417172,D3:F4:55:AB:96:20,-57
BLE,1705563946637320144,D3:F4:55:AB:96:20,-56
BLE,1705563947015557194,D3:F4:55:AB:96:20,-56
BLE,1705563947207482680,D3:F4:55:AB:96:20,-58
BLE,1705563947446312636,DF:DF:EE:00:00:04,-36
BLE,1705563947590411582,D3:F4:55:AB:96:20,-58
BLE,1705563947986787670,DF:DF:EE:00:00:04,-35
BLE,1705563948164430064,D3:F4:55:AB:96:20,-54
BLE,1705563948353401674,D3:F4:55:AB:96:20,-57
BLE,1705563948442043603,DF:DF:EE:00:00:04,-23
BLE,1705563948538742585,D3:F4:55:AB:96:20,-59
BLE,1705563948981064990,DF:DF:EE:00:00:04,-39
BLE,1705563949117508459,D3:F4:55:AB:96:20,-56
BLE,1705563949308381252,D3:F4:55:AB:96:20,-57
BLE,1705563949441482601,DF:DF:EE:00:00:04,-35
BLE,1705563949501729301,D3:F4:55:AB:96:20,-67
BLE,1705563949689047685,D3:F4:55:AB:96:20,-44
BLE,1705563949883509177,D3:F4:55:AB:96:20,-52
BLE,1705563949890144042,DF:A6:DC:DC:2E:81,-65
BLE,1705563949890180000,DF:DF:EE:00:00:01,-65
BLE,1705563949986368573,DF:DF:EE:00:00:04,-36
BLE,1705563950072823824,D3:F4:55:AB:96:20,-57
BLE,1705563950441061930,DF:DF:EE:00:00:04,-35
BLE,1705563950654594823,D3:F4:55:AB:96:20,-59
BLE,1705563950848735986,D3:F4:55:AB:96:20,-58
BLE,1705563950981472507,DF:DF:EE:00:00:04,-35
BLE,1705563951037259644,D3:F4:55:AB:96:20,-58
BLE,1705563951231013230,D3:F4:55:AB:96:20,-58
BLE,1705563951609761773,D3:F4:55:AB:96:20,-56
BLE,1705563951981187210,DF:DF:EE:00:00:04,-34
BLE,1705563951985599856,D3:F4:55:AB:96:20,-57
BLE,1705563952179187736,D3:F4:55:AB:96:20,-58
BLE,1705563952372157998,D3:F4:55:AB:96:20,-54
BLE,1705563952435665778,DF:A6:DC:DC:2E:81,-64
BLE,1705563952435724527,DF:DF:EE:00:00:01,-64
BLE,1705563952754679947,D3:F4:55:AB:96:20,-54
BLE,1705563952978646819,DF:DF:EE:00:00:04,-35
BLE,1705563953132924622,D3:F4:55:AB:96:20,-44
BLE,1705563953326680124,D3:F4:55:AB:96:20,-56
BLE,1705563953513605096,D3:F4:55:AB:96:20,-59
BLE,1705563953711598956,D3:F4:55:AB:96:20,-58
BLE,1705563953907942088,D3:F4:55:AB:96:20,-57
BLE,1705563954291813851,D3:F4:55:AB:96:20,-58
BLE,1705563954478951696,D3:F4:55:AB:96:20,-58
BLE,1705563954981333053,DF:DF:EE:00:00:04,-35
BLE,1705563955059944372,D3:F4:55:AB:96:20,-42
BLE,1705563955254703568,D3:F4:55:AB:96:20,-56
BLE,1705563955635080547,D3:F4:55:AB:96:20,-56
BLE,1705563955984326794,DF:DF:EE:00:00:04,-40
BLE,1705563956212109362,D3:F4:55:AB:96:20,-59
BLE,1705563956401100347,D3:F4:55:AB:96:20,-56
BLE,1705563956438483075,DF:DF:EE:00:00:04,-34
BLE,1705563956597521770,D3:F4:55:AB:96:20,-57
BLE,1705563956984928109,D3:F4:55:AB:96:20,-45
BLE,1705563957174801832,D3:F4:55:AB:96:20,-58
BLE,1705563957439378261,DF:DF:EE:00:00:04,-36
BLE,1705563957741775662,D3:F4:55:AB:96:20,-54
BLE,1705563957937677676,D3:F4:55:AB:96:20,-41
BLE,1705563958126105502,D3:F4:55:AB:96:20,-59
BLE,1705563958321472607,D3:F4:55:AB:96:20,-57
BLE,1705563958447183017,DF:DF:EE:00:00:04,-35
BLE,1705563958709342772,D3:F4:55:AB:96:20,-60
BLE,1705563958800081046,DF:A6:DC:DC:2E:81,-65
BLE,1705563958800119963,DF:DF:EE:00:00:01,-65
BLE,1705563958904161051,D3:F4:55:AB:96:20,-58
BLE,1705563958979094963,DF:DF:EE:00:00:04,-34
BLE,1705563959099303909,D3:F4:55:AB:96:20,-54
BLE,1705563959293247408,D3:F4:55:AB:96:20,-65
BLE,1705563959443993552,DF:DF:EE:00:00:04,-33
BLE,1705563959492644289,D3:F4:55:AB:96:20,-58
BLE,1705563959679845175,D3:F4:55:AB:96:20,-58
BLE,1705563959871787785,D3:F4:55:AB:96:20,-58
BLE,1705563959978771124,DF:DF:EE:00:00:04,-36
BLE,1705563960639329814,D3:F4:55:AB:96:20,-57
BLE,1705563960826856028,D3:F4:55:AB:96:20,-57
BLE,1705563960983650171,DF:DF:EE:00:00:04,-35
BLE,1705563961345254537,DF:A6:DC:DC:2E:81,-64
BLE,1705563961345292412,DF:DF:EE:00:00:01,-64
BLE,1705563961438821022,DF:DF:EE:00:00:04,-36
BLE,1705563961588865801,D3:F4:55:AB:96:20,-59
BLE,1705563961786573665,D3:F4:55:AB:96:20,-58
BLE,1705563961972213613,D3:F4:55:AB:96:20,-57
BLE,1705563961976221849,DF:DF:EE:00:00:04,-36
BLE,1705563962168991740,D3:F4:55:AB:96:20,-58
BLE,1705563962446173285,DF:DF:EE:00:00:04,-36
BLE,1705563962559631116,D3:F4:55:AB:96:20,-57
BLE,1705563962756916569,D3:F4:55:AB:96:20,-58
BLE,1705563963135590155,D3:F4:55:AB:96:20,-52
BLE,1705563963448105248,DF:DF:EE:00:00:04,-38
BLE,1705563963523641234,D3:F4:55:AB:96:20,-58
BLE,1705563963722082088,D3:F4:55:AB:96:20,-41
BLE,1705563963883598248,DF:A6:DC:DC:2E:81,-65
BLE,1705563963883636789,DF:DF:EE:00:00:01,-65
BLE,1705563963911234737,D3:F4:55:AB:96:20,-57
BLE,1705563964104343207,D3:F4:55:AB:96:20,-52
BLE,1705563964443224015,DF:DF:EE:00:00:04,-39
BLE,1705563964870125343,D3:F4:55:AB:96:20,-57
BLE,1705563964980015058,DF:DF:EE:00:00:04,-34
BLE,1705563965062260951,D3:F4:55:AB:96:20,-56
BLE,1705563965256908941,D3:F4:55:AB:96:20,-57
BLE,1705563965443203755,DF:DF:EE:00:00:04,-34
BLE,1705563965456644484,D3:F4:55:AB:96:20,-59
BLE,1705563965650621025,D3:F4:55:AB:96:20,-54
BLE,1705563966226861434,D3:F4:55:AB:96:20,-58
BLE,1705563966421411383,D3:F4:55:AB:96:20,-58
BLE,1705563966428456410,DF:A6:DC:DC:2E:81,-65
BLE,1705563966428474743,DF:DF:EE:00:00:01,-65
BLE,1705563966441307647,DF:DF:EE:00:00:04,-39
BLE,1705563966617689392,D3:F4:55:AB:96:20,-48
BLE,1705563966808208564,D3:F4:55:AB:96:20,-59
BLE,1705563966981757681,DF:DF:EE:00:00:04,-45
BLE,1705563967001166785,D3:F4:55:AB:96:20,-54
BLE,1705563967386726025,D3:F4:55:AB:96:20,-58
BLE,1705563967442456371,DF:DF:EE:00:00:04,-34
BLE,1705563967576744996,D3:F4:55:AB:96:20,-57
BLE,1705563967765931228,D3:F4:55:AB:96:20,-56
BLE,1705563967956414317,D3:F4:55:AB:96:20,-57
BLE,1705563967982618285,DF:DF:EE:00:00:04,-35
BLE,1705563968342115597,D3:F4:55:AB:96:20,-57
BLE,1705563968440772927,DF:DF:EE:00:00:04,-35
BLE,1705563968538765808,D3:F4:55:AB:96:20,-58
BLE,1705563968731040414,D3:F4:55:AB:96:20,-45
BLE,1705563969119163784,D3:F4:55:AB:96:20,-58
BLE,1705563969310894356,D3:F4:55:AB:96:20,-59
BLE,1705563969439357270,DF:DF:EE:00:00:04,-39
BLE,1705563969505955007,D3:F4:55:AB:96:20,-56
BLE,1705563969981835068,DF:DF:EE:00:00:04,-19
BLE,1705563970088112125,D3:F4:55:AB:96:20,-58
BLE,1705563970250988183,DF:A6:DC:DC:2E:81,-64
BLE,1705563970251026600,DF:DF:EE:00:00:01,-64
BLE,1705563970655885778,D3:F4:55:AB:96:20,-43
BLE,1705563970983263747,DF:DF:EE:00:00:04,-35
BLE,1705563971041138938,D3:F4:55:AB:96:20,-57
BLE,1705563971231460988,D3:F4:55:AB:96:20,-56
BLE,1705563971427082797,D3:F4:55:AB:96:20,-58
BLE,1705563971806457540,D3:F4:55:AB:96:20,-57
BLE,1705563972003727868,D3:F4:55:AB:96:20,-57
BLE,1705563972386995514,D3:F4:55:AB:96:20,-58
BLE,1705563972437673348,DF:DF:EE:00:00:04,-19
BLE,1705563972578554130,D3:F4:55:AB:96:20,-55
BLE,1705563972798688889,DF:A6:DC:DC:2E:81,-63
BLE,1705563972798753721,DF:DF:EE:00:00:01,-63
BLE,1705563972960304381,D3:F4:55:AB:96:20,-56
BLE,1705563972985235866,DF:DF:EE:00:00:04,-35
BLE,1705563973343920856,D3:F4:55:AB:96:20,-55
BLE,1705563973441576534,DF:DF:EE:00:00:04,-39
BLE,1705563973721698121,D3:F4:55:AB:96:20,-56
BLE,1705563973914791216,D3:F4:55:AB:96:20,-59
BLE,1705563973982819516,DF:DF:EE:00:00:04,-39
BLE,1705563974102165015,D3:F4:55:AB:96:20,-57
BLE,1705563974438878104,DF:DF:EE:00:00:04,-34
BLE,1705563974487338635,D3:F4:55:AB:96:20,-56
BLE,1705563974488527743,D3:F4:55:AB:96:20,-55
BLE,1705563974981448275,DF:DF:EE:00:00:04,-19
BLE,1705563975070204910,D3:F4:55:AB:96:20,-57
BLE,1705563975441612347,DF:DF:EE:00:00:04,-39
BLE,1705563975459893842,D3:F4:55:AB:96:20,-54
BLE,1705563975656195017,D3:F4:55:AB:96:20,-57
BLE,1705563975985940578,DF:DF:EE:00:00:04,-46
BLE,1705563976042922282,D3:F4:55:AB:96:20,-54
BLE,1705563976238339385,D3:F4:55:AB:96:20,-58
BLE,1705563976433925820,D3:F4:55:AB:96:20,-57
BLE,1705563976446664851,DF:DF:EE:00:00:04,-37
BLE,1705563976630515283,D3:F4:55:AB:96:20,-40
BLE,1705563977005973413,D3:F4:55:AB:96:20,-57
BLE,1705563977198581973,D3:F4:55:AB:96:20,-58
BLE,1705563977388204366,D3:F4:55:AB:96:20,-57
BLE,1705563977581473500,D3:F4:55:AB:96:20,-57
BLE,1705563977884394810,DF:A6:DC:DC:2E:81,-64
BLE,1705563977884436101,DF:DF:EE:00:00:01,-64
BLE,1705563977986384260,DF:DF:EE:00:00:04,-39
BLE,1705563978163999696,D3:F4:55:AB:96:20,-58
BLE,1705563978352712477,D3:F4:55:AB:96:20,-58
BLE,1705563978443524042,DF:DF:EE:00:00:04,-35
BLE,1705563978550883084,D3:F4:55:AB:96:20,-56
BLE,1705563978737659433,D3:F4:55:AB:96:20,-57
BLE,1705563978983211753,DF:DF:EE:00:00:04,-29
BLE,1705563979119945260,D3:F4:55:AB:96:20,-58
BLE,1705563979439306633,DF:DF:EE:00:00:04,-36
BLE,1705563979512359987,D3:F4:55:AB:96:20,-56
BLE,1705563979706866812,D3:F4:55:AB:96:20,-57
BLE,1705563979901587259,D3:F4:55:AB:96:20,-73
BLE,1705563979978475810,DF:DF:EE:00:00:04,-36
BLE,1705563980281357954,D3:F4:55:AB:96:20,-67
BLE,1705563980427256750,DF:A6:DC:DC:2E:81,-64
BLE,1705563980427297291,DF:DF:EE:00:00:01,-64
BLE,1705563980439909531,DF:DF:EE:00:00:04,-40
BLE,1705563980468935876,D3:F4:55:AB:96:20,-58
BLE,1705563980854065663,D3:F4:55:AB:96:20,-57
BLE,1705563980979246789,DF:DF:EE:00:00:04,-39
BLE,1705563981044102300,D3:F4:55:AB:96:20,-58
BLE,1705563981231071230,D3:F4:55:AB:96:20,-60
BLE,1705563981426286087,D3:F4:55:AB:96:20,-67
BLE,1705563981445564234,DF:DF:EE:00:00:04,-36
BLE,1705563981983046393,DF:DF:EE:00:00:04,-36
BLE,1705563981997230237,D3:F4:55:AB:96:20,-59
BLE,1705563982193088751,D3:F4:55:AB:96:20,-56
BLE,1705563982380928794,D3:F4:55:AB:96:20,-57
BLE,1705563982441286368,DF:DF:EE:00:00:04,-40
BLE,1705563982957370367,D3:F4:55:AB:96:20,-58
BLE,1705563983147681084,D3:F4:55:AB:96:20,-59
BLE,1705563983341680833,D3:F4:55:AB:96:20,-58
BLE,1705563983440496786,DF:DF:EE:00:00:04,-34
BLE,1705563983729472416,D3:F4:55:AB:96:20,-58
BLE,1705563983929180210,D3:F4:55:AB:96:20,-58
BLE,1705563983977696657,DF:DF:EE:00:00:04,-35
BLE,1705563984119873588,D3:F4:55:AB:96:20,-54
BLE,1705563984247598804,DF:A6:DC:DC:2E:81,-64
BLE,1705563984247613262,DF:DF:EE:00:00:01,-64
BLE,1705563984309338858,D3:F4:55:AB:96:20,-57
BLE,1705563984444195391,DF:DF:EE:00:00:04,-40
BLE,1705563984497054528,D3:F4:55:AB:96:20,-59
BLE,1705563984694531686,D3:F4:55:AB:96:20,-58
BLE,1705563984986708646,DF:DF:EE:00:00:04,-39
BLE,1705563985079280645,D3:F4:55:AB:96:20,-58
BLE,1705563985269119327,D3:F4:55:AB:96:20,-54
BLE,1705563985461475223,D3:F4:55:AB:96:20,-53
BLE,1705563985659124462,D3:F4:55:AB:96:20,-59
BLE,1705563985848637315,D3:F4:55:AB:96:20,-58
BLE,1705563986429233956,D3:F4:55:AB:96:20,-60
BLE,1705563986445323397,DF:DF:EE:00:00:04,-39
BLE,1705563986626939777,D3:F4:55:AB:96:20,-57
BLE,1705563986790810322,DF:A6:DC:DC:2E:81,-65
BLE,1705563986790859738,DF:DF:EE:00:00:01,-65
BLE,1705563986814654864,D3:F4:55:AB:96:20,-57
BLE,1705563986980658087,DF:DF:EE:00:00:04,-35
BLE,1705563987006115481,D3:F4:55:AB:96:20,-58
BLE,1705563987197403559,D3:F4:55:AB:96:20,-57
BLE,1705563988365725490,D3:F4:55:AB:96:20,-57
BLE,1705563988564876708,D3:F4:55:AB:96:20,-41
BLE,1705563988957399309,D3:F4:55:AB:96:20,-44
BLE,1705563988981461639,DF:DF:EE:00:00:04,-35
BLE,1705563989148690470,D3:F4:55:AB:96:20,-58
BLE,1705563989334091672,DF:A6:DC:DC:2E:81,-65
BLE,1705563989334128672,DF:DF:EE:00:00:01,-65
BLE,1705563989339891799,D3:F4:55:AB:96:20,-56
BLE,1705563989531222294,D3:F4:55:AB:96:20,-58
BLE,1705563989722833326,D3:F4:55:AB:96:20,-39
BLE,1705563989914336067,D3:F4:55:AB:96:20,-57
BLE,1705563990111140235,D3:F4:55:AB:96:20,-56
BLE,1705563990299045777,D3:F4:55:AB:96:20,-57
BLE,1705563990685704959,D3:F4:55:AB:96:20,-68
BLE,1705563990979557772,DF:DF:EE:00:00:04,-35
BLE,1705563991255508917,D3:F4:55:AB:96:20,-54
BLE,1705563991443286128,DF:DF:EE:00:00:04,-24
BLE,1705563991637787202,D3:F4:55:AB:96:20,-54
BLE,1705563991877542728,DF:A6:DC:DC:2E:81,-64
BLE,1705563991877560353,DF:DF:EE:00:00:01,-64
BLE,1705563991979083893,DF:DF:EE:00:00:04,-28
BLE,1705563992406893585,D3:F4:55:AB:96:20,-52
BLE,1705563992441070190,DF:DF:EE:00:00:04,-35
BLE,1705563992594371132,D3:F4:55:AB:96:20,-43
BLE,1705563992790959887,D3:F4:55:AB:96:20,-58
BLE,1705563992980045454,DF:DF:EE:00:00:04,-36
BLE,1705563992985624292,D3:F4:55:AB:96:20,-40
BLE,1705563993371455445,D3:F4:55:AB:96:20,-56
BLE,1705563993442177290,DF:DF:EE:00:00:04,-39
BLE,1705563993561550081,D3:F4:55:AB:96:20,-57
BLE,1705563993981428383,DF:DF:EE:00:00:04,-39
BLE,1705563994142106722,D3:F4:55:AB:96:20,-57
BLE,1705563994440888965,DF:DF:EE:00:00:04,-35
BLE,1705563994729758639,D3:F4:55:AB:96:20,-58
BLE,1705563994976282570,DF:DF:EE:00:00:04,-40
BLE,1705563995303197796,D3:F4:55:AB:96:20,-56
BLE,1705563995497670579,D3:F4:55:AB:96:20,-59
BLE,1705563995701271235,DF:A6:DC:DC:2E:81,-65
BLE,1705563995701310860,DF:DF:EE:00:00:01,-65
BLE,1705563995985359309,DF:DF:EE:00:00:04,-39
BLE,1705563996075120555,D3:F4:55:AB:96:20,-52
BLE,1705563996266783586,D3:F4:55:AB:96:20,-57
BLE,1705563996443422536,DF:DF:EE:00:00:04,-35
BLE,1705563996457037387,D3:F4:55:AB:96:20,-57
BLE,1705563996842177632,D3:F4:55:AB:96:20,-57
BLE,1705563997221735289,D3:F4:55:AB:96:20,-56
BLE,1705563997604153072,D3:F4:55:AB:96:20,-41
BLE,1705563997791403999,D3:F4:55:AB:96:20,-59
BLE,1705563997983713312,D3:F4:55:AB:96:20,-55
BLE,1705563998174442065,D3:F4:55:AB:96:20,-57
BLE,1705563998243162480,DF:A6:DC:DC:2E:81,-65
BLE,1705563998243189563,DF:DF:EE:00:00:01,-65
BLE,1705563998370771823,D3:F4:55:AB:96:20,-58
BLE,1705563998562611351,D3:F4:55:AB:96:20,-57
BLE,1705563998564023707,D3:F4:55:AB:96:20,-54
BLE,1705563999435973986,DF:DF:EE:00:00:04,-34
BLE,1705563999714794633,D3:F4:55:AB:96:20,-56
BLE,1705563999978638781,DF:DF:EE:00:00:04,-29
BLE,1705564000099182347,D3:F4:55:AB:96:20,-55
BLE,1705564000292494397,D3:F4:55:AB:96:20,-58
BLE,1705564000682111205,D3:F4:55:AB:96:20,-40
BLE,1705564000787078863,DF:A6:DC:DC:2E:81,-65
BLE,1705564000787112405,DF:DF:EE:00:00:01,-65
BLE,1705564000874312353,D3:F4:55:AB:96:20,-58
BLE,1705564000982991794,DF:DF:EE:00:00:04,-37
BLE,1705564001064917358,D3:F4:55:AB:96:20,-45
BLE,1705564001436524292,DF:DF:EE:00:00:04,-35
BLE,1705564001632261516,D3:F4:55:AB:96:20,-57
BLE,1705564001822846354,D3:F4:55:AB:96:20,-57
BLE,1705564002019910768,D3:F4:55:AB:96:20,-57
BLE,1705564002400511285,D3:F4:55:AB:96:20,-56
BLE,1705564002788151871,D3:F4:55:AB:96:20,-57
BLE,1705564003174706263,D3:F4:55:AB:96:20,-57
BLE,1705564003439936975,DF:DF:EE:00:00:04,-34
BLE,1705564003556707927,D3:F4:55:AB:96:20,-57
BLE,1705564003749401486,D3:F4:55:AB:96:20,-67
BLE,1705564003938944046,D3:F4:55:AB:96:20,-58
BLE,1705564004329101597,D3:F4:55:AB:96:20,-54
BLE,1705564004714963999,D3:F4:55:AB:96:20,-58
BLE,1705564004906829610,D3:F4:55:AB:96:20,-53
BLE,1705564004985361472,DF:DF:EE:00:00:04,-33
BLE,1705564005099977704,D3:F4:55:AB:96:20,-58
BLE,1705564005288466571,D3:F4:55:AB:96:20,-59
BLE,1705564005483265809,D3:F4:55:AB:96:20,-58
BLE,1705564005981827136,DF:DF:EE:00:00:04,-30
BLE,1705564006255826934,D3:F4:55:AB:96:20,-43
BLE,1705564006435023389,DF:DF:EE:00:00:04,-42
BLE,1705564006449504146,D3:F4:55:AB:96:20,-58
BLE,1705564006637953972,D3:F4:55:AB:96:20,-58
BLE,1705564006833177911,D3:F4:55:AB:96:20,-52
BLE,1705564006982890695,DF:DF:EE:00:00:04,-36
BLE,1705564007019235146,D3:F4:55:AB:96:20,-59
BLE,1705564007401872926,D3:F4:55:AB:96:20,-58
BLE,1705564007444443582,DF:DF:EE:00:00:04,-36
BLE,1705564007596316294,D3:F4:55:AB:96:20,-56
BLE,1705564007791063740,D3:F4:55:AB:96:20,-54
BLE,1705564008178008252,D3:F4:55:AB:96:20,-56
BLE,1705564008368488341,D3:F4:55:AB:96:20,-59
BLE,1705564008444404156,DF:DF:EE:00:00:04,-35
BLE,1705564008565574130,D3:F4:55:AB:96:20,-56
BLE,1705564008753549879,D3:F4:55:AB:96:20,-57
BLE,1705564008983730206,DF:DF:EE:00:00:04,-36
BLE,1705564009148403864,D3:F4:55:AB:96:20,-56
BLE,1705564009534734676,D3:F4:55:AB:96:20,-56
BLE,1705564009720110587,D3:F4:55:AB:96:20,-60
BLE,1705564009982484130,DF:DF:EE:00:00:04,-39
BLE,1705564010115062403,D3:F4:55:AB:96:20,-58
BLE,1705564010310126845,D3:F4:55:AB:96:20,-56
BLE,1705564010438205015,DF:DF:EE:00:00:04,-34
BLE,1705564010504201301,D3:F4:55:AB:96:20,-57
BLE,1705564010701228716,D3:F4:55:AB:96:20,-41
BLE,1705564010888528516,D3:F4:55:AB:96:20,-44
BLE,1705564010959645315,DF:A6:DC:DC:2E:81,-65
BLE,1705564010959679356,DF:DF:EE:00:00:01,-65
BLE,1705564010982327081,DF:DF:EE:00:00:04,-35
BLE,1705564011082170436,D3:F4:55:AB:96:20,-58
BLE,1705564011275125908,D3:F4:55:AB:96:20,-57
BLE,1705564011446284309,DF:DF:EE:00:00:04,-39
BLE,1705564011856455913,D3:F4:55:AB:96:20,-59
BLE,1705564012054396773,D3:F4:55:AB:96:20,-58
BLE,1705564012437286008,DF:DF:EE:00:00:04,-39
BLE,1705564012630812055,D3:F4:55:AB:96:20,-54
BLE,1705564012826722443,D3:F4:55:AB:96:20,-58
BLE,1705564012980994664,DF:DF:EE:00:00:04,-36
BLE,1705564013206243226,D3:F4:55:AB:96:20,-57
BLE,1705564013396148990,D3:F4:55:AB:96:20,-56
BLE,1705564013437227583,DF:DF:EE:00:00:04,-36
BLE,1705564013775970518,D3:F4:55:AB:96:20,-54
BLE,1705564013965991863,D3:F4:55:AB:96:20,-58
BLE,1705564014158391009,D3:F4:55:AB:96:20,-54
BLE,1705564014353809113,D3:F4:55:AB:96:20,-58
BLE,1705564014437448737,DF:DF:EE:00:00:04,-39
BLE,1705564014739720139,D3:F4:55:AB:96:20,-59
BLE,1705564015323860647,D3:F4:55:AB:96:20,-59
BLE,1705564015437356353,DF:DF:EE:00:00:04,-34
BLE,1705564015713504788,D3:F4:55:AB:96:20,-45
BLE,1705564016101239622,D3:F4:55:AB:96:20,-57
BLE,1705564016288697628,D3:F4:55:AB:96:20,-53
BLE,1705564016441221748,DF:DF:EE:00:00:04,-40
BLE,1705564016981488326,DF:DF:EE:00:00:04,-23
BLE,1705564017053717609,D3:F4:55:AB:96:20,-59
BLE,1705564017249319002,D3:F4:55:AB:96:20,-58
BLE,1705564017435692149,D3:F4:55:AB:96:20,-58
BLE,1705564017444619357,DF:DF:EE:00:00:04,-36
BLE,1705564017819761492,D3:F4:55:AB:96:20,-57
BLE,1705564017981917269,DF:DF:EE:00:00:04,-36
BLE,1705564018015324344,D3:F4:55:AB:96:20,-57
BLE,1705564018207750698,D3:F4:55:AB:96:20,-40
BLE,1705564018403698294,D3:F4:55:AB:96:20,-57
BLE,1705564018437561071,DF:DF:EE:00:00:04,-35
BLE,1705564018439257298,DF:DF:EE:00:00:04,-39
BLE,1705564018586237453,DF:A6:DC:DC:2E:81,-64
BLE,1705564018586253744,DF:DF:EE:00:00:01,-64
BLE,1705564018593555101,D3:F4:55:AB:96:20,-45
BLE,1705564018979463752,DF:DF:EE:00:00:04,-39
BLE,1705564018980982106,D3:F4:55:AB:96:20,-58
BLE,1705564019367856702,D3:F4:55:AB:96:20,-58
BLE,1705564019438704754,DF:DF:EE:00:00:04,-35
BLE,1705564019559091697,D3:F4:55:AB:96:20,-55
BLE,1705564019950650686,D3:F4:55:AB:96:20,-58
BLE,1705564019981164968,DF:DF:EE:00:00:04,-34
BLE,1705564020142741045,D3:F4:55:AB:96:20,-54
BLE,1705564020332771474,D3:F4:55:AB:96:20,-58
BLE,1705564020437067892,DF:DF:EE:00:00:04,-36
BLE,1705564020977546384,DF:DF:EE:00:00:04,-38
BLE,1705564021675018767,D3:F4:55:AB:96:20,-45
BLE,1705564021866785630,D3:F4:55:AB:96:20,-57
BLE,1705564022064465786,D3:F4:55:AB:96:20,-58
BLE,1705564022253763100,D3:F4:55:AB:96:20,-53
BLE,1705564022434394827,DF:DF:EE:00:00:04,-29
BLE,1705564022445794834,D3:F4:55:AB:96:20,-58
BLE,1705564022632428686,D3:F4:55:AB:96:20,-60
BLE,1705564022977993650,DF:DF:EE:00:00:04,-36
BLE,1705564023412760578,D3:F4:55:AB:96:20,-52
BLE,1705564023438257596,DF:DF:EE:00:00:04,-39
BLE,1705564023798459440,D3:F4:55:AB:96:20,-57
BLE,1705564023986033487,D3:F4:55:AB:96:20,-58
BLE,1705564024181750836,D3:F4:55:AB:96:20,-63
BLE,1705564024367797238,D3:F4:55:AB:96:20,-43
BLE,1705564024557484921,D3:F4:55:AB:96:20,-55
BLE,1705564024945365712,D3:F4:55:AB:96:20,-58
BLE,1705564024949962856,DF:A6:DC:DC:2E:81,-75
BLE,1705564024949974606,DF:DF:EE:00:00:01,-75
BLE,1705564025135843926,D3:F4:55:AB:96:20,-57
BLE,1705564025330463374,D3:F4:55:AB:96:20,-56
BLE,1705564025442038108,DF:DF:EE:00:00:04,-40
BLE,1705564025518049171,D3:F4:55:AB:96:20,-57
BLE,1705564025519478443,D3:F4:55:AB:96:20,-54
BLE,1705564025709703827,D3:F4:55:AB:96:20,-57
BLE,1705564025975707528,DF:DF:EE:00:00:04,-35
BLE,1705564025977095217,DF:DF:EE:00:00:04,-39
BLE,1705564026293432507,D3:F4:55:AB:96:20,-56
BLE,1705564026438775768,DF:DF:EE:00:00:04,-34
BLE,1705564026481507422,D3:F4:55:AB:96:20,-58
BLE,1705564026677731764,D3:F4:55:AB:96:20,-52
BLE,1705564026872713249,D3:F4:55:AB:96:20,-56
BLE,1705564027253856633,D3:F4:55:AB:96:20,-56
BLE,1705564027444854007,DF:DF:EE:00:00:04,-40
BLE,1705564027448261251,D3:F4:55:AB:96:20,-43
BLE,1705564027493745033,DF:A6:DC:DC:2E:81,-64
BLE,1705564027493757282,DF:DF:EE:00:00:01,-64
BLE,1705564027975524803,DF:DF:EE:00:00:04,-36
BLE,1705564028015068792,D3:F4:55:AB:96:20,-57
BLE,1705564028443312811,DF:DF:EE:00:00:04,-34
BLE,1705564028444696666,DF:DF:EE:00:00:04,-35
BLE,1705564028980844428,DF:DF:EE:00:00:04,-8
BLE,1705564029357603040,D3:F4:55:AB:96:20,-56
BLE,1705564029435445203,DF:DF:EE:00:00:04,-36
BLE,1705564029980034971,DF:DF:EE:00:00:04,-36
BLE,1705564030038735901,DF:A6:DC:DC:2E:81,-64
BLE,1705564030038769484,DF:DF:EE:00:00:01,-64
BLE,1705564030314995459,D3:F4:55:AB:96:20,-56
BLE,1705564030890165133,D3:F4:55:AB:96:20,-59
BLE,1705564031080309019,D3:F4:55:AB:96:20,-56
BLE,1705564031276247740,D3:F4:55:AB:96:20,-58
BLE,1705564031442134048,DF:DF:EE:00:00:04,-36
BLE,1705564031980084159,DF:DF:EE:00:00:04,-35
BLE,1705564032427853696,D3:F4:55:AB:96:20,-45
BLE,1705564032617992582,D3:F4:55:AB:96:20,-56
BLE,1705564032805481463,D3:F4:55:AB:96:20,-57
BLE,1705564032999663084,D3:F4:55:AB:96:20,-57
BLE,1705564033188884525,D3:F4:55:AB:96:20,-58
BLE,1705564033381484668,D3:F4:55:AB:96:20,-52
BLE,1705564033571740844,D3:F4:55:AB:96:20,-68
BLE,1705564033766201669,D3:F4:55:AB:96:20,-52
BLE,1705564033961380943,D3:F4:55:AB:96:20,-45
BLE,1705564034155798394,D3:F4:55:AB:96:20,-59
BLE,1705564034542648824,D3:F4:55:AB:96:20,-45
BLE,1705564034933200327,D3:F4:55:AB:96:20,-56
BLE,1705564035311803080,D3:F4:55:AB:96:20,-54
BLE,1705564035444439061,DF:DF:EE:00:00:04,-36
BLE,1705564035882612440,D3:F4:55:AB:96:20,-57
BLE,1705564035982742542,DF:DF:EE:00:00:04,-35
BLE,1705564036262920170,D3:F4:55:AB:96:20,-41
BLE,1705564036403470873,DF:A6:DC:DC:2E:81,-70
BLE,1705564036403500331,DF:DF:EE:00:00:01,-70
BLE,1705564036438366136,DF:DF:EE:00:00:04,-39
BLE,1705564036648028874,D3:F4:55:AB:96:20,-56
BLE,1705564036845248452,D3:F4:55:AB:96:20,-67
BLE,1705564036980582604,DF:DF:EE:00:00:04,-40
BLE,1705564037418455279,D3:F4:55:AB:96:20,-43
BLE,1705564037608326710,D3:F4:55:AB:96:20,-56
BLE,1705564037801070602,D3:F4:55:AB:96:20,-58
BLE,1705564037982117531,DF:DF:EE:00:00:04,-34
BLE,1705564038184027752,D3:F4:55:AB:96:20,-57
BLE,1705564038445578474,DF:DF:EE:00:00:04,-39
BLE,1705564038949427811,DF:A6:DC:DC:2E:81,-64
BLE,1705564038949464936,DF:DF:EE:00:00:01,-64
BLE,1705564038975274534,DF:DF:EE:00:00:04,-36
BLE,1705564039132468630,D3:F4:55:AB:96:20,-54
BLE,1705564039441545771,DF:DF:EE:00:00:04,-34
BLE,1705564039512306282,D3:F4:55:AB:96:20,-53
BLE,1705564039704077145,D3:F4:55:AB:96:20,-56
BLE,1705564039891547443,D3:F4:55:AB:96:20,-58
BLE,1705564039976909459,DF:DF:EE:00:00:04,-40
BLE,1705564040656835045,D3:F4:55:AB:96:20,-58
BLE,1705564040855448730,D3:F4:55:AB:96:20,-56
BLE,1705564040979582162,DF:DF:EE:00:00:04,-34
BLE,1705564041042909694,D3:F4:55:AB:96:20,-57
BLE,1705564041235775251,D3:F4:55:AB:96:20,-58
BLE,1705564041422704181,D3:F4:55:AB:96:20,-58
BLE,1705564041619026064,D3:F4:55:AB:96:20,-41
BLE,1705564041805303712,D3:F4:55:AB:96:20,-53
BLE,1705564042197128197,D3:F4:55:AB:96:20,-56
BLE,1705564042438166289,DF:DF:EE:00:00:04,-29
BLE,1705564042583030599,D3:F4:55:AB:96:20,-42
BLE,1705564042771758338,D3:F4:55:AB:96:20,-57
BLE,1705564042962658129,D3:F4:55:AB:96:20,-56
BLE,1705564042972797696,DF:DF:EE:00:00:04,-20
BLE,1705564043437673411,DF:DF:EE:00:00:04,-39
BLE,1705564043536428615,D3:F4:55:AB:96:20,-57
BLE,1705564043730508862,D3:F4:55:AB:96:20,-52
BLE,1705564043923528500,D3:F4:55:AB:96:20,-59
BLE,1705564043975335943,DF:DF:EE:00:00:04,-35
BLE,1705564044312484608,D3:F4:55:AB:96:20,-56
BLE,1705564044694257026,D3:F4:55:AB:96:20,-55
BLE,1705564044887317162,D3:F4:55:AB:96:20,-59
BLE,1705564045081766363,D3:F4:55:AB:96:20,-58
BLE,1705564045442909610,DF:DF:EE:00:00:04,-28
BLE,1705564045655561140,D3:F4:55:AB:96:20,-68
BLE,1705564045848775858,D3:F4:55:AB:96:20,-57
BLE,1705564045975393839,DF:DF:EE:00:00:04,-36
BLE,1705564046238048962,D3:F4:55:AB:96:20,-57
BLE,1705564046431770923,D3:F4:55:AB:96:20,-64
BLE,1705564046441309915,DF:DF:EE:00:00:04,-35
BLE,1705564046822926126,D3:F4:55:AB:96:20,-57
BLE,1705564046978331455,DF:DF:EE:00:00:04,-35
BLE,1705564047013000388,D3:F4:55:AB:96:20,-45
BLE,1705564047208155203,D3:F4:55:AB:96:20,-57
BLE,1705564047400631473,D3:F4:55:AB:96:20,-41
BLE,1705564047441165657,DF:DF:EE:00:00:04,-36
BLE,1705564047585873594,D3:F4:55:AB:96:20,-57
BLE,1705564047973060144,D3:F4:55:AB:96:20,-57
BLE,1705564047975004700,DF:DF:EE:00:00:04,-36
BLE,1705564048166581066,D3:F4:55:AB:96:20,-52
BLE,1705564048357950018,D3:F4:55:AB:96:20,-56
BLE,1705564048435615683,DF:DF:EE:00:00:04,-52
BLE,1705564048745406981,D3:F4:55:AB:96:20,-40
BLE,1705564048977734277,DF:DF:EE:00:00:04,-39
BLE,1705564049314418950,D3:F4:55:AB:96:20,-56
BLE,1705564049440370857,DF:DF:EE:00:00:04,-34
BLE,1705564049503131439,D3:F4:55:AB:96:20,-57
BLE,1705564049884252865,D3:F4:55:AB:96:20,-58
BLE,1705564049977770142,DF:DF:EE:00:00:04,-30
BLE,1705564050075564568,D3:F4:55:AB:96:20,-67
BLE,1705564050267438763,D3:F4:55:AB:96:20,-43
BLE,1705564050461366096,D3:F4:55:AB:96:20,-57
BLE,1705564050845951766,D3:F4:55:AB:96:20,-57
BLE,1705564050976286612,DF:DF:EE:00:00:04,-46
BLE,1705564051231823376,D3:F4:55:AB:96:20,-58
BLE,1705564051427909803,D3:F4:55:AB:96:20,-57
BLE,1705564051437434295,DF:DF:EE:00:00:04,-34
BLE,1705564051622564584,D3:F4:55:AB:96:20,-40
BLE,1705564051816514667,D3:F4:55:AB:96:20,-58
BLE,1705564051975334699,DF:DF:EE:00:00:04,-34
BLE,1705564052015528846,D3:F4:55:AB:96:20,-57
BLE,1705564052202168780,D3:F4:55:AB:96:20,-59
BLE,1705564052442821377,DF:DF:EE:00:00:04,-40
BLE,1705564052971846279,D3:F4:55:AB:96:20,-54
BLE,1705564052981718516,DF:DF:EE:00:00:04,-52
BLE,1705564053363328228,D3:F4:55:AB:96:20,-58
BLE,1705564053437957019,DF:DF:EE:00:00:04,-19
BLE,1705564054704641326,D3:F4:55:AB:96:20,-56
BLE,1705564054977766344,DF:DF:EE:00:00:04,-35
BLE,1705564055483589904,DF:A6:DC:DC:2E:81,-64
BLE,1705564055483632361,DF:DF:EE:00:00:01,-64
BLE,1705564055664625042,D3:F4:55:AB:96:20,-69
BLE,1705564056046881911,D3:F4:55:AB:96:20,-57
BLE,1705564056439086016,DF:DF:EE:00:00:04,-36
BLE,1705564056814215734,D3:F4:55:AB:96:20,-58
BLE,1705564056977503453,DF:DF:EE:00:00:04,-36
BLE,1705564057586412448,D3:F4:55:AB:96:20,-56
BLE,1705564057776445669,D3:F4:55:AB:96:20,-57
BLE,1705564057975716927,DF:DF:EE:00:00:04,-40
BLE,1705564058165973811,D3:F4:55:AB:96:20,-58
BLE,1705564058441402589,DF:DF:EE:00:00:04,-36
BLE,1705564058943124623,D3:F4:55:AB:96:20,-57
BLE,1705564059437081265,DF:DF:EE:00:00:04,-45
BLE,1705564059510230701,D3:F4:55:AB:96:20,-60
BLE,1705564059976028945,DF:DF:EE:00:00:04,-39
BLE,1705564060085350585,D3:F4:55:AB:96:20,-56
BLE,1705564060436710677,DF:DF:EE:00:00:04,-35
BLE,1705564060663360053,D3:F4:55:AB:96:20,-57
BLE,1705564060975219697,DF:DF:EE:00:00:04,-35
BLE,1705564061056428396,D3:F4:55:AB:96:20,-41
BLE,1705564061251944331,D3:F4:55:AB:96:20,-54
BLE,1705564061440654320,DF:DF:EE:00:00:04,-40
BLE,1705564061634304824,D3:F4:55:AB:96:20,-54
BLE,1705564061830653998,D3:F4:55:AB:96:20,-57
BLE,1705564062440642186,DF:DF:EE:00:00:04,-36
BLE,1705564062595426649,D3:F4:55:AB:96:20,-57
BLE,1705564062791783531,D3:F4:55:AB:96:20,-56
BLE,1705564062980350606,D3:F4:55:AB:96:20,-58
BLE,1705564063173288369,D3:F4:55:AB:96:20,-41
BLE,1705564063368279770,D3:F4:55:AB:96:20,-40
BLE,1705564063435526081,DF:DF:EE:00:00:04,-35
BLE,1705564063560730540,D3:F4:55:AB:96:20,-57
BLE,1705564063755942855,D3:F4:55:AB:96:20,-58
BLE,1705564063978766910,DF:DF:EE:00:00:04,-36
BLE,1705564064143508234,D3:F4:55:AB:96:20,-57
BLE,1705564064329936129,D3:F4:55:AB:96:20,-43
BLE,1705564064525216985,D3:F4:55:AB:96:20,-58
BLE,1705564064717650256,D3:F4:55:AB:96:20,-55
BLE,1705564065108160426,D3:F4:55:AB:96:20,-57
BLE,1705564065436207844,DF:DF:EE:00:00:04,-35
BLE,1705564065488450656,D3:F4:55:AB:96:20,-67
BLE,1705564066063611330,D3:F4:55:AB:96:20,-58
BLE,1705564066446169903,D3:F4:55:AB:96:20,-58
BLE,1705564066640021904,D3:F4:55:AB:96:20,-57
BLE,1705564066828895224,D3:F4:55:AB:96:20,-53
BLE,1705564066937093254,DF:A6:DC:DC:2E:81,-64
BLE,1705564066937131587,DF:DF:EE:00:00:01,-64
BLE,1705564067208666544,D3:F4:55:AB:96:20,-43
BLE,1705564067402207299,D3:F4:55:AB:96:20,-58
BLE,1705564067439765816,DF:DF:EE:00:00:04,-35
BLE,1705564067593394587,D3:F4:55:AB:96:20,-57
BLE,1705564067787658540,D3:F4:55:AB:96:20,-42
BLE,1705564067975800996,D3:F4:55:AB:96:20,-58
BLE,1705564068439971679,DF:DF:EE:00:00:04,-40
BLE,1705564068550401303,D3:F4:55:AB:96:20,-58
BLE,1705564068736256749,D3:F4:55:AB:96:20,-44
BLE,1705564068935074555,D3:F4:55:AB:96:20,-57
BLE,1705564069122861474,D3:F4:55:AB:96:20,-57
BLE,1705564069441081737,DF:DF:EE:00:00:04,-35
BLE,1705564069506534531,D3:F4:55:AB:96:20,-58
BLE,1705564069507729014,D3:F4:55:AB:96:20,-45
BLE,1705564069699614251,D3:F4:55:AB:96:20,-58
BLE,1705564069892276018,D3:F4:55:AB:96:20,-54
BLE,1705564070085896397,D3:F4:55:AB:96:20,-58
BLE,1705564070439422292,DF:DF:EE:00:00:04,-40
BLE,1705564070855040862,D3:F4:55:AB:96:20,-57
BLE,1705564070976850577,DF:DF:EE:00:00:04,-38
BLE,1705564071244848709,D3:F4:55:AB:96:20,-56
BLE,1705564071437657932,DF:DF:EE:00:00:04,-36
BLE,1705564071819627430,D3:F4:55:AB:96:20,-59
BLE,1705564072205922743,D3:F4:55:AB:96:20,-57
BLE,1705564072400013323,D3:F4:55:AB:96:20,-58
BLE,1705564072437693714,DF:DF:EE:00:00:04,-36
BLE,1705564072593544078,D3:F4:55:AB:96:20,-56
BLE,1705564072788250275,D3:F4:55:AB:96:20,-57
BLE,1705564072977767461,DF:DF:EE:00:00:04,-37
BLE,1705564073166385910,D3:F4:55:AB:96:20,-57
BLE,1705564073554920108,D3:F4:55:AB:96:20,-59
BLE,1705564073748264074,D3:F4:55:AB:96:20,-58
BLE,1705564073937962299,D3:F4:55:AB:96:20,-60
BLE,1705564073975522733,DF:DF:EE:00:00:04,-40
BLE,1705564074133510193,D3:F4:55:AB:96:20,-41
BLE,1705564074432123230,DF:DF:EE:00:00:04,-35
BLE,1705564074519479093,D3:F4:55:AB:96:20,-58
BLE,1705564074714178832,D3:F4:55:AB:96:20,-57
BLE,1705564074905196872,D3:F4:55:AB:96:20,-59
BLE,1705564074975629055,DF:DF:EE:00:00:04,-9
BLE,1705564075098986791,D3:F4:55:AB:96:20,-57
BLE,1705564075294363187,D3:F4:55:AB:96:20,-56
BLE,1705564075678663527,D3:F4:55:AB:96:20,-54
BLE,1705564075870121311,D3:F4:55:AB:96:20,-57
BLE,1705564075977451354,DF:DF:EE:00:00:04,-39
BLE,1705564076059680705,D3:F4:55:AB:96:20,-40
BLE,1705564076254908686,D3:F4:55:AB:96:20,-58
BLE,1705564076431707633,DF:DF:EE:00:00:04,-36
BLE,1705564076448358859,D3:F4:55:AB:96:20,-57
BLE,1705564076638429746,D3:F4:55:AB:96:20,-57
BLE,1705564076829297997,D3:F4:55:AB:96:20,-57
BLE,1705564076975634369,DF:DF:EE:00:00:04,-34
BLE,1705564077015999305,D3:F4:55:AB:96:20,-59
BLE,1705564077133025629,DF:A6:DC:DC:2E:81,-63
BLE,1705564077133040754,DF:DF:EE:00:00:01,-63
BLE,1705564077210797126,D3:F4:55:AB:96:20,-58
BLE,1705564077401919415,D3:F4:55:AB:96:20,-57
BLE,1705564077433967217,DF:DF:EE:00:00:04,-49
BLE,1705564077590998982,D3:F4:55:AB:96:20,-56
BLE,1705564077785388517,D3:F4:55:AB:96:20,-58
BLE,1705564077974371669,DF:DF:EE:00:00:04,-35
BLE,1705564078358437804,D3:F4:55:AB:96:20,-58
BLE,1705564078547284125,D3:F4:55:AB:96:20,-58
BLE,1705564078936377648,D3:F4:55:AB:96:20,-54
BLE,1705564078976103427,DF:DF:EE:00:00:04,-35
BLE,1705564079128254385,D3:F4:55:AB:96:20,-58
BLE,1705564079439431705,DF:DF:EE:00:00:04,-40
BLE,1705564079510217299,D3:F4:55:AB:96:20,-52
BLE,1705564079979759866,DF:DF:EE:00:00:04,-22
BLE,1705564080083505958,D3:F4:55:AB:96:20,-55
BLE,1705564080437991715,DF:DF:EE:00:00:04,-34
BLE,1705564080462899201,D3:F4:55:AB:96:20,-58
BLE,1705564080654028739,D3:F4:55:AB:96:20,-57
BLE,1705564080958203991,DF:A6:DC:DC:2E:81,-65
BLE,1705564080958274615,DF:DF:EE:00:00:01,-65
BLE,1705564081044942571,D3:F4:55:AB:96:20,-54
BLE,1705564081240665045,D3:F4:55:AB:96:20,-58
BLE,1705564081430511810,D3:F4:55:AB:96:20,-57
BLE,1705564081437105135,DF:DF:EE:00:00:04,-38
BLE,1705564081622265673,D3:F4:55:AB:96:20,-58
BLE,1705564081809703680,D3:F4:55:AB:96:20,-60
BLE,1705564081981091245,DF:DF:EE:00:00:04,-45
BLE,1705564082008992522,D3:F4:55:AB:96:20,-73
BLE,1705564082395061587,D3:F4:55:AB:96:20,-58
BLE,1705564082439515175,DF:DF:EE:00:00:04,-35
BLE,1705564082963154902,D3:F4:55:AB:96:20,-45
BLE,1705564083350326869,D3:F4:55:AB:96:20,-56
BLE,1705564083498074180,DF:A6:DC:DC:2E:81,-65
BLE,1705564083498136596,DF:DF:EE:00:00:01,-65
BLE,1705564083978772841,DF:DF:EE:00:00:04,-36
BLE,1705564084119776163,D3:F4:55:AB:96:20,-58
BLE,1705564084310496082,D3:F4:55:AB:96:20,-58
BLE,1705564084434700806,DF:DF:EE:00:00:04,-39
BLE,1705564084501254793,D3:F4:55:AB:96:20,-56
BLE,1705564084975020342,DF:DF:EE:00:00:04,-40
BLE,1705564085269946889,D3:F4:55:AB:96:20,-58
BLE,1705564085438629366,DF:DF:EE:00:00:04,-36
BLE,1705564085459189954,D3:F4:55:AB:96:20,-57
BLE,1705564085652163967,D3:F4:55:AB:96:20,-57
BLE,1705564085981112622,DF:DF:EE:00:00:04,-50
BLE,1705564086040153339,DF:A6:DC:DC:2E:81,-64
BLE,1705564086040180922,DF:DF:EE:00:00:01,-64
BLE,1705564086234641456,D3:F4:55:AB:96:20,-42
BLE,1705564086616157544,D3:F4:55:AB:96:20,-52
BLE,1705564086806134265,D3:F4:55:AB:96:20,-57
BLE,1705564086973463261,DF:DF:EE:00:00:04,-35
BLE,1705564086995309456,D3:F4:55:AB:96:20,-54
BLE,1705564087187054069,D3:F4:55:AB:96:20,-57
BLE,1705564087382572213,D3:F4:55:AB:96:20,-52
BLE,1705564087441967675,DF:DF:EE:00:00:04,-36
BLE,1705564088156121992,D3:F4:55:AB:96:20,-57
BLE,1705564088353774231,D3:F4:55:AB:96:20,-56
BLE,1705564088435021054,DF:DF:EE:00:00:04,-38
BLE,1705564088545066226,D3:F4:55:AB:96:20,-40
BLE,1705564088585229748,DF:A6:DC:DC:2E:81,-69
BLE,1705564088585239289,DF:DF:EE:00:00:01,-69
BLE,1705564088929180235,D3:F4:55:AB:96:20,-54
BLE,1705564088975003387,DF:DF:EE:00:00:04,-36
BLE,1705564089122843155,D3:F4:55:AB:96:20,-57
BLE,1705564089316752363,D3:F4:55:AB:96:20,-58
BLE,1705564089507452700,D3:F4:55:AB:96:20,-58
BLE,1705564089698962816,D3:F4:55:AB:96:20,-57
BLE,1705564089889432989,D3:F4:55:AB:96:20,-68
BLE,1705564089973382858,DF:DF:EE:00:00:04,-39
BLE,1705564090434800705,DF:DF:EE:00:00:04,-34
BLE,1705564090656332360,D3:F4:55:AB:96:20,-57
BLE,1705564090853972433,D3:F4:55:AB:96:20,-44
BLE,1705564090973231934,DF:DF:EE:00:00:04,-34
BLE,1705564091049890988,D3:F4:55:AB:96:20,-56
BLE,1705564091245877084,D3:F4:55:AB:96:20,-54
BLE,1705564091439622169,DF:DF:EE:00:00:04,-35
BLE,1705564091441299563,D3:F4:55:AB:96:20,-58
BLE,1705564091638394435,D3:F4:55:AB:96:20,-56
BLE,1705564091830567000,D3:F4:55:AB:96:20,-55
BLE,1705564092212402500,D3:F4:55:AB:96:20,-54
BLE,1705564092409558788,DF:A6:DC:DC:2E:81,-64
BLE,1705564092409620329,DF:DF:EE:00:00:01,-64
BLE,1705564092436972363,DF:DF:EE:00:00:04,-36
BLE,1705564092793888920,D3:F4:55:AB:96:20,-44
BLE,1705564092977583229,DF:DF:EE:00:00:04,-36
BLE,1705564093371912887,D3:F4:55:AB:96:20,-58
BLE,1705564093436405737,DF:DF:EE:00:00:04,-22
BLE,1705564093558086245,D3:F4:55:AB:96:20,-57
BLE,1705564093748878622,D3:F4:55:AB:96:20,-41
BLE,1705564093937138826,D3:F4:55:AB:96:20,-59
BLE,1705564094131358530,D3:F4:55:AB:96:20,-58
BLE,1705564094440219049,DF:DF:EE:00:00:04,-36
BLE,1705564094513931269,D3:F4:55:AB:96:20,-56
BLE,1705564094702354679,D3:F4:55:AB:96:20,-58
BLE,1705564094899025182,D3:F4:55:AB:96:20,-56
BLE,1705564094976688180,DF:DF:EE:00:00:04,-35
BLE,1705564095284652587,D3:F4:55:AB:96:20,-57
BLE,1705564095436315927,DF:DF:EE:00:00:04,-40
BLE,1705564095861236408,D3:F4:55:AB:96:20,-56
BLE,1705564095980184913,DF:DF:EE:00:00:04,-34
BLE,1705564096434024241,DF:DF:EE:00:00:04,-30
BLE,1705564096977718272,DF:DF:EE:00:00:04,-34
BLE,1705564097015745115,D3:F4:55:AB:96:20,-41
BLE,1705564097980627221,DF:DF:EE:00:00:04,-39
BLE,1705564098936637909,D3:F4:55:AB:96:20,-65
BLE,1705564098977250175,DF:DF:EE:00:00:04,-35
BLE,1705564099130160706,D3:F4:55:AB:96:20,-58
BLE,1705564099321545491,D3:F4:55:AB:96:20,-45
BLE,1705564099512795778,D3:F4:55:AB:96:20,-56
BLE,1705564099700288784,D3:F4:55:AB:96:20,-59
BLE,1705564099892867719,D3:F4:55:AB:96:20,-58
BLE,1705564099976682507,DF:DF:EE:00:00:04,-35
BLE,1705564100434235199,DF:DF:EE:00:00:04,-39
BLE,1705564100477804257,D3:F4:55:AB:96:20,-57
BLE,1705564100666576871,D3:F4:55:AB:96:20,-58
BLE,1705564101444119968,D3:F4:55:AB:96:20,-57
BLE,1705564101633664862,D3:F4:55:AB:96:20,-57
BLE,1705564101977747431,DF:DF:EE:00:00:04,-36
BLE,1705564102016524639,D3:F4:55:AB:96:20,-43
BLE,1705564102213402098,D3:F4:55:AB:96:20,-58
BLE,1705564102410744008,D3:F4:55:AB:96:20,-52
BLE,1705564102602409664,D3:F4:55:AB:96:20,-60
BLE,1705564102987038250,D3:F4:55:AB:96:20,-57
BLE,1705564103178158955,D3:F4:55:AB:96:20,-57
BLE,1705564103365877917,D3:F4:55:AB:96:20,-58
BLE,1705564103762109049,D3:F4:55:AB:96:20,-53
BLE,1705564103859191484,DF:A6:DC:DC:2E:81,-51
BLE,1705564103859207734,DF:DF:EE:00:00:01,-51
BLE,1705564103951627485,D3:F4:55:AB:96:20,-57
BLE,1705564103971354751,DF:DF:EE:00:00:04,-35
BLE,1705564104148188323,D3:F4:55:AB:96:20,-58
BLE,1705564104336505276,D3:F4:55:AB:96:20,-57
BLE,1705564104531017600,D3:F4:55:AB:96:20,-56
BLE,1705564104718555189,D3:F4:55:AB:96:20,-57
BLE,1705564104910793504,D3:F4:55:AB:96:20,-52
BLE,1705564104978118938,DF:DF:EE:00:00:04,-40
BLE,1705564105096803447,D3:F4:55:AB:96:20,-59
BLE,1705564105295777418,D3:F4:55:AB:96:20,-57
BLE,1705564105439259414,DF:DF:EE:00:00:04,-35
BLE,1705564105684155785,D3:F4:55:AB:96:20,-60
BLE,1705564105978197969,DF:DF:EE:00:00:04,-35
BLE,1705564106075110741,D3:F4:55:AB:96:20,-55
BLE,1705564106435709746,DF:DF:EE:00:00:04,-36
BLE,1705564106464447177,D3:F4:55:AB:96:20,-57
BLE,1705564106653683743,D3:F4:55:AB:96:20,-57
BLE,1705564106973098948,DF:DF:EE:00:00:04,-36
BLE,1705564107042463479,D3:F4:55:AB:96:20,-40
BLE,1705564107978142117,DF:DF:EE:00:00:04,-35
BLE,1705564107995633956,D3:F4:55:AB:96:20,-58
BLE,1705564108183197003,D3:F4:55:AB:96:20,-43
BLE,1705564108437423244,DF:DF:EE:00:00:04,-35
BLE,1705564108761041015,D3:F4:55:AB:96:20,-58
BLE,1705564108953475702,D3:F4:55:AB:96:20,-54
BLE,1705564108981171065,DF:DF:EE:00:00:04,-38
BLE,1705564109336457811,D3:F4:55:AB:96:20,-55
BLE,1705564109438846173,DF:DF:EE:00:00:04,-33
BLE,1705564109724210687,D3:F4:55:AB:96:20,-52
BLE,1705564109974844311,DF:DF:EE:00:00:04,-40
BLE,1705564110110539624,D3:F4:55:AB:96:20,-58
BLE,1705564110231559225,DF:A6:DC:DC:2E:81,-67
BLE,1705564110231570892,DF:DF:EE:00:00:01,-67
BLE,1705564110302955436,D3:F4:55:AB:96:20,-54
BLE,1705564110692909698,D3:F4:55:AB:96:20,-56
BLE,1705564110881258733,D3:F4:55:AB:96:20,-58
BLE,1705564110972744956,DF:DF:EE:00:00:04,-34
BLE,1705564111076746169,D3:F4:55:AB:96:20,-58
BLE,1705564111271655989,D3:F4:55:AB:96:20,-54
BLE,1705564111509119297,DF:A6:DC:DC:2E:81,-64
BLE,1705564111509137422,DF:DF:EE:00:00:01,-64
BLE,1705564111659277491,D3:F4:55:AB:96:20,-57
BLE,1705564111850032285,D3:F4:55:AB:96:20,-57
BLE,1705564111972340285,DF:DF:EE:00:00:04,-35
BLE,1705564111973932138,DF:DF:EE:00:00:04,-39
BLE,1705564112041893230,D3:F4:55:AB:96:20,-58
BLE,1705564112626155777,D3:F4:55:AB:96:20,-58
BLE,1705564112818702129,D3:F4:55:AB:96:20,-58
BLE,1705564113010761822,D3:F4:55:AB:96:20,-56
BLE,1705564113204740737,D3:F4:55:AB:96:20,-54
BLE,1705564113439212421,DF:DF:EE:00:00:04,-38
BLE,1705564113779534667,D3:F4:55:AB:96:20,-56
BLE,1705564113970905869,D3:F4:55:AB:96:20,-56
BLE,1705564114356400901,D3:F4:55:AB:96:20,-56
BLE,1705564114436958692,DF:DF:EE:00:00:04,-24
BLE,1705564114976016454,DF:DF:EE:00:00:04,-34
BLE,1705564115128268703,D3:F4:55:AB:96:20,-58
BLE,1705564115320916970,D3:F4:55:AB:96:20,-54
BLE,1705564115433193944,DF:DF:EE:00:00:04,-35
BLE,1705564115515774165,D3:F4:55:AB:96:20,-57
BLE,1705564115712722997,D3:F4:55:AB:96:20,-41
BLE,1705564115974272386,DF:DF:EE:00:00:04,-36
BLE,1705564116437445708,DF:DF:EE:00:00:04,-35
BLE,1705564116478987294,D3:F4:55:AB:96:20,-58
BLE,1705564116599449153,DF:A6:DC:DC:2E:81,-64
BLE,1705564116599483611,DF:DF:EE:00:00:01,-64
BLE,1705564116664865406,D3:F4:55:AB:96:20,-58
BLE,1705564116971460290,DF:DF:EE:00:00:04,-39
BLE,1705564117048118886,D3:F4:55:AB:96:20,-57
BLE,1705564117242752584,D3:F4:55:AB:96:20,-58
BLE,1705564117431737278,D3:F4:55:AB:96:20,-53
BLE,1705564117437890859,DF:DF:EE:00:00:04,-35
BLE,1705564117625895483,D3:F4:55:AB:96:20,-57
BLE,1705564117814181894,D3:F4:55:AB:96:20,-53
BLE,1705564117970653917,DF:DF:EE:00:00:04,-35
BLE,1705564118011265933,D3:F4:55:AB:96:20,-65
BLE,1705564118203941575,D3:F4:55:AB:96:20,-56
BLE,1705564118396289138,D3:F4:55:AB:96:20,-68
BLE,1705564118435941293,DF:DF:EE:00:00:04,-45
BLE,1705564118594633160,D3:F4:55:AB:96:20,-57
BLE,1705564118781749213,D3:F4:55:AB:96:20,-59
BLE,1705564118974362939,DF:DF:EE:00:00:04,-39
BLE,1705564119175760251,D3:F4:55:AB:96:20,-53
BLE,1705564119366458254,D3:F4:55:AB:96:20,-57
BLE,1705564119430176405,DF:DF:EE:00:00:04,-34
BLE,1705564119561459613,D3:F4:55:AB:96:20,-56
BLE,1705564119748371252,D3:F4:55:AB:96:20,-59
BLE,1705564119972153543,DF:DF:EE:00:00:04,-19
BLE,1705564120143397526,D3:F4:55:AB:96:20,-41
BLE,1705564120329388553,D3:F4:55:AB:96:20,-59
BLE,1705564120527102500,D3:F4:55:AB:96:20,-41
BLE,1705564120912369952,D3:F4:55:AB:96:20,-57
BLE,1705564120976023896,DF:DF:EE:00:00:04,-45
BLE,1705564121298346894,D3:F4:55:AB:96:20,-43
BLE,1705564121434152039,DF:DF:EE:00:00:04,-34
BLE,1705564121495770595,D3:F4:55:AB:96:20,-56
BLE,1705564121973260092,DF:DF:EE:00:00:04,-36
BLE,1705564122076995560,D3:F4:55:AB:96:20,-57
BLE,1705564122265653216,D3:F4:55:AB:96:20,-57
BLE,1705564122432011351,DF:DF:EE:00:00:04,-36
BLE,1705564122647902252,D3:F4:55:AB:96:20,-59
BLE,1705564122845711197,D3:F4:55:AB:96:20,-56
BLE,1705564122973808241,DF:DF:EE:00:00:04,-34
BLE,1705564123035124260,D3:F4:55:AB:96:20,-58
BLE,1705564123229708625,D3:F4:55:AB:96:20,-57
BLE,1705564123424162076,D3:F4:55:AB:96:20,-56
BLE,1705564123437620388,DF:DF:EE:00:00:04,-30
BLE,1705564123619752427,D3:F4:55:AB:96:20,-58
BLE,1705564123975448125,DF:DF:EE:00:00:04,-35
BLE,1705564124012370360,D3:F4:55:AB:96:20,-64
BLE,1705564124208292373,D3:F4:55:AB:96:20,-56
BLE,1705564124224259733,DF:A6:DC:DC:2E:81,-65
BLE,1705564124224274650,DF:DF:EE:00:00:01,-65
BLE,1705564124439738390,DF:DF:EE:00:00:04,-40
BLE,1705564124597748933,D3:F4:55:AB:96:20,-58
BLE,1705564124785142899,D3:F4:55:AB:96:20,-59
BLE,1705564124979508726,DF:DF:EE:00:00:04,-39
BLE,1705564124981853484,D3:F4:55:AB:96:20,-57
BLE,1705564125367555305,D3:F4:55:AB:96:20,-57
BLE,1705564125434800616,DF:DF:EE:00:00:04,-39
BLE,1705564125553196212,D3:F4:55:AB:96:20,-59
BLE,1705564125944584995,D3:F4:55:AB:96:20,-56
BLE,1705564126138542328,D3:F4:55:AB:96:20,-58
BLE,1705564126429691928,DF:DF:EE:00:00:04,-34
BLE,1705564126524859557,D3:F4:55:AB:96:20,-56
BLE,1705564126764885204,DF:A6:DC:DC:2E:81,-66
BLE,1705564126764950120,DF:DF:EE:00:00:01,-66
BLE,1705564126908660321,D3:F4:55:AB:96:20,-55
BLE,1705564126969694760,DF:DF:EE:00:00:04,-34
BLE,1705564127293266990,D3:F4:55:AB:96:20,-56
BLE,1705564127482360141,D3:F4:55:AB:96:20,-58
BLE,1705564127679578594,D3:F4:55:AB:96:20,-58
BLE,1705564127871612162,D3:F4:55:AB:96:20,-53
BLE,1705564128061970795,D3:F4:55:AB:96:20,-58
BLE,1705564128438339163,D3:F4:55:AB:96:20,-54
BLE,1705564128828421380,D3:F4:55:AB:96:20,-58
BLE,1705564128974125429,DF:DF:EE:00:00:04,-34
BLE,1705564129210226922,D3:F4:55:AB:96:20,-52
BLE,1705564129398443127,D3:F4:55:AB:96:20,-58
BLE,1705564129439722634,DF:DF:EE:00:00:04,-40
BLE,1705564129979046517,DF:DF:EE:00:00:04,-40
BLE,1705564130170566050,D3:F4:55:AB:96:20,-41
BLE,1705564130364694505,D3:F4:55:AB:96:20,-59
BLE,1705564130437133285,DF:DF:EE:00:00:04,-34
BLE,1705564130594104634,DF:A6:DC:DC:2E:81,-65
BLE,1705564130594144550,DF:DF:EE:00:00:01,-65
BLE,1705564130747297703,D3:F4:55:AB:96:20,-59
BLE,1705564130942399894,D3:F4:55:AB:96:20,-57
BLE,1705564130973311421,DF:DF:EE:00:00:04,-34
BLE,1705564131130315728,D3:F4:55:AB:96:20,-59
BLE,1705564131326217533,D3:F4:55:AB:96:20,-57
BLE,1705564131432144720,DF:DF:EE:00:00:04,-36
BLE,1705564131517028784,D3:F4:55:AB:96:20,-58
BLE,1705564131902420901,D3:F4:55:AB:96:20,-56
BLE,1705564131977197398,DF:DF:EE:00:00:04,-40
BLE,1705564132092775992,D3:F4:55:AB:96:20,-58
BLE,1705564132281125570,D3:F4:55:AB:96:20,-59
BLE,1705564132667245801,D3:F4:55:AB:96:20,-54
BLE,1705564133061672959,D3:F4:55:AB:96:20,-58
BLE,1705564133255436544,D3:F4:55:AB:96:20,-56
BLE,1705564133432530487,DF:DF:EE:00:00:04,-35
BLE,1705564133447958063,D3:F4:55:AB:96:20,-57
BLE,1705564133645761634,D3:F4:55:AB:96:20,-56
BLE,1705564133830887381,D3:F4:55:AB:96:20,-43
BLE,1705564133969763275,DF:DF:EE:00:00:04,-35
BLE,1705564134027569592,D3:F4:55:AB:96:20,-58
BLE,1705564134612452589,D3:F4:55:AB:96:20,-58
BLE,1705564134801502865,D3:F4:55:AB:96:20,-54
BLE,1705564134993265228,D3:F4:55:AB:96:20,-56
BLE,1705564135180465030,D3:F4:55:AB:96:20,-48
BLE,1705564135369685845,D3:F4:55:AB:96:20,-45
BLE,1705564135431181820,DF:DF:EE:00:00:04,-35
BLE,1705564135697455809,DF:A6:DC:DC:2E:81,-64
BLE,1705564135697493267,DF:DF:EE:00:00:01,-64
BLE,1705564135758755994,D3:F4:55:AB:96:20,-57
BLE,1705564135949955948,D3:F4:55:AB:96:20,-58
BLE,1705564135971692562,DF:DF:EE:00:00:04,-35
BLE,1705564136532203732,D3:F4:55:AB:96:20,-58
BLE,1705564136727268883,D3:F4:55:AB:96:20,-41
BLE,1705564137311458098,D3:F4:55:AB:96:20,-57
BLE,1705564137434388464,DF:DF:EE:00:00:04,-35
BLE,1705564137499794259,D3:F4:55:AB:96:20,-57
BLE,1705564137697552788,D3:F4:55:AB:96:20,-58
BLE,1705564137978662487,DF:DF:EE:00:00:04,-34
BLE,1705564138271869724,D3:F4:55:AB:96:20,-45
BLE,1705564138438866725,DF:DF:EE:00:00:04,-39
BLE,1705564138461368369,D3:F4:55:AB:96:20,-57
BLE,1705564138650026317,D3:F4:55:AB:96:20,-53
BLE,1705564138974461327,DF:DF:EE:00:00:04,-39
BLE,1705564139043062869,D3:F4:55:AB:96:20,-57
BLE,1705564139232123645,D3:F4:55:AB:96:20,-43
BLE,1705564139428687691,D3:F4:55:AB:96:20,-56
BLE,1705564139812836617,D3:F4:55:AB:96:20,-58
BLE,1705564140393963333,D3:F4:55:AB:96:20,-56
BLE,1705564140431347019,DF:DF:EE:00:00:04,-36
BLE,1705564140589233355,D3:F4:55:AB:96:20,-56
BLE,1705564140978757040,DF:DF:EE:00:00:04,-39
BLE,1705564140981815372,D3:F4:55:AB:96:20,-56
BLE,1705564141174580513,D3:F4:55:AB:96:20,-54
BLE,1705564141367541776,D3:F4:55:AB:96:20,-59
BLE,1705564141559230598,D3:F4:55:AB:96:20,-54
BLE,1705564141753262638,D3:F4:55:AB:96:20,-57
BLE,1705564142147759961,D3:F4:55:AB:96:20,-58
BLE,1705564142337327146,D3:F4:55:AB:96:20,-57
BLE,1705564142429396944,DF:DF:EE:00:00:04,-36
BLE,1705564142535585877,D3:F4:55:AB:96:20,-57
BLE,1705564142922876342,D3:F4:55:AB:96:20,-57
BLE,1705564142972457650,DF:DF:EE:00:00:04,-36
BLE,1705564143324630981,DF:A6:DC:DC:2E:81,-65
BLE,1705564143324667688,DF:DF:EE:00:00:01,-65
BLE,1705564143432210311,DF:DF:EE:00:00:04,-39
BLE,1705564143501835589,D3:F4:55:AB:96:20,-58
BLE,1705564143971136909,DF:DF:EE:00:00:04,-39
BLE,1705564144078229538,D3:F4:55:AB:96:20,-56
BLE,1705564144434877223,DF:DF:EE:00:00:04,-35
BLE,1705564144465685376,D3:F4:55:AB:96:20,-58
BLE,1705564144976656863,DF:DF:EE:00:00:04,-36
BLE,1705564145230001075,D3:F4:55:AB:96:20,-57
BLE,1705564145419819215,D3:F4:55:AB:96:20,-44
BLE,1705564145432482830,DF:DF:EE:00:00:04,-51
BLE,1705564145618485940,D3:F4:55:AB:96:20,-56
BLE,1705564145969004919,DF:DF:EE:00:00:04,-41
BLE,1705564146003446813,D3:F4:55:AB:96:20,-58
BLE,1705564146194493853,D3:F4:55:AB:96:20,-56
BLE,1705564146385425519,D3:F4:55:AB:96:20,-59
BLE,1705564146580178965,D3:F4:55:AB:96:20,-58
BLE,1705564146769665902,D3:F4:55:AB:96:20,-59
BLE,1705564146977314585,DF:DF:EE:00:00:04,-36
BLE,1705564147164937922,D3:F4:55:AB:96:20,-42
BLE,1705564147360439525,D3:F4:55:AB:96:20,-55
BLE,1705564147438940929,DF:DF:EE:00:00:04,-40
BLE,1705564147979911081,DF:DF:EE:00:00:04,-39
BLE,1705564148127218981,D3:F4:55:AB:96:20,-54
BLE,1705564148322669043,D3:F4:55:AB:96:20,-60
BLE,1705564148430804283,DF:DF:EE:00:00:04,-40
BLE,1705564148710325378,D3:F4:55:AB:96:20,-56
BLE,1705564148900380807,D3:F4:55:AB:96:20,-56
BLE,1705564148970486536,DF:DF:EE:00:00:04,-40
BLE,1705564149088454430,D3:F4:55:AB:96:20,-58
BLE,1705564149430320238,DF:DF:EE:00:00:04,-36
BLE,1705564149670422593,D3:F4:55:AB:96:20,-59
BLE,1705564149979368027,DF:DF:EE:00:00:04,-39
BLE,1705564150250135912,D3:F4:55:AB:96:20,-57
BLE,1705564151208342194,D3:F4:55:AB:96:20,-55
BLE,1705564151439558423,DF:DF:EE:00:00:04,-36
BLE,1705564151591070765,D3:F4:55:AB:96:20,-45
BLE,1705564151970440341,DF:DF:EE:00:00:04,-20
BLE,1705564151975085859,D3:F4:55:AB:96:20,-55
BLE,1705564152168378409,D3:F4:55:AB:96:20,-57
BLE,1705564152366421893,D3:F4:55:AB:96:20,-57
BLE,1705564152749934661,D3:F4:55:AB:96:20,-58
BLE,1705564152941060908,D3:F4:55:AB:96:20,-56
BLE,1705564152971118197,DF:DF:EE:00:00:04,-40
BLE,1705564153133900798,D3:F4:55:AB:96:20,-56
BLE,1705564153319538372,D3:F4:55:AB:96:20,-43
BLE,1705564153439235158,DF:DF:EE:00:00:04,-36
BLE,1705564153706383093,D3:F4:55:AB:96:20,-40
BLE,1705564153900254802,D3:F4:55:AB:96:20,-57
BLE,1705564153971825719,DF:DF:EE:00:00:04,-34
BLE,1705564154286029163,D3:F4:55:AB:96:20,-54
BLE,1705564154437751294,DF:DF:EE:00:00:04,-39
BLE,1705564154666219186,D3:F4:55:AB:96:20,-59
BLE,1705564154970112400,DF:DF:EE:00:00:04,-35
BLE,1705564155053007534,D3:F4:55:AB:96:20,-58
BLE,1705564155434002087,DF:DF:EE:00:00:04,-35
BLE,1705564155622688118,D3:F4:55:AB:96:20,-45
BLE,1705564156439190130,DF:DF:EE:00:00:04,-34
BLE,1705564156580646570,D3:F4:55:AB:96:20,-57
BLE,1705564156775930051,D3:F4:55:AB:96:20,-58
BLE,1705564156964291628,D3:F4:55:AB:96:20,-58
BLE,1705564156973406001,DF:DF:EE:00:00:04,-35
BLE,1705564157155523124,D3:F4:55:AB:96:20,-67
BLE,1705564157303152728,DF:A6:DC:DC:2E:81,-64
BLE,1705564157303188978,DF:DF:EE:00:00:01,-64
BLE,1705564157346589122,D3:F4:55:AB:96:20,-57
BLE,1705564157541792770,D3:F4:55:AB:96:20,-57
BLE,1705564157730856504,D3:F4:55:AB:96:20,-58
BLE,1705564157970831861,DF:DF:EE:00:00:04,-39
BLE,1705564158116400369,D3:F4:55:AB:96:20,-54
BLE,1705564158307774821,D3:F4:55:AB:96:20,-58
BLE,1705564158430651146,DF:DF:EE:00:00:04,-36
BLE,1705564158494961040,D3:F4:55:AB:96:20,-58
BLE,1705564159072118478,D3:F4:55:AB:96:20,-58
BLE,1705564159260039478,D3:F4:55:AB:96:20,-59
BLE,1705564159455483956,D3:F4:55:AB:96:20,-52
BLE,1705564159641650189,D3:F4:55:AB:96:20,-57
BLE,1705564159833560300,D3:F4:55:AB:96:20,-56
BLE,1705564159969179198,DF:DF:EE:00:00:04,-34
BLE,1705564160028971779,D3:F4:55:AB:96:20,-54
BLE,1705564160413954860,D3:F4:55:AB:96:20,-54
BLE,1705564160432602016,DF:DF:EE:00:00:04,-36
BLE,1705564160605075107,D3:F4:55:AB:96:20,-59
BLE,1705564160803665542,D3:F4:55:AB:96:20,-58
BLE,1705564160972809721,DF:DF:EE:00:00:04,-36
BLE,1705564161122283383,DF:A6:DC:DC:2E:81,-64
BLE,1705564161122322091,DF:DF:EE:00:00:01,-64
BLE,1705564161378686843,D3:F4:55:AB:96:20,-54
BLE,1705564161433643867,DF:DF:EE:00:00:04,-24
BLE,1705564161574118655,D3:F4:55:AB:96:20,-44
BLE,1705564161959299608,D3:F4:55:AB:96:20,-58
BLE,1705564162341553727,D3:F4:55:AB:96:20,-59
BLE,1705564162533050052,D3:F4:55:AB:96:20,-56
BLE,1705564162721665918,D3:F4:55:AB:96:20,-59
BLE,1705564162921117673,D3:F4:55:AB:96:20,-57
BLE,1705564162967457651,DF:DF:EE:00:00:04,-35
BLE,1705564163308451180,D3:F4:55:AB:96:20,-59
BLE,1705564163429978191,DF:DF:EE:00:00:04,-36
BLE,1705564163504125280,D3:F4:55:AB:96:20,-58
BLE,1705564163666884090,DF:A6:DC:DC:2E:81,-61
BLE,1705564163666937339,DF:DF:EE:00:00:01,-61
BLE,1705564163888243290,D3:F4:55:AB:96:20,-58
BLE,1705564163969457488,DF:DF:EE:00:00:04,-37
BLE,1705564164077601311,D3:F4:55:AB:96:20,-42
BLE,1705564164270214037,D3:F4:55:AB:96:20,-57
BLE,1705564164466015094,D3:F4:55:AB:96:20,-55
BLE,1705564164467351409,D3:F4:55:AB:96:20,-58
BLE,1705564164852909482,D3:F4:55:AB:96:20,-57
BLE,1705564165235174726,D3:F4:55:AB:96:20,-56
BLE,1705564165430417040,D3:F4:55:AB:96:20,-54
BLE,1705564165436960532,DF:DF:EE:00:00:04,-40
BLE,1705564165814564383,D3:F4:55:AB:96:20,-56
BLE,1705564165972845505,DF:DF:EE:00:00:04,-35
BLE,1705564166006055125,D3:F4:55:AB:96:20,-57
BLE,1705564166201226982,D3:F4:55:AB:96:20,-56
BLE,1705564166210313688,DF:A6:DC:DC:2E:81,-75
BLE,1705564166210334521,DF:DF:EE:00:00:01,-75
BLE,1705564166433979106,DF:DF:EE:00:00:04,-34
BLE,1705564166575518254,D3:F4:55:AB:96:20,-54
BLE,1705564166767381449,D3:F4:55:AB:96:20,-57
BLE,1705564167154113547,D3:F4:55:AB:96:20,-57
BLE,1705564167347386722,D3:F4:55:AB:96:20,-58
BLE,1705564167432866112,DF:DF:EE:00:00:04,-35
BLE,1705564167725271736,D3:F4:55:AB:96:20,-54
BLE,1705564168300152122,D3:F4:55:AB:96:20,-58
BLE,1705564168437617202,DF:DF:EE:00:00:04,-21
BLE,1705564168499223675,D3:F4:55:AB:96:20,-52
BLE,1705564168688117078,D3:F4:55:AB:96:20,-57
BLE,1705564168879222409,D3:F4:55:AB:96:20,-42
BLE,1705564168968752367,DF:DF:EE:00:00:04,-33
BLE,1705564169070816941,D3:F4:55:AB:96:20,-53
BLE,1705564169265012728,D3:F4:55:AB:96:20,-58
BLE,1705564169450255683,D3:F4:55:AB:96:20,-58
BLE,1705564169646885186,D3:F4:55:AB:96:20,-57
BLE,1705564170028988224,D3:F4:55:AB:96:20,-58
BLE,1705564170032965293,DF:A6:DC:DC:2E:81,-64
BLE,1705564170032989835,DF:DF:EE:00:00:01,-64
BLE,1705564170218008584,D3:F4:55:AB:96:20,-58
BLE,1705564170431195772,DF:DF:EE:00:00:04,-22
BLE,1705564170971800513,DF:DF:EE:00:00:04,-39
BLE,1705564170994857274,D3:F4:55:AB:96:20,-58
BLE,1705564171183682720,D3:F4:55:AB:96:20,-57
BLE,1705564171577926297,D3:F4:55:AB:96:20,-57
BLE,1705564171962462342,D3:F4:55:AB:96:20,-58
BLE,1705564171971207387,DF:DF:EE:00:00:04,-34
BLE,1705564172436888632,DF:DF:EE:00:00:04,-34
BLE,1705564172727329450,D3:F4:55:AB:96:20,-58
BLE,1705564172915744402,D3:F4:55:AB:96:20,-57
BLE,1705564172975102281,DF:DF:EE:00:00:04,-39
BLE,1705564173497420943,D3:F4:55:AB:96:20,-58
BLE,1705564173688053322,D3:F4:55:AB:96:20,-40
BLE,1705564173880629091,D3:F4:55:AB:96:20,-59
BLE,1705564174078318663,D3:F4:55:AB:96:20,-46
BLE,1705564174267232732,D3:F4:55:AB:96:20,-57
BLE,1705564174431734018,DF:DF:EE:00:00:04,-35
BLE,1705564174653156217,D3:F4:55:AB:96:20,-54
BLE,1705564174970459076,DF:DF:EE:00:00:04,-36
BLE,1705564175122273747,DF:A6:DC:DC:2E:81,-64
BLE,1705564175122326497,DF:DF:EE:00:00:01,-64
BLE,1705564175430489484,DF:DF:EE:00:00:04,-40
BLE,1705564175809404816,D3:F4:55:AB:96:20,-57
BLE,1705564175969481622,DF:DF:EE:00:00:04,-51
BLE,1705564175995483134,D3:F4:55:AB:96:20,-60
BLE,1705564176193146790,D3:F4:55:AB:96:20,-56
BLE,1705564176380629962,D3:F4:55:AB:96:20,-57
BLE,1705564176432624736,DF:DF:EE:00:00:04,-35
BLE,1705564176775337699,D3:F4:55:AB:96:20,-58
BLE,1705564176963099368,D3:F4:55:AB:96:20,-59
BLE,1705564176971318920,DF:DF:EE:00:00:04,-36
BLE,1705564177157606693,D3:F4:55:AB:96:20,-57
BLE,1705564177350656246,D3:F4:55:AB:96:20,-54
BLE,1705564177429935806,DF:DF:EE:00:00:04,-39
BLE,1705564177544491497,D3:F4:55:AB:96:20,-56
BLE,1705564177735562453,D3:F4:55:AB:96:20,-40
BLE,1705564177968991693,DF:DF:EE:00:00:04,-40
BLE,1705564178438541676,DF:DF:EE:00:00:04,-35
BLE,1705564178508514698,D3:F4:55:AB:96:20,-58
BLE,1705564178696597321,D3:F4:55:AB:96:20,-57
BLE,1705564178892346004,D3:F4:55:AB:96:20,-58
BLE,1705564178971554689,DF:DF:EE:00:00:04,-35
BLE,1705564179083504334,D3:F4:55:AB:96:20,-59
BLE,1705564179273878383,D3:F4:55:AB:96:20,-58
BLE,1705564179428118437,DF:DF:EE:00:00:04,-42
BLE,1705564179968483764,DF:DF:EE:00:00:04,-36
BLE,1705564180420817154,D3:F4:55:AB:96:20,-58
BLE,1705564180429392243,DF:DF:EE:00:00:04,-35
BLE,1705564180970222063,DF:DF:EE:00:00:04,-35
BLE,1705564181001863038,D3:F4:55:AB:96:20,-40
BLE,1705564181193031576,D3:F4:55:AB:96:20,-60
BLE,1705564181392490457,D3:F4:55:AB:96:20,-58
BLE,1705564181438401774,DF:DF:EE:00:00:04,-39
BLE,1705564181583635662,D3:F4:55:AB:96:20,-54
BLE,1705564181974716241,D3:F4:55:AB:96:20,-57
BLE,1705564182162300412,D3:F4:55:AB:96:20,-57
BLE,1705564182351452645,D3:F4:55:AB:96:20,-45
BLE,1705564182431842731,DF:DF:EE:00:00:04,-34
BLE,1705564182540389131,D3:F4:55:AB:96:20,-57
BLE,1705564182733370477,D3:F4:55:AB:96:20,-56
BLE,1705564182923821192,D3:F4:55:AB:96:20,-58
BLE,1705564182975213933,DF:DF:EE:00:00:04,-35
BLE,1705564183435784458,DF:DF:EE:00:00:04,-33
BLE,1705564183496963228,D3:F4:55:AB:96:20,-55
BLE,1705564183686451540,D3:F4:55:AB:96:20,-42
BLE,1705564183877420206,D3:F4:55:AB:96:20,-53
BLE,1705564183971880511,DF:DF:EE:00:00:04,-36
BLE,1705564184457350188,D3:F4:55:AB:96:20,-58
BLE,1705564184651255105,D3:F4:55:AB:96:20,-57
BLE,1705564184841659904,D3:F4:55:AB:96:20,-59
BLE,1705564185237023965,D3:F4:55:AB:96:20,-57
BLE,1705564185431622788,D3:F4:55:AB:96:20,-54
BLE,1705564185438187113,DF:DF:EE:00:00:04,-39
BLE,1705564185823901559,D3:F4:55:AB:96:20,-41
BLE,1705564185972822062,DF:DF:EE:00:00:04,-36
BLE,1705564186598177244,D3:F4:55:AB:96:20,-59
BLE,1705564186792481571,D3:F4:55:AB:96:20,-58
BLE,1705564186970535043,DF:DF:EE:00:00:04,-39
BLE,1705564186979852246,D3:F4:55:AB:96:20,-58
BLE,1705564187371484067,D3:F4:55:AB:96:20,-54
BLE,1705564187427183372,DF:DF:EE:00:00:04,-35
BLE,1705564187857457362,DF:A6:DC:DC:2E:81,-65
BLE,1705564187857497028,DF:DF:EE:00:00:01,-65
BLE,1705564187970726364,DF:DF:EE:00:00:04,-35
BLE,1705564188139981166,D3:F4:55:AB:96:20,-42
BLE,1705564188331300119,D3:F4:55:AB:96:20,-58
BLE,1705564188524807874,D3:F4:55:AB:96:20,-58
BLE,1705564188717149938,D3:F4:55:AB:96:20,-54
BLE,1705564188909033591,D3:F4:55:AB:96:20,-56
BLE,1705564188974340637,DF:DF:EE:00:00:04,-46
BLE,1705564189097698414,D3:F4:55:AB:96:20,-55
BLE,1705564189286798897,D3:F4:55:AB:96:20,-56
BLE,1705564189428004133,DF:DF:EE:00:00:04,-42
BLE,1705564189472943964,D3:F4:55:AB:96:20,-59
BLE,1705564189975723274,DF:DF:EE:00:00:04,-35
BLE,1705564190242141428,D3:F4:55:AB:96:20,-58
BLE,1705564190428447742,DF:DF:EE:00:00:04,-36
BLE,1705564190435053609,D3:F4:55:AB:96:20,-58
BLE,1705564190625461407,D3:F4:55:AB:96:20,-57
BLE,1705564190969451936,DF:DF:EE:00:00:04,-34
BLE,1705564191009130756,D3:F4:55:AB:96:20,-58
BLE,1705564191010472404,D3:F4:55:AB:96:20,-54
BLE,1705564191201257281,D3:F4:55:AB:96:20,-57
BLE,1705564191589273070,D3:F4:55:AB:96:20,-44
BLE,1705564191785624702,D3:F4:55:AB:96:20,-58
BLE,1705564191971586480,DF:DF:EE:00:00:04,-34
BLE,1705564192371150440,D3:F4:55:AB:96:20,-41
BLE,1705564192437168768,DF:DF:EE:00:00:04,-39
BLE,1705564192976805605,DF:DF:EE:00:00:04,-39
BLE,1705564193434839166,DF:DF:EE:00:00:04,-35
BLE,1705564193527934240,D3:F4:55:AB:96:20,-57
BLE,1705564193720471593,D3:F4:55:AB:96:20,-56
BLE,1705564193974123216,DF:DF:EE:00:00:04,-34
BLE,1705564194098799517,D3:F4:55:AB:96:20,-56
BLE,1705564194100338078,D3:F4:55:AB:96:20,-56
BLE,1705564194426615979,DF:DF:EE:00:00:04,-30
BLE,1705564194486333562,D3:F4:55:AB:96:20,-57
BLE,1705564194682451573,D3:F4:55:AB:96:20,-55
BLE,1705564194967368551,DF:DF:EE:00:00:04,-36
BLE,1705564195062015521,D3:F4:55:AB:96:20,-54
BLE,1705564195256803133,D3:F4:55:AB:96:20,-58
BLE,1705564195455490566,D3:F4:55:AB:96:20,-58
BLE,1705564195841204470,D3:F4:55:AB:96:20,-59
BLE,1705564196224455742,D3:F4:55:AB:96:20,-43
BLE,1705564196423199174,D3:F4:55:AB:96:20,-57
BLE,1705564196436914899,DF:DF:EE:00:00:04,-35
BLE,1705564196608310047,D3:F4:55:AB:96:20,-58
BLE,1705564196798612722,D3:F4:55:AB:96:20,-55
BLE,1705564196970986731,DF:DF:EE:00:00:04,-42
BLE,1705564197371046643,D3:F4:55:AB:96:20,-60
BLE,1705564197570902893,D3:F4:55:AB:96:20,-58
BLE,1705564197957613325,D3:F4:55:AB:96:20,-44
BLE,1705564198151109664,D3:F4:55:AB:96:20,-41
BLE,1705564198341686544,D3:F4:55:AB:96:20,-57
BLE,1705564198430010810,DF:DF:EE:00:00:04,-35
BLE,1705564198732220547,D3:F4:55:AB:96:20,-54
BLE,1705564198923406710,D3:F4:55:AB:96:20,-57
BLE,1705564199116793759,D3:F4:55:AB:96:20,-56
BLE,1705564199306046823,D3:F4:55:AB:96:20,-57
BLE,1705564199428216367,DF:DF:EE:00:00:04,-34
BLE,1705564199501240555,D3:F4:55:AB:96:20,-64
BLE,1705564199881239831,D3:F4:55:AB:96:20,-55
BLE,1705564200259231176,D3:F4:55:AB:96:20,-56
BLE,1705564200451229536,D3:F4:55:AB:96:20,-58
BLE,1705564200643833762,D3:F4:55:AB:96:20,-55
BLE,1705564200840446433,D3:F4:55:AB:96:20,-57
BLE,1705564200975032969,DF:DF:EE:00:00:04,-34
BLE,1705564201228640427,D3:F4:55:AB:96:20,-54
BLE,1705564201421538024,D3:F4:55:AB:96:20,-57
BLE,1705564201430060197,DF:DF:EE:00:00:04,-34
BLE,1705564201611869032,D3:F4:55:AB:96:20,-56
BLE,1705564201805608993,D3:F4:55:AB:96:20,-58
BLE,1705564202004424132,D3:F4:55:AB:96:20,-56
BLE,1705564202198593754,D3:F4:55:AB:96:20,-50
BLE,1705564202388182980,D3:F4:55:AB:96:20,-53
BLE,1705564202583667417,D3:F4:55:AB:96:20,-56
BLE,1705564202771270963,D3:F4:55:AB:96:20,-59
BLE,1705564202967525888,DF:DF:EE:00:00:04,-40
BLE,1705564203157739773,D3:F4:55:AB:96:20,-58
BLE,1705564203346936422,D3:F4:55:AB:96:20,-54
BLE,1705564203733113861,D3:F4:55:AB:96:20,-57
BLE,1705564203927905432,D3:F4:55:AB:96:20,-54
BLE,1705564203965966567,DF:DF:EE:00:00:04,-34
BLE,1705564204318574642,D3:F4:55:AB:96:20,-53
BLE,1705564205093935603,D3:F4:55:AB:96:20,-57
BLE,1705564205288719632,D3:F4:55:AB:96:20,-58
BLE,1705564205430395445,DF:DF:EE:00:00:04,-34
BLE,1705564205473780672,D3:F4:55:AB:96:20,-43
BLE,1705564205666669728,D3:F4:55:AB:96:20,-58
BLE,1705564205674703533,DF:A6:DC:DC:2E:81,-60
BLE,1705564205674718032,DF:DF:EE:00:00:01,-60
BLE,1705564205857532979,D3:F4:55:AB:96:20,-57
BLE,1705564205970757564,DF:DF:EE:00:00:04,-34
BLE,1705564206052870084,D3:F4:55:AB:96:20,-58
BLE,1705564206239612267,D3:F4:55:AB:96:20,-59
BLE,1705564206428328298,DF:DF:EE:00:00:04,-36
BLE,1705564206809764636,D3:F4:55:AB:96:20,-45
BLE,1705564206966429365,DF:DF:EE:00:00:04,-49
BLE,1705564207003613345,D3:F4:55:AB:96:20,-58
BLE,1705564207199779814,D3:F4:55:AB:96:20,-58
BLE,1705564207391965463,D3:F4:55:AB:96:20,-56
BLE,1705564207584036488,D3:F4:55:AB:96:20,-58
BLE,1705564207781161985,D3:F4:55:AB:96:20,-57
BLE,1705564207971941111,D3:F4:55:AB:96:20,-57
BLE,1705564208219975022,DF:A6:DC:DC:2E:81,-64
BLE,1705564208220013855,DF:DF:EE:00:00:01,-64
BLE,1705564208353979192,D3:F4:55:AB:96:20,-43
BLE,1705564208435382388,DF:DF:EE:00:00:04,-39
BLE,1705564208549692000,D3:F4:55:AB:96:20,-58
BLE,1705564208734825039,D3:F4:55:AB:96:20,-57
BLE,1705564208929709650,D3:F4:55:AB:96:20,-58
BLE,1705564208974644731,DF:DF:EE:00:00:04,-45
BLE,1705564209118906174,D3:F4:55:AB:96:20,-57
BLE,1705564209315008476,D3:F4:55:AB:96:20,-57
BLE,1705564209435191214,DF:DF:EE:00:00:04,-35
BLE,1705564209701711117,D3:F4:55:AB:96:20,-57
BLE,1705564209973859107,DF:DF:EE:00:00:04,-36
BLE,1705564210280141495,D3:F4:55:AB:96:20,-52
BLE,1705564210471510156,D3:F4:55:AB:96:20,-57
BLE,1705564210472952261,D3:F4:55:AB:96:20,-44
BLE,1705564210971275592,DF:DF:EE:00:00:04,-36
BLE,1705564211051022353,D3:F4:55:AB:96:20,-59
BLE,1705564211818407009,D3:F4:55:AB:96:20,-57
BLE,1705564212207602489,D3:F4:55:AB:96:20,-54
BLE,1705564212399218521,D3:F4:55:AB:96:20,-56
BLE,1705564212431667401,DF:DF:EE:00:00:04,-36
BLE,1705564212786676567,D3:F4:55:AB:96:20,-58
BLE,1705564212975200934,DF:DF:EE:00:00:04,-36
BLE,1705564212978866591,D3:F4:55:AB:96:20,-64
BLE,1705564213173838701,D3:F4:55:AB:96:20,-54
BLE,1705564213430075955,DF:DF:EE:00:00:04,-22
BLE,1705564213744791018,D3:F4:55:AB:96:20,-58
BLE,1705564213933828127,D3:F4:55:AB:96:20,-59
BLE,1705564214126278189,D3:F4:55:AB:96:20,-57
BLE,1705564214316380867,D3:F4:55:AB:96:20,-59
BLE,1705564215275172475,D3:F4:55:AB:96:20,-58
BLE,1705564215427754177,DF:DF:EE:00:00:04,-36
BLE,1705564215462941435,D3:F4:55:AB:96:20,-58
BLE,1705564215652290499,D3:F4:55:AB:96:20,-44
BLE,1705564215841016446,D3:F4:55:AB:96:20,-41
BLE,1705564215966580650,DF:DF:EE:00:00:04,-36
BLE,1705564216028198456,D3:F4:55:AB:96:20,-58
BLE,1705564216223907306,D3:F4:55:AB:96:20,-41
BLE,1705564216436201632,DF:DF:EE:00:00:04,-35
BLE,1705564216971616279,DF:DF:EE:00:00:04,-34
BLE,1705564217003069798,D3:F4:55:AB:96:20,-56
BLE,1705564217193124226,D3:F4:55:AB:96:20,-42
BLE,1705564217386536983,D3:F4:55:AB:96:20,-40
BLE,1705564217435230345,DF:DF:EE:00:00:04,-39
BLE,1705564217577644689,D3:F4:55:AB:96:20,-59
BLE,1705564217771629771,D3:F4:55:AB:96:20,-58
BLE,1705564217968382023,DF:DF:EE:00:00:04,-33
BLE,1705564218153581186,D3:F4:55:AB:96:20,-55
BLE,1705564218349109996,D3:F4:55:AB:96:20,-55
BLE,1705564218922655318,D3:F4:55:AB:96:20,-58
BLE,1705564218967613690,DF:DF:EE:00:00:04,-40
BLE,1705564219109790079,D3:F4:55:AB:96:20,-59
BLE,1705564219691078668,D3:F4:55:AB:96:20,-53
BLE,1705564219881798379,D3:F4:55:AB:96:20,-54
BLE,1705564219971156506,DF:DF:EE:00:00:04,-36
BLE,1705564220075578964,D3:F4:55:AB:96:20,-58
BLE,1705564220265413896,D3:F4:55:AB:96:20,-55
BLE,1705564220641528017,D3:F4:55:AB:96:20,-54
BLE,1705564220971005040,DF:DF:EE:00:00:04,-40
BLE,1705564221036993494,D3:F4:55:AB:96:20,-56
BLE,1705564221223707636,D3:F4:55:AB:96:20,-44
BLE,1705564221603718244,D3:F4:55:AB:96:20,-59
BLE,1705564221794192542,D3:F4:55:AB:96:20,-54
BLE,1705564221971639105,DF:DF:EE:00:00:04,-36
BLE,1705564221983440274,D3:F4:55:AB:96:20,-52
BLE,1705564222365260940,D3:F4:55:AB:96:20,-41
BLE,1705564222553442104,D3:F4:55:AB:96:20,-57
BLE,1705564222748161342,D3:F4:55:AB:96:20,-58
BLE,1705564222941576432,D3:F4:55:AB:96:20,-56
BLE,1705564222972620540,DF:DF:EE:00:00:04,-39
BLE,1705564223328470028,D3:F4:55:AB:96:20,-59
BLE,1705564223427754766,DF:DF:EE:00:00:04,-34
BLE,1705564223499231643,DF:A6:DC:DC:2E:81,-66
BLE,1705564223499286850,DF:DF:EE:00:00:01,-66
BLE,1705564223521839702,D3:F4:55:AB:96:20,-58
BLE,1705564223714174557,D3:F4:55:AB:96:20,-56
BLE,1705564223903733784,D3:F4:55:AB:96:20,-59
BLE,1705564224296704920,D3:F4:55:AB:96:20,-56
BLE,1705564224427908254,DF:DF:EE:00:00:04,-35
BLE,1705564224492951846,D3:F4:55:AB:96:20,-55
BLE,1705564224682287868,D3:F4:55:AB:96:20,-58
BLE,1705564225431089284,DF:DF:EE:00:00:04,-34
BLE,1705564225449798647,D3:F4:55:AB:96:20,-58
BLE,1705564225639744536,D3:F4:55:AB:96:20,-54
BLE,1705564225829332138,D3:F4:55:AB:96:20,-58
BLE,1705564226023504592,D3:F4:55:AB:96:20,-56
BLE,1705564226408044721,D3:F4:55:AB:96:20,-54
BLE,1705564226427922401,DF:DF:EE:00:00:04,-35
BLE,1705564226601424228,D3:F4:55:AB:96:20,-44
BLE,1705564226974734264,DF:DF:EE:00:00:04,-40
BLE,1705564226986731263,D3:F4:55:AB:96:20,-43
BLE,1705564227369133505,D3:F4:55:AB:96:20,-58
BLE,1705564227757695327,D3:F4:55:AB:96:20,-54
BLE,1705564227953637174,D3:F4:55:AB:96:20,-60
BLE,1705564228148121040,D3:F4:55:AB:96:20,-56
BLE,1705564228335804377,D3:F4:55:AB:96:20,-57
BLE,1705564228436520387,DF:DF:EE:00:00:04,-39
BLE,1705564228530811195,D3:F4:55:AB:96:20,-53
BLE,1705564228721560114,D3:F4:55:AB:96:20,-50
BLE,1705564228965396666,DF:DF:EE:00:00:04,-35
BLE,1705564229307904924,D3:F4:55:AB:96:20,-54
BLE,1705564229503607149,D3:F4:55:AB:96:20,-59
BLE,1705564229887901406,D3:F4:55:AB:96:20,-57
BLE,1705564230082875807,D3:F4:55:AB:96:20,-58
BLE,1705564230272394785,D3:F4:55:AB:96:20,-58
BLE,1705564230273732016,D3:F4:55:AB:96:20,-40
BLE,1705564230435474632,DF:DF:EE:00:00:04,-37
BLE,1705564230463787320,D3:F4:55:AB:96:20,-58
BLE,1705564230651428407,D3:F4:55:AB:96:20,-59
BLE,1705564230972233593,DF:DF:EE:00:00:04,-35
BLE,1705564231239636483,D3:F4:55:AB:96:20,-59
BLE,1705564231241154920,D3:F4:55:AB:96:20,-54
BLE,1705564231434088600,DF:DF:EE:00:00:04,-45
BLE,1705564231822659506,D3:F4:55:AB:96:20,-59
BLE,1705564231970483941,DF:DF:EE:00:00:04,-39
BLE,1705564232203091067,D3:F4:55:AB:96:20,-59
BLE,1705564232400047024,D3:F4:55:AB:96:20,-58
BLE,1705564232407064593,DF:A6:DC:DC:2E:81,-64
BLE,1705564232407090676,DF:DF:EE:00:00:01,-64
BLE,1705564232431205464,DF:DF:EE:00:00:04,-34
BLE,1705564232782736471,D3:F4:55:AB:96:20,-57
BLE,1705564233357162947,D3:F4:55:AB:96:20,-54
BLE,1705564233429952597,DF:DF:EE:00:00:04,-36
BLE,1705564233431366702,DF:DF:EE:00:00:04,-40
BLE,1705564233551983309,D3:F4:55:AB:96:20,-44
BLE,1705564233968019456,DF:DF:EE:00:00:04,-35
BLE,1705564234132497534,D3:F4:55:AB:96:20,-58
BLE,1705564234433362206,DF:DF:EE:00:00:04,-35
BLE,1705564234701992412,D3:F4:55:AB:96:20,-57
BLE,1705564234895319462,D3:F4:55:AB:96:20,-53
BLE,1705564234950483858,DF:A6:DC:DC:2E:81,-65
BLE,1705564234950498025,DF:DF:EE:00:00:01,-65
BLE,1705564235091191601,D3:F4:55:AB:96:20,-54
BLE,1705564235285254557,D3:F4:55:AB:96:20,-57
BLE,1705564235429497042,DF:DF:EE:00:00:04,-36
BLE,1705564235481941476,D3:F4:55:AB:96:20,-58
BLE,1705564235670739131,D3:F4:55:AB:96:20,-57
BLE,1705564235967898980,DF:DF:EE:00:00:04,-35
BLE,1705564236060897515,D3:F4:55:AB:96:20,-54
BLE,1705564236440368922,D3:F4:55:AB:96:20,-55
BLE,1705564236635525405,D3:F4:55:AB:96:20,-58
BLE,1705564236833702470,D3:F4:55:AB:96:20,-57
BLE,1705564237215564803,D3:F4:55:AB:96:20,-56
BLE,1705564237489422936,DF:A6:DC:DC:2E:81,-69
BLE,1705564237489457644,DF:DF:EE:00:00:01,-69
BLE,1705564237606822379,D3:F4:55:AB:96:20,-59
BLE,1705564237797934460,D3:F4:55:AB:96:20,-58
BLE,1705564237964356760,DF:DF:EE:00:00:04,-36
BLE,1705564237994165511,D3:F4:55:AB:96:20,-55
BLE,1705564238570610417,D3:F4:55:AB:96:20,-58
BLE,1705564238766367058,D3:F4:55:AB:96:20,-56
BLE,1705564238951559263,D3:F4:55:AB:96:20,-59
BLE,1705564239334155752,D3:F4:55:AB:96:20,-46
BLE,1705564239426541753,DF:DF:EE:00:00:04,-35
BLE,1705564239524754840,D3:F4:55:AB:96:20,-55
BLE,1705564240096718684,D3:F4:55:AB:96:20,-42
BLE,1705564240431068805,DF:DF:EE:00:00:04,-39
BLE,1705564240477640905,D3:F4:55:AB:96:20,-57
BLE,1705564240663850804,D3:F4:55:AB:96:20,-58
BLE,1705564240974058929,DF:DF:EE:00:00:04,-39
BLE,1705564241241996353,D3:F4:55:AB:96:20,-58
BLE,1705564241629281569,D3:F4:55:AB:96:20,-57
BLE,1705564242205133150,D3:F4:55:AB:96:20,-40
BLE,1705564242435937801,DF:DF:EE:00:00:04,-39
BLE,1705564242777010495,D3:F4:55:AB:96:20,-75
BLE,1705564242965541487,D3:F4:55:AB:96:20,-54
BLE,1705564243162117158,D3:F4:55:AB:96:20,-57
BLE,1705564243356982978,D3:F4:55:AB:96:20,-58
BLE,1705564243431407938,DF:DF:EE:00:00:04,-36
BLE,1705564243552054920,D3:F4:55:AB:96:20,-54
BLE,1705564243740658952,D3:F4:55:AB:96:20,-57
BLE,1705564244121479216,D3:F4:55:AB:96:20,-52
BLE,1705564244308179691,D3:F4:55:AB:96:20,-68
BLE,1705564244428043225,DF:DF:EE:00:00:04,-35
BLE,1705564244504102871,D3:F4:55:AB:96:20,-52
BLE,1705564244693906512,D3:F4:55:AB:96:20,-59
BLE,1705564244888105591,D3:F4:55:AB:96:20,-58
BLE,1705564245081927925,D3:F4:55:AB:96:20,-40
BLE,1705564245465836396,D3:F4:55:AB:96:20,-54
BLE,1705564245845813380,D3:F4:55:AB:96:20,-56
BLE,1705564245966704442,DF:DF:EE:00:00:04,-22
BLE,1705564246220642603,D3:F4:55:AB:96:20,-59
BLE,1705564246380451538,DF:A6:DC:DC:2E:81,-64
BLE,1705564246380474371,DF:DF:EE:00:00:01,-64
BLE,1705564246413930570,D3:F4:55:AB:96:20,-56
BLE,1705564246432016817,DF:DF:EE:00:00:04,-36
BLE,1705564246604575324,D3:F4:55:AB:96:20,-58
BLE,1705564246798758361,D3:F4:55:AB:96:20,-58
BLE,1705564246974531656,DF:DF:EE:00:00:04,-35
BLE,1705564246987218979,D3:F4:55:AB:96:20,-57
BLE,1705564247182134340,D3:F4:55:AB:96:20,-57
BLE,1705564247370571874,D3:F4:55:AB:96:20,-58
BLE,1705564247429486801,DF:DF:EE:00:00:04,-51
BLE,1705564247757154766,D3:F4:55:AB:96:20,-40
BLE,1705564247949566578,D3:F4:55:AB:96:20,-58
BLE,1705564247966510675,DF:DF:EE:00:00:04,-39
BLE,1705564248426284461,DF:DF:EE:00:00:04,-36
BLE,1705564248914551183,D3:F4:55:AB:96:20,-67
BLE,1705564248973283821,DF:DF:EE:00:00:04,-35
BLE,1705564249109510585,D3:F4:55:AB:96:20,-40
BLE,1705564249303337586,D3:F4:55:AB:96:20,-58
BLE,1705564249684874298,D3:F4:55:AB:96:20,-65
BLE,1705564249970199396,DF:DF:EE:00:00:04,-34
BLE,1705564250069363094,D3:F4:55:AB:96:20,-58
BLE,1705564250262271775,D3:F4:55:AB:96:20,-58
BLE,1705564250458588741,D3:F4:55:AB:96:20,-54
BLE,1705564250974468285,DF:DF:EE:00:00:04,-36
BLE,1705564251030830998,D3:F4:55:AB:96:20,-58
BLE,1705564251414527347,D3:F4:55:AB:96:20,-56
BLE,1705564251425641275,DF:DF:EE:00:00:04,-36
BLE,1705564251466137376,DF:A6:DC:DC:2E:81,-64
BLE,1705564251466170084,DF:DF:EE:00:00:01,-64
BLE,1705564251607002700,D3:F4:55:AB:96:20,-56
BLE,1705564251799954671,D3:F4:55:AB:96:20,-59
BLE,1705564251999625091,D3:F4:55:AB:96:20,-56
BLE,1705564252194228497,D3:F4:55:AB:96:20,-54
BLE,1705564252389240565,D3:F4:55:AB:96:20,-57
BLE,1705564252784630417,D3:F4:55:AB:96:20,-58
BLE,1705564252976868357,D3:F4:55:AB:96:20,-54
BLE,1705564253170099325,D3:F4:55:AB:96:20,-57
BLE,1705564253361036449,D3:F4:55:AB:96:20,-56
BLE,1705564253744454385,D3:F4:55:AB:96:20,-40
BLE,1705564254127119082,D3:F4:55:AB:96:20,-54
BLE,1705564254428847118,DF:DF:EE:00:00:04,-46
BLE,1705564254704291270,D3:F4:55:AB:96:20,-57
BLE,1705564255093843496,D3:F4:55:AB:96:20,-45
BLE,1705564255287615789,DF:A6:DC:DC:2E:81,-64
BLE,1705564255287675996,DF:DF:EE:00:00:01,-64
BLE,1705564255434391655,DF:DF:EE:00:00:04,-35
BLE,1705564255479452776,D3:F4:55:AB:96:20,-48
BLE,1705564255669907991,D3:F4:55:AB:96:20,-58
BLE,1705564255860702951,D3:F4:55:AB:96:20,-55
BLE,1705564255973272878,DF:DF:EE:00:00:04,-35
BLE,1705564256049146277,D3:F4:55:AB:96:20,-57
BLE,1705564256237564770,D3:F4:55:AB:96:20,-57
BLE,1705564256629110343,D3:F4:55:AB:96:20,-57
BLE,1705564256817913580,D3:F4:55:AB:96:20,-43
BLE,1705564256969673002,DF:DF:EE:00:00:04,-39
BLE,1705564257017340961,D3:F4:55:AB:96:20,-58
BLE,1705564257214451583,D3:F4:55:AB:96:20,-56
BLE,1705564257407277806,D3:F4:55:AB:96:20,-59
BLE,1705564257424865852,DF:DF:EE:00:00:04,-34
BLE,1705564257799776949,D3:F4:55:AB:96:20,-57
BLE,1705564257973105236,DF:DF:EE:00:00:04,-36
BLE,1705564257988972931,D3:F4:55:AB:96:20,-59
BLE,1705564258186163344,D3:F4:55:AB:96:20,-58
BLE,1705564258567383310,D3:F4:55:AB:96:20,-57
BLE,1705564258952043729,D3:F4:55:AB:96:20,-58
BLE,1705564259146894257,D3:F4:55:AB:96:20,-55
BLE,1705564259340312597,D3:F4:55:AB:96:20,-57
BLE,1705564259736105736,D3:F4:55:AB:96:20,-41
BLE,1705564259930178150,D3:F4:55:AB:96:20,-56
BLE,1705564259969573683,DF:DF:EE:00:00:04,-35
BLE,1705564260323197619,D3:F4:55:AB:96:20,-57
BLE,1705564260436170791,DF:DF:EE:00:00:04,-38
BLE,1705564260508878275,D3:F4:55:AB:96:20,-59
BLE,1705564260702369364,D3:F4:55:AB:96:20,-58
BLE,1705564260896904980,D3:F4:55:AB:96:20,-55
BLE,1705564260972346385,DF:DF:EE:00:00:04,-39
BLE,1705564261475142153,D3:F4:55:AB:96:20,-60
BLE,1705564261669184109,D3:F4:55:AB:96:20,-57
BLE,1705564261972352958,DF:DF:EE:00:00:04,-34
BLE,1705564262248981136,D3:F4:55:AB:96:20,-55
BLE,1705564262434820873,DF:DF:EE:00:00:04,-39
BLE,1705564262630074146,D3:F4:55:AB:96:20,-56
BLE,1705564262820979688,D3:F4:55:AB:96:20,-57
BLE,1705564262964226145,DF:DF:EE:00:00:04,-34
BLE,1705564263017465693,D3:F4:55:AB:96:20,-56
BLE,1705564263431973487,DF:DF:EE:00:00:04,-34
BLE,1705564263591275637,D3:F4:55:AB:96:20,-43
BLE,1705564263782529382,D3:F4:55:AB:96:20,-56
BLE,1705564263965701365,DF:DF:EE:00:00:04,-39
BLE,1705564264198762818,DF:A6:DC:DC:2E:81,-65
BLE,1705564264198795901,DF:DF:EE:00:00:01,-65
BLE,1705564264423658760,DF:DF:EE:00:00:04,-35
BLE,1705564264561964953,D3:F4:55:AB:96:20,-59
BLE,1705564264759442528,D3:F4:55:AB:96:20,-58
BLE,1705564264951337389,D3:F4:55:AB:96:20,-54
BLE,1705564264970028087,DF:DF:EE:00:00:04,-36
BLE,1705564265333599258,D3:F4:55:AB:96:20,-55
BLE,1705564265429547460,DF:DF:EE:00:00:04,-23
BLE,1705564265910828695,D3:F4:55:AB:96:20,-59
BLE,1705564265968725178,DF:DF:EE:00:00:04,-39
BLE,1705564266432520492,DF:DF:EE:00:00:04,-36
BLE,1705564266489518487,D3:F4:55:AB:96:20,-58
BLE,1705564266675939342,D3:F4:55:AB:96:20,-58
BLE,1705564266967299772,DF:DF:EE:00:00:04,-34
BLE,1705564267252108544,D3:F4:55:AB:96:20,-58
BLE,1705564267426388234,DF:DF:EE:00:00:04,-35
BLE,1705564267831208413,D3:F4:55:AB:96:20,-56
BLE,1705564267963823561,DF:DF:EE:00:00:04,-34
BLE,1705564268023347813,DF:A6:DC:DC:2E:81,-66
BLE,1705564268023375229,DF:DF:EE:00:00:01,-66
BLE,1705564268210146787,D3:F4:55:AB:96:20,-56
BLE,1705564268431425488,DF:DF:EE:00:00:04,-34
BLE,1705564268596209894,D3:F4:55:AB:96:20,-56
BLE,1705564269429137677,DF:DF:EE:00:00:04,-36
BLE,1705564269549248082,D3:F4:55:AB:96:20,-57
BLE,1705564269737035709,D3:F4:55:AB:96:20,-57
BLE,1705564269970788569,DF:DF:EE:00:00:04,-37
BLE,1705564270319123120,D3:F4:55:AB:96:20,-59
BLE,1705564270515919205,D3:F4:55:AB:96:20,-57
BLE,1705564270566282293,DF:A6:DC:DC:2E:81,-66
BLE,1705564270566312959,DF:DF:EE:00:00:01,-66
BLE,1705564270708003397,D3:F4:55:AB:96:20,-56
BLE,1705564270965173763,DF:DF:EE:00:00:04,-38
BLE,1705564271479956031,D3:F4:55:AB:96:20,-68
BLE,1705564271860966167,D3:F4:55:AB:96:20,-55
BLE,1705564271861894779,D3:F4:55:AB:96:20,-57
BLE,1705564271967129226,DF:DF:EE:00:00:04,-34
BLE,1705564272248911290,D3:F4:55:AB:96:20,-57
BLE,1705564272426512934,DF:DF:EE:00:00:04,-39
BLE,1705564272441912219,D3:F4:55:AB:96:20,-55
BLE,1705564272637666610,D3:F4:55:AB:96:20,-59
BLE,1705564272833816745,D3:F4:55:AB:96:20,-57
BLE,1705564272969464059,DF:DF:EE:00:00:04,-39
BLE,1705564273029571427,D3:F4:55:AB:96:20,-55
BLE,1705564273110354841,DF:A6:DC:DC:2E:81,-65
BLE,1705564273110390299,DF:DF:EE:00:00:01,-65
BLE,1705564273225340901,D3:F4:55:AB:96:20,-59
BLE,1705564273418457579,D3:F4:55:AB:96:20,-58
BLE,1705564273431541063,DF:DF:EE:00:00:04,-36
BLE,1705564273605359718,D3:F4:55:AB:96:20,-57
BLE,1705564273972742003,DF:DF:EE:00:00:04,-36
BLE,1705564273986347938,D3:F4:55:AB:96:20,-57
BLE,1705564274179943026,D3:F4:55:AB:96:20,-63
BLE,1705564274562760554,D3:F4:55:AB:96:20,-57
BLE,1705564274755254448,D3:F4:55:AB:96:20,-59
BLE,1705564274967529566,DF:DF:EE:00:00:04,-38
BLE,1705564275430039814,DF:DF:EE:00:00:04,-36
BLE,1705564275532868295,D3:F4:55:AB:96:20,-57
BLE,1705564275651863049,DF:A6:DC:DC:2E:81,-66
BLE,1705564275651894591,DF:DF:EE:00:00:01,-66
BLE,1705564275719747934,D3:F4:55:AB:96:20,-59
BLE,1705564275968888246,DF:DF:EE:00:00:04,-35
BLE,1705564276104666725,D3:F4:55:AB:96:20,-59
BLE,1705564276426539104,DF:DF:EE:00:00:04,-36
BLE,1705564276686536639,D3:F4:55:AB:96:20,-59
BLE,1705564276881949201,D3:F4:55:AB:96:20,-58
BLE,1705564277429066517,DF:DF:EE:00:00:04,-34
BLE,1705564277462230637,D3:F4:55:AB:96:20,-54
BLE,1705564277655754142,D3:F4:55:AB:96:20,-57
BLE,1705564277970485246,DF:DF:EE:00:00:04,-35
BLE,1705564278197386243,DF:A6:DC:DC:2E:81,-66
BLE,1705564278197419285,DF:DF:EE:00:00:01,-66
BLE,1705564278239395865,D3:F4:55:AB:96:20,-59
BLE,1705564278426766123,DF:DF:EE:00:00:04,-35
BLE,1705564278435128589,D3:F4:55:AB:96:20,-57
BLE,1705564278627835731,D3:F4:55:AB:96:20,-56
BLE,1705564278965262601,DF:DF:EE:00:00:04,-35
BLE,1705564279007234848,D3:F4:55:AB:96:20,-59
BLE,1705564279401648422,D3:F4:55:AB:96:20,-57
BLE,1705564279426601365,DF:DF:EE:00:00:04,-38
BLE,1705564279589202136,D3:F4:55:AB:96:20,-59
BLE,1705564279788604267,D3:F4:55:AB:96:20,-57
BLE,1705564279975595905,D3:F4:55:AB:96:20,-59
BLE,1705564280170402434,D3:F4:55:AB:96:20,-58
BLE,1705564280361135603,D3:F4:55:AB:96:20,-55
BLE,1705564280431163125,DF:DF:EE:00:00:04,-36
BLE,1705564280735241253,DF:A6:DC:DC:2E:81,-66
BLE,1705564280735287877,DF:DF:EE:00:00:01,-66
BLE,1705564280741007631,D3:F4:55:AB:96:20,-59
BLE,1705564280972777810,DF:DF:EE:00:00:04,-35
BLE,1705564281129876199,D3:F4:55:AB:96:20,-55
BLE,1705564281425581485,DF:DF:EE:00:00:04,-39
BLE,1705564281511478660,D3:F4:55:AB:96:20,-56
BLE,1705564281897760306,D3:F4:55:AB:96:20,-57
BLE,1705564281965769398,DF:DF:EE:00:00:04,-39
BLE,1705564282428672182,DF:DF:EE:00:00:04,-35
BLE,1705564282430033580,DF:DF:EE:00:00:04,-36
BLE,1705564282655259601,D3:F4:55:AB:96:20,-56
BLE,1705564282973091745,DF:DF:EE:00:00:04,-35
BLE,1705564283423400413,D3:F4:55:AB:96:20,-54
BLE,1705564283611686325,D3:F4:55:AB:96:20,-58
BLE,1705564283797470438,D3:F4:55:AB:96:20,-59
BLE,1705564283972874655,DF:DF:EE:00:00:04,-39
BLE,1705564283993058289,D3:F4:55:AB:96:20,-57
BLE,1705564284181588323,D3:F4:55:AB:96:20,-57
BLE,1705564284377951080,D3:F4:55:AB:96:20,-57
BLE,1705564284542895151,DF:A6:DC:DC:2E:81,-66
BLE,1705564284542925734,DF:DF:EE:00:00:01,-66
BLE,1705564284572046952,D3:F4:55:AB:96:20,-55
BLE,1705564284951453861,D3:F4:55:AB:96:20,-54
BLE,1705564285433127883,DF:DF:EE:00:00:04,-40
BLE,1705564285529991696,D3:F4:55:AB:96:20,-57
BLE,1705564285724469772,D3:F4:55:AB:96:20,-58
BLE,1705564285920945611,D3:F4:55:AB:96:20,-56
BLE,1705564286117117662,D3:F4:55:AB:96:20,-57
BLE,1705564286308848067,D3:F4:55:AB:96:20,-58
BLE,1705564286425660394,DF:DF:EE:00:00:04,-39
BLE,1705564286496873274,D3:F4:55:AB:96:20,-58
BLE,1705564286964856196,DF:DF:EE:00:00:04,-40
BLE,1705564287068007172,D3:F4:55:AB:96:20,-56
BLE,1705564287083073170,DF:A6:DC:DC:2E:81,-64
BLE,1705564287083104253,DF:DF:EE:00:00:01,-64
BLE,1705564287422510428,DF:DF:EE:00:00:04,-35
BLE,1705564287458213805,D3:F4:55:AB:96:20,-57
BLE,1705564287647883030,D3:F4:55:AB:96:20,-59
BLE,1705564287840608463,D3:F4:55:AB:96:20,-58
BLE,1705564288027654184,D3:F4:55:AB:96:20,-60
BLE,1705564288224444727,D3:F4:55:AB:96:20,-57
BLE,1705564288432422780,DF:DF:EE:00:00:04,-35
BLE,1705564288813116588,D3:F4:55:AB:96:20,-58
BLE,1705564289196775937,D3:F4:55:AB:96:20,-59
BLE,1705564289385448510,D3:F4:55:AB:96:20,-55
BLE,1705564289429443687,DF:DF:EE:00:00:04,-36
BLE,1705564289581873016,D3:F4:55:AB:96:20,-59
BLE,1705564289962920736,D3:F4:55:AB:96:20,-58
BLE,1705564290342896928,D3:F4:55:AB:96:20,-59
BLE,1705564290542261560,D3:F4:55:AB:96:20,-58
BLE,1705564290738432070,D3:F4:55:AB:96:20,-55
BLE,1705564290970746033,DF:DF:EE:00:00:04,-23
BLE,1705564291427538944,DF:DF:EE:00:00:04,-35
BLE,1705564291501861073,D3:F4:55:AB:96:20,-55
BLE,1705564291882828085,D3:F4:55:AB:96:20,-54
BLE,1705564291963100297,DF:DF:EE:00:00:04,-35
BLE,1705564292654110853,D3:F4:55:AB:96:20,-57
BLE,1705564292972942567,DF:DF:EE:00:00:04,-39
BLE,1705564293042961839,D3:F4:55:AB:96:20,-59
BLE,1705564293232802604,D3:F4:55:AB:96:20,-56
BLE,1705564293427588049,D3:F4:55:AB:96:20,-44
BLE,1705564293429766269,DF:DF:EE:00:00:04,-35
BLE,1705564293620772059,D3:F4:55:AB:96:20,-57
BLE,1705564293809112929,D3:F4:55:AB:96:20,-59
BLE,1705564293963804643,DF:DF:EE:00:00:04,-38
BLE,1705564294194377464,D3:F4:55:AB:96:20,-59
BLE,1705564294390197895,D3:F4:55:AB:96:20,-57
BLE,1705564294426771426,DF:DF:EE:00:00:04,-35
BLE,1705564294581874176,D3:F4:55:AB:96:20,-56
BLE,1705564294707661294,DF:A6:DC:DC:2E:81,-64
BLE,1705564294707689919,DF:DF:EE:00:00:01,-64
BLE,1705564294971427902,D3:F4:55:AB:96:20,-41
BLE,1705564295157543719,D3:F4:55:AB:96:20,-43
BLE,1705564295349595994,D3:F4:55:AB:96:20,-40
BLE,1705564295542888711,D3:F4:55:AB:96:20,-59
BLE,1705564295740704490,D3:F4:55:AB:96:20,-57
BLE,1705564295930630379,D3:F4:55:AB:96:20,-56
BLE,1705564296123942845,D3:F4:55:AB:96:20,-58
BLE,1705564296314878053,D3:F4:55:AB:96:20,-56
BLE,1705564296429541201,DF:DF:EE:00:00:04,-36
BLE,1705564296505463308,D3:F4:55:AB:96:20,-57
BLE,1705564296693964466,D3:F4:55:AB:96:20,-57
BLE,1705564296965436966,DF:DF:EE:00:00:04,-36
BLE,1705564297276942365,D3:F4:55:AB:96:20,-58
BLE,1705564297427622385,DF:DF:EE:00:00:04,-39
BLE,1705564297470492286,D3:F4:55:AB:96:20,-56
BLE,1705564297656905766,D3:F4:55:AB:96:20,-59
BLE,1705564297854599838,D3:F4:55:AB:96:20,-57
BLE,1705564297965833409,DF:DF:EE:00:00:04,-39
BLE,1705564298424297964,DF:DF:EE:00:00:04,-36
BLE,1705564298624586291,D3:F4:55:AB:96:20,-59
BLE,1705564298819745565,D3:F4:55:AB:96:20,-57
BLE,1705564298969297559,DF:DF:EE:00:00:04,-35
BLE,1705564299006795077,D3:F4:55:AB:96:20,-59
BLE,1705564299198294069,D3:F4:55:AB:96:20,-56
BLE,1705564299392809727,D3:F4:55:AB:96:20,-59
BLE,1705564299429520923,DF:DF:EE:00:00:04,-38
BLE,1705564299588452494,D3:F4:55:AB:96:20,-58
BLE,1705564299785798655,D3:F4:55:AB:96:20,-57
BLE,1705564299963468215,DF:DF:EE:00:00:04,-35
BLE,1705564299974537643,D3:F4:55:AB:96:20,-59
BLE,1705564300355349449,D3:F4:55:AB:96:20,-59
BLE,1705564300424582565,DF:DF:EE:00:00:04,-34
BLE,1705564300546547278,D3:F4:55:AB:96:20,-56
BLE,1705564300735262517,D3:F4:55:AB:96:20,-57
BLE,1705564300922035409,D3:F4:55:AB:96:20,-43
BLE,1705564301300280417,D3:F4:55:AB:96:20,-59
BLE,1705564301423967856,DF:DF:EE:00:00:04,-34
BLE,1705564301498432732,D3:F4:55:AB:96:20,-57
BLE,1705564301685287081,D3:F4:55:AB:96:20,-57
BLE,1705564301881610005,D3:F4:55:AB:96:20,-57
BLE,1705564301969659192,DF:DF:EE:00:00:04,-52
BLE,1705564302069519339,D3:F4:55:AB:96:20,-58
BLE,1705564302264648238,D3:F4:55:AB:96:20,-56
BLE,1705564302430906166,DF:DF:EE:00:00:04,-36
BLE,1705564302452753194,D3:F4:55:AB:96:20,-57
BLE,1705564302646909941,D3:F4:55:AB:96:20,-59
BLE,1705564302841660720,D3:F4:55:AB:96:20,-54
BLE,1705564302967457463,DF:DF:EE:00:00:04,-34
BLE,1705564303223359680,D3:F4:55:AB:96:20,-56
BLE,1705564303419097946,D3:F4:55:AB:96:20,-58
BLE,1705564303426839796,DF:DF:EE:00:00:04,-36
BLE,1705564303619101736,DF:A6:DC:DC:2E:81,-65
BLE,1705564303619132986,DF:DF:EE:00:00:01,-65
BLE,1705564303810258483,D3:F4:55:AB:96:20,-54
BLE,1705564303966049848,DF:DF:EE:00:00:04,-36
BLE,1705564304197173661,D3:F4:55:AB:96:20,-41
BLE,1705564304386042440,D3:F4:55:AB:96:20,-58
BLE,1705564304778583957,D3:F4:55:AB:96:20,-56
BLE,1705564304964414778,DF:DF:EE:00:00:04,-38
BLE,1705564304970402653,D3:F4:55:AB:96:20,-59
BLE,1705564305163685036,D3:F4:55:AB:96:20,-57
BLE,1705564305426833819,DF:DF:EE:00:00:04,-36
BLE,1705564305555928474,D3:F4:55:AB:96:20,-57
BLE,1705564305748141873,D3:F4:55:AB:96:20,-57
BLE,1705564305940907388,D3:F4:55:AB:96:20,-57
BLE,1705564306164143562,DF:A6:DC:DC:2E:81,-65
BLE,1705564306164173811,DF:DF:EE:00:00:01,-65
BLE,1705564306334410017,D3:F4:55:AB:96:20,-57
BLE,1705564306902599622,D3:F4:55:AB:96:20,-60
BLE,1705564306964099638,DF:DF:EE:00:00:04,-38
BLE,1705564307102305624,D3:F4:55:AB:96:20,-57
BLE,1705564307295039390,D3:F4:55:AB:96:20,-56
BLE,1705564307428732606,DF:DF:EE:00:00:04,-36
BLE,1705564307486034431,D3:F4:55:AB:96:20,-57
BLE,1705564307680942792,D3:F4:55:AB:96:20,-55
BLE,1705564307961300709,DF:DF:EE:00:00:04,-34
BLE,1705564308065901873,D3:F4:55:AB:96:20,-58
BLE,1705564308260502780,D3:F4:55:AB:96:20,-55
BLE,1705564308428449142,DF:DF:EE:00:00:04,-38
BLE,1705564308452874926,D3:F4:55:AB:96:20,-57
BLE,1705564308638902869,D3:F4:55:AB:96:20,-59
BLE,1705564308833446235,D3:F4:55:AB:96:20,-58
BLE,1705564308967859733,DF:DF:EE:00:00:04,-39
BLE,1705564309023454456,D3:F4:55:AB:96:20,-58
BLE,1705564309214670744,D3:F4:55:AB:96:20,-57
BLE,1705564309400437732,D3:F4:55:AB:96:20,-52
BLE,1705564309968950833,DF:DF:EE:00:00:04,-35
BLE,1705564310429728647,DF:DF:EE:00:00:04,-46
BLE,1705564310553529792,D3:F4:55:AB:96:20,-60
BLE,1705564310942482485,D3:F4:55:AB:96:20,-50
BLE,1705564310962666744,DF:DF:EE:00:00:04,-35
BLE,1705564311328971128,D3:F4:55:AB:96:20,-57
BLE,1705564311425955565,DF:DF:EE:00:00:04,-35
BLE,1705564311521159527,D3:F4:55:AB:96:20,-58
BLE,1705564311713353050,D3:F4:55:AB:96:20,-58
BLE,1705564311965452904,DF:DF:EE:00:00:04,-17
BLE,1705564312292264381,D3:F4:55:AB:96:20,-56
BLE,1705564312430440909,DF:DF:EE:00:00:04,-37
BLE,1705564312485502432,D3:F4:55:AB:96:20,-59
BLE,1705564312680137755,D3:F4:55:AB:96:20,-57
BLE,1705564312870773175,D3:F4:55:AB:96:20,-58
BLE,1705564312963887375,DF:DF:EE:00:00:04,-36
BLE,1705564313064412970,D3:F4:55:AB:96:20,-58
BLE,1705564313425910588,DF:DF:EE:00:00:04,-39
BLE,1705564313454860267,D3:F4:55:AB:96:20,-57
BLE,1705564313792441218,DF:A6:DC:DC:2E:81,-66
BLE,1705564313792496842,DF:DF:EE:00:00:01,-66
BLE,1705564313844780112,D3:F4:55:AB:96:20,-56
BLE,1705564313968662507,DF:DF:EE:00:00:04,-35
BLE,1705564314036834596,D3:F4:55:AB:96:20,-59
BLE,1705564314236218936,D3:F4:55:AB:96:20,-57
BLE,1705564314421251518,D3:F4:55:AB:96:20,-59
BLE,1705564314425620582,DF:DF:EE:00:00:04,-36
BLE,1705564314816936241,D3:F4:55:AB:96:20,-57
BLE,1705564314965943493,DF:DF:EE:00:00:04,-35
BLE,1705564315009057099,D3:F4:55:AB:96:20,-43
BLE,1705564315201840698,D3:F4:55:AB:96:20,-57
BLE,1705564315585242676,D3:F4:55:AB:96:20,-57
BLE,1705564315771108038,D3:F4:55:AB:96:20,-59
BLE,1705564316353720317,D3:F4:55:AB:96:20,-58
BLE,1705564316424786074,DF:DF:EE:00:00:04,-35
BLE,1705564316552060838,D3:F4:55:AB:96:20,-58
BLE,1705564316740618746,D3:F4:55:AB:96:20,-44
BLE,1705564316965281816,DF:DF:EE:00:00:04,-35
BLE,1705564317316648325,D3:F4:55:AB:96:20,-53
BLE,1705564317428716051,DF:DF:EE:00:00:04,-40
BLE,1705564317892345784,D3:F4:55:AB:96:20,-56
BLE,1705564317967298404,DF:DF:EE:00:00:04,-40
BLE,1705564318281477598,D3:F4:55:AB:96:20,-57
BLE,1705564318847676231,D3:F4:55:AB:96:20,-58
BLE,1705564318966358240,DF:DF:EE:00:00:04,-35
BLE,1705564319428894488,DF:DF:EE:00:00:04,-38
BLE,1705564319617265482,D3:F4:55:AB:96:20,-59
BLE,1705564319814417811,D3:F4:55:AB:96:20,-57
BLE,1705564319968736489,DF:DF:EE:00:00:04,-39
BLE,1705564320157205565,DF:A6:DC:DC:2E:81,-50
BLE,1705564320157254439,DF:DF:EE:00:00:01,-50
BLE,1705564320200738957,D3:F4:55:AB:96:20,-59
BLE,1705564320389435696,D3:F4:55:AB:96:20,-56
BLE,1705564320430642371,DF:DF:EE:00:00:04,-34
BLE,1705564320584505221,D3:F4:55:AB:96:20,-57
BLE,1705564320783283236,D3:F4:55:AB:96:20,-58
BLE,1705564320967575996,DF:DF:EE:00:00:04,-35
BLE,1705564321358765615,D3:F4:55:AB:96:20,-55
BLE,1705564321421139077,DF:DF:EE:00:00:04,-35
BLE,1705564321553777224,D3:F4:55:AB:96:20,-59
BLE,1705564321746914985,D3:F4:55:AB:96:20,-58
BLE,1705564321942555544,D3:F4:55:AB:96:20,-55
BLE,1705564321967472321,DF:DF:EE:00:00:04,-37
BLE,1705564322138218477,D3:F4:55:AB:96:20,-57
BLE,1705564322331257823,D3:F4:55:AB:96:20,-58
BLE,1705564322428691420,DF:DF:EE:00:00:04,-35
BLE,1705564322523969214,D3:F4:55:AB:96:20,-59
BLE,1705564322716094031,D3:F4:55:AB:96:20,-56
BLE,1705564322903771492,D3:F4:55:AB:96:20,-58
BLE,1705564323092589480,D3:F4:55:AB:96:20,-56
BLE,1705564323283271025,D3:F4:55:AB:96:20,-59
BLE,1705564323429211028,DF:DF:EE:00:00:04,-35
BLE,1705564323472500465,D3:F4:55:AB:96:20,-55
BLE,1705564323858182661,D3:F4:55:AB:96:20,-56
BLE,1705564323969018613,DF:DF:EE:00:00:04,-35
BLE,1705564324050680431,D3:F4:55:AB:96:20,-43
BLE,1705564324243275491,D3:F4:55:AB:96:20,-57
BLE,1705564324427259379,DF:DF:EE:00:00:04,-38
BLE,1705564324626470471,D3:F4:55:AB:96:20,-58
BLE,1705564324822592524,D3:F4:55:AB:96:20,-55
BLE,1705564325013891102,D3:F4:55:AB:96:20,-57
BLE,1705564325199635924,D3:F4:55:AB:96:20,-59
BLE,1705564325425791182,DF:DF:EE:00:00:04,-34
BLE,1705564325583657935,D3:F4:55:AB:96:20,-57
BLE,1705564325962737056,DF:DF:EE:00:00:04,-35
BLE,1705564326161266200,D3:F4:55:AB:96:20,-58
BLE,1705564326351176464,D3:F4:55:AB:96:20,-55
BLE,1705564326731375278,D3:F4:55:AB:96:20,-59
BLE,1705564326921276251,D3:F4:55:AB:96:20,-58
BLE,1705564326970796809,DF:DF:EE:00:00:04,-45
BLE,1705564327113805937,D3:F4:55:AB:96:20,-59
BLE,1705564327306196166,D3:F4:55:AB:96:20,-57
BLE,1705564327431764079,DF:DF:EE:00:00:04,-35
BLE,1705564327500924196,D3:F4:55:AB:96:20,-55
BLE,1705564327889605934,D3:F4:55:AB:96:20,-57
BLE,1705564327970844341,DF:DF:EE:00:00:04,-36
BLE,1705564328080022316,D3:F4:55:AB:96:20,-58
BLE,1705564328273383323,D3:F4:55:AB:96:20,-58
BLE,1705564328432705639,DF:DF:EE:00:00:04,-23
BLE,1705564328458923190,D3:F4:55:AB:96:20,-59
BLE,1705564328841184934,D3:F4:55:AB:96:20,-58
BLE,1705564328971615653,DF:DF:EE:00:00:04,-40
BLE,1705564329036471123,D3:F4:55:AB:96:20,-58
BLE,1705564329047460677,DF:A6:DC:DC:2E:81,-64
BLE,1705564329047487135,DF:DF:EE:00:00:01,-64
BLE,1705564329227117626,D3:F4:55:AB:96:20,-59
BLE,1705564329419667728,D3:F4:55:AB:96:20,-41
BLE,1705564329426258553,DF:DF:EE:00:00:04,-21
BLE,1705564329609703032,D3:F4:55:AB:96:20,-59
BLE,1705564329799279176,D3:F4:55:AB:96:20,-55
BLE,1705564329996248466,D3:F4:55:AB:96:20,-55
BLE,1705564330188965441,D3:F4:55:AB:96:20,-57
BLE,1705564330424333612,DF:DF:EE:00:00:04,-37
BLE,1705564330571840593,D3:F4:55:AB:96:20,-58
BLE,1705564330760874536,D3:F4:55:AB:96:20,-56
BLE,1705564330960852868,DF:DF:EE:00:00:04,-35
BLE,1705564331156386803,D3:F4:55:AB:96:20,-58
BLE,1705564331353719214,D3:F4:55:AB:96:20,-57
BLE,1705564331546033569,D3:F4:55:AB:96:20,-59
BLE,1705564331587929359,DF:A6:DC:DC:2E:81,-65
BLE,1705564331587959233,DF:DF:EE:00:00:01,-65
BLE,1705564331961897302,DF:DF:EE:00:00:04,-46
BLE,1705564332321596736,D3:F4:55:AB:96:20,-57
BLE,1705564332513492680,D3:F4:55:AB:96:20,-57
BLE,1705564332708760245,D3:F4:55:AB:96:20,-58
BLE,1705564332903325194,D3:F4:55:AB:96:20,-55
BLE,1705564332969120900,DF:DF:EE:00:00:04,-35
BLE,1705564333097110070,D3:F4:55:AB:96:20,-57
BLE,1705564333288817226,D3:F4:55:AB:96:20,-58
BLE,1705564333427754785,DF:DF:EE:00:00:04,-38
BLE,1705564333480908668,D3:F4:55:AB:96:20,-59
BLE,1705564333675600281,D3:F4:55:AB:96:20,-67
BLE,1705564333862855374,D3:F4:55:AB:96:20,-59
BLE,1705564334131642870,DF:A6:DC:DC:2E:81,-65
BLE,1705564334131677369,DF:DF:EE:00:00:01,-65
BLE,1705564334422475474,DF:DF:EE:00:00:04,-35
BLE,1705564334635248627,D3:F4:55:AB:96:20,-55
BLE,1705564334827752938,D3:F4:55:AB:96:20,-59
BLE,1705564334966836912,DF:DF:EE:00:00:04,-35
BLE,1705564335019076891,D3:F4:55:AB:96:20,-55
BLE,1705564335427762682,DF:DF:EE:00:00:04,-39
BLE,1705564335589010138,D3:F4:55:AB:96:20,-58
BLE,1705564335776625643,D3:F4:55:AB:96:20,-58
BLE,1705564335968750084,D3:F4:55:AB:96:20,-57
BLE,1705564335970872638,DF:DF:EE:00:00:04,-40
BLE,1705564336159102217,D3:F4:55:AB:96:20,-59
BLE,1705564336352974800,D3:F4:55:AB:96:20,-58
BLE,1705564336673470657,DF:A6:DC:DC:2E:81,-65
BLE,1705564336673506198,DF:DF:EE:00:00:01,-65
BLE,1705564336738261044,D3:F4:55:AB:96:20,-59
BLE,1705564336927744564,D3:F4:55:AB:96:20,-55
BLE,1705564337121289027,D3:F4:55:AB:96:20,-59
BLE,1705564337312982058,D3:F4:55:AB:96:20,-56
BLE,1705564337430742080,DF:DF:EE:00:00:04,-38
BLE,1705564337503699477,D3:F4:55:AB:96:20,-59
BLE,1705564337964424375,DF:DF:EE:00:00:04,-35
BLE,1705564338453933329,D3:F4:55:AB:96:20,-58
BLE,1705564338841101838,D3:F4:55:AB:96:20,-56
BLE,1705564338962367936,DF:DF:EE:00:00:04,-39
BLE,1705564339033689815,D3:F4:55:AB:96:20,-59
BLE,1705564339230419483,D3:F4:55:AB:96:20,-41
BLE,1705564339416048849,D3:F4:55:AB:96:20,-59
BLE,1705564339424837351,DF:DF:EE:00:00:04,-35
BLE,1705564339615032611,D3:F4:55:AB:96:20,-56
BLE,1705564339800434855,D3:F4:55:AB:96:20,-58
BLE,1705564339969735323,DF:DF:EE:00:00:04,-37
BLE,1705564339995115010,D3:F4:55:AB:96:20,-57
BLE,1705564340184465324,D3:F4:55:AB:96:20,-57
BLE,1705564340422839286,DF:DF:EE:00:00:04,-38
BLE,1705564340496487049,DF:A6:DC:DC:2E:81,-65
BLE,1705564340496521132,DF:DF:EE:00:00:01,-65
BLE,1705564340567412350,D3:F4:55:AB:96:20,-57
BLE,1705564340761807510,D3:F4:55:AB:96:20,-57
BLE,1705564340949778717,D3:F4:55:AB:96:20,-57
BLE,1705564340962355417,DF:DF:EE:00:00:04,-40
BLE,1705564341142324778,D3:F4:55:AB:96:20,-57
BLE,1705564341331837631,D3:F4:55:AB:96:20,-58
BLE,1705564341526578494,D3:F4:55:AB:96:20,-56
BLE,1705564341721593145,D3:F4:55:AB:96:20,-56
BLE,1705564341967399212,DF:DF:EE:00:00:04,-35
BLE,1705564342102662197,D3:F4:55:AB:96:20,-55
BLE,1705564342293214744,D3:F4:55:AB:96:20,-57
BLE,1705564342425478896,DF:DF:EE:00:00:04,-39
BLE,1705564342674322587,D3:F4:55:AB:96:20,-57
BLE,1705564342969558672,DF:DF:EE:00:00:04,-38
BLE,1705564343256744410,D3:F4:55:AB:96:20,-58
BLE,1705564343644603243,D3:F4:55:AB:96:20,-57
BLE,1705564343832126207,D3:F4:55:AB:96:20,-57
BLE,1705564343966180584,DF:DF:EE:00:00:04,-35
BLE,1705564344426916399,DF:DF:EE:00:00:04,-23
BLE,1705564344607113840,D3:F4:55:AB:96:20,-57
BLE,1705564344963819399,DF:DF:EE:00:00:04,-36
BLE,1705564345425632032,DF:DF:EE:00:00:04,-34
BLE,1705564345575543188,D3:F4:55:AB:96:20,-57
BLE,1705564345764977834,D3:F4:55:AB:96:20,-53
BLE,1705564345958676878,D3:F4:55:AB:96:20,-58
BLE,1705564346151176397,D3:F4:55:AB:96:20,-56
BLE,1705564346424056211,DF:DF:EE:00:00:04,-36
BLE,1705564346544042452,D3:F4:55:AB:96:20,-57
BLE,1705564346736658011,D3:F4:55:AB:96:20,-56
BLE,1705564346866153661,DF:A6:DC:DC:2E:81,-66
BLE,1705564346866185535,DF:DF:EE:00:00:01,-66
BLE,1705564346963923295,DF:DF:EE:00:00:04,-36
BLE,1705564347126732729,D3:F4:55:AB:96:20,-57
BLE,1705564347314209361,D3:F4:55:AB:96:20,-59
BLE,1705564347429309169,DF:DF:EE:00:00:04,-34
BLE,1705564347508834684,D3:F4:55:AB:96:20,-58
BLE,1705564347892844903,D3:F4:55:AB:96:20,-57
BLE,1705564348275961552,D3:F4:55:AB:96:20,-58
BLE,1705564348467171673,D3:F4:55:AB:96:20,-59
BLE,1705564348660713469,D3:F4:55:AB:96:20,-57
BLE,1705564348853126698,D3:F4:55:AB:96:20,-55
BLE,1705564349046281334,D3:F4:55:AB:96:20,-59
BLE,1705564349407143376,DF:A6:DC:DC:2E:81,-66
BLE,1705564349407175959,DF:DF:EE:00:00:01,-66
BLE,1705564349425370538,DF:DF:EE:00:00:04,-40
BLE,1705564349621974751,D3:F4:55:AB:96:20,-55
BLE,1705564349815096261,D3:F4:55:AB:96:20,-59
BLE,1705564350005050941,D3:F4:55:AB:96:20,-55
BLE,1705564350006388423,D3:F4:55:AB:96:20,-57
BLE,1705564350201497948,D3:F4:55:AB:96:20,-55
BLE,1705564350420530638,DF:DF:EE:00:00:04,-35
BLE,1705564350591691206,D3:F4:55:AB:96:20,-58
BLE,1705564350967554289,DF:DF:EE:00:00:04,-34
BLE,1705564351361873698,D3:F4:55:AB:96:20,-58
BLE,1705564351421648196,DF:DF:EE:00:00:04,-36
BLE,1705564351549771323,D3:F4:55:AB:96:20,-57
BLE,1705564351952912067,DF:A6:DC:DC:2E:81,-65
BLE,1705564351952945608,DF:DF:EE:00:00:01,-65
BLE,1705564351968065730,DF:DF:EE:00:00:04,-39
BLE,1705564352318076050,D3:F4:55:AB:96:20,-55
BLE,1705564352706748162,D3:F4:55:AB:96:20,-58
BLE,1705564352899495637,D3:F4:55:AB:96:20,-59
BLE,1705564352961562187,DF:DF:EE:00:00:04,-35
BLE,1705564353287887628,D3:F4:55:AB:96:20,-55
BLE,1705564353483028361,D3:F4:55:AB:96:20,-59
BLE,1705564353675116845,D3:F4:55:AB:96:20,-57
BLE,1705564353865332063,D3:F4:55:AB:96:20,-59
BLE,1705564353968246167,DF:DF:EE:00:00:04,-39
BLE,1705564354062255145,D3:F4:55:AB:96:20,-58
BLE,1705564354428754734,DF:DF:EE:00:00:04,-36
BLE,1705564354449210699,D3:F4:55:AB:96:20,-59
BLE,1705564354647525845,D3:F4:55:AB:96:20,-57
BLE,1705564354833738828,D3:F4:55:AB:96:20,-59
BLE,1705564355024668619,D3:F4:55:AB:96:20,-58
BLE,1705564355212037752,D3:F4:55:AB:96:20,-59
BLE,1705564355406643034,D3:F4:55:AB:96:20,-57
BLE,1705564355423480715,DF:DF:EE:00:00:04,-35
BLE,1705564355595254107,D3:F4:55:AB:96:20,-59
BLE,1705564355774377772,DF:A6:DC:DC:2E:81,-66
BLE,1705564355774423938,DF:DF:EE:00:00:01,-66
BLE,1705564355785224371,D3:F4:55:AB:96:20,-56
BLE,1705564355963033679,DF:DF:EE:00:00:04,-34
BLE,1705564355979535073,D3:F4:55:AB:96:20,-59
BLE,1705564356363821705,D3:F4:55:AB:96:20,-59
BLE,1705564356554542708,D3:F4:55:AB:96:20,-58
BLE,1705564356742106672,D3:F4:55:AB:96:20,-44
BLE,1705564356962013475,DF:DF:EE:00:00:04,-39
BLE,1705564357120729550,D3:F4:55:AB:96:20,-57
BLE,1705564357421568556,DF:DF:EE:00:00:04,-36
BLE,1705564357511524716,D3:F4:55:AB:96:20,-60
BLE,1705564357707580394,D3:F4:55:AB:96:20,-56
BLE,1705564357898974887,D3:F4:55:AB:96:20,-54
BLE,1705564357968233587,DF:DF:EE:00:00:04,-35
BLE,1705564358275714250,D3:F4:55:AB:96:20,-59
BLE,1705564358316174227,DF:A6:DC:DC:2E:81,-65
BLE,1705564358316202435,DF:DF:EE:00:00:01,-65
BLE,1705564358425326577,DF:DF:EE:00:00:04,-39
BLE,1705564358471059563,D3:F4:55:AB:96:20,-57
BLE,1705564358665180935,D3:F4:55:AB:96:20,-56
BLE,1705564358856790800,D3:F4:55:AB:96:20,-59
BLE,1705564358962832402,DF:DF:EE:00:00:04,-39
BLE,1705564359046882728,D3:F4:55:AB:96:20,-55
BLE,1705564359421599536,DF:DF:EE:00:00:04,-35
BLE,1705564359430266748,D3:F4:55:AB:96:20,-55
BLE,1705564359618942071,D3:F4:55:AB:96:20,-58
BLE,1705564359965179943,DF:DF:EE:00:00:04,-35
BLE,1705564360000827570,D3:F4:55:AB:96:20,-57
BLE,1705564360189307771,D3:F4:55:AB:96:20,-58
BLE,1705564360430154782,DF:DF:EE:00:00:04,-40
BLE,1705564360582072368,D3:F4:55:AB:96:20,-57
BLE,1705564360770855440,D3:F4:55:AB:96:20,-59
BLE,1705564360861527340,DF:A6:DC:DC:2E:81,-65
BLE,1705564360861561339,DF:DF:EE:00:00:01,-65
BLE,1705564360962421847,DF:DF:EE:00:00:04,-35
BLE,1705564361164133780,D3:F4:55:AB:96:20,-54
BLE,1705564361359596508,D3:F4:55:AB:96:20,-59
BLE,1705564361427299979,DF:DF:EE:00:00:04,-35
BLE,1705564361428985413,DF:DF:EE:00:00:04,-35
BLE,1705564361551803490,D3:F4:55:AB:96:20,-57
BLE,1705564361967683639,DF:DF:EE:00:00:04,-34
BLE,1705564362128180814,D3:F4:55:AB:96:20,-55
BLE,1705564362322784012,D3:F4:55:AB:96:20,-59
BLE,1705564362430334218,DF:DF:EE:00:00:04,-38
BLE,1705564362518224324,D3:F4:55:AB:96:20,-58
BLE,1705564362704629845,D3:F4:55:AB:96:20,-59
BLE,1705564362904017144,D3:F4:55:AB:96:20,-57
BLE,1705564362968376745,DF:DF:EE:00:00:04,-23
BLE,1705564363099197209,D3:F4:55:AB:96:20,-56
BLE,1705564363294645896,D3:F4:55:AB:96:20,-59
BLE,1705564363406422251,DF:A6:DC:DC:2E:81,-50
BLE,1705564363406452584,DF:DF:EE:00:00:01,-50
BLE,1705564363426293348,DF:DF:EE:00:00:04,-25
BLE,1705564363487208081,D3:F4:55:AB:96:20,-57
BLE,1705564363683354716,D3:F4:55:AB:96:20,-55
BLE,1705564363968073364,DF:DF:EE:00:00:04,-34
BLE,1705564364066856109,D3:F4:55:AB:96:20,-54
BLE,1705564364257069661,D3:F4:55:AB:96:20,-58
BLE,1705564364425581849,DF:DF:EE:00:00:04,-35
BLE,1705564364452922967,D3:F4:55:AB:96:20,-57
BLE,1705564364647849202,D3:F4:55:AB:96:20,-56
BLE,1705564364836722481,D3:F4:55:AB:96:20,-58
BLE,1705564364959808512,DF:DF:EE:00:00:04,-35
BLE,1705564365025898922,D3:F4:55:AB:96:20,-59
BLE,1705564365413279011,D3:F4:55:AB:96:20,-54
BLE,1705564365429121790,DF:DF:EE:00:00:04,-36
BLE,1705564366179132647,D3:F4:55:AB:96:20,-56
BLE,1705564366375623527,D3:F4:55:AB:96:20,-60
BLE,1705564366420805188,DF:DF:EE:00:00:04,-34
BLE,1705564366567118727,D3:F4:55:AB:96:20,-57
BLE,1705564366762210336,D3:F4:55:AB:96:20,-55
BLE,1705564366957519649,D3:F4:55:AB:96:20,-59
BLE,1705564366967158390,DF:DF:EE:00:00:04,-35
BLE,1705564367229525808,DF:A6:DC:DC:2E:81,-66
BLE,1705564367229558308,DF:DF:EE:00:00:01,-66
BLE,1705564367422138659,DF:DF:EE:00:00:04,-40
BLE,1705564367537270218,D3:F4:55:AB:96:20,-57
BLE,1705564367733971054,D3:F4:55:AB:96:20,-56
BLE,1705564368308358906,D3:F4:55:AB:96:20,-59
BLE,1705564368422155483,DF:DF:EE:00:00:04,-35
BLE,1705564368504739704,D3:F4:55:AB:96:20,-58
BLE,1705564368964658738,DF:DF:EE:00:00:04,-35
BLE,1705564369081021196,D3:F4:55:AB:96:20,-55
BLE,1705564369270105389,D3:F4:55:AB:96:20,-58
BLE,1705564369430337609,DF:DF:EE:00:00:04,-38
BLE,1705564369458336968,D3:F4:55:AB:96:20,-60
BLE,1705564369649684253,D3:F4:55:AB:96:20,-57
BLE,1705564369775116835,DF:A6:DC:DC:2E:81,-67
BLE,1705564369775147251,DF:DF:EE:00:00:01,-67
BLE,1705564369842689557,D3:F4:55:AB:96:20,-59
BLE,1705564369844213911,D3:F4:55:AB:96:20,-55
BLE,1705564370036186188,D3:F4:55:AB:96:20,-58
BLE,1705564370414837607,D3:F4:55:AB:96:20,-57
BLE,1705564370422025007,DF:DF:EE:00:00:04,-34
BLE,1705564370604163838,D3:F4:55:AB:96:20,-57
BLE,1705564370965962784,DF:DF:EE:00:00:04,-36
BLE,1705564370984819229,D3:F4:55:AB:96:20,-59
BLE,1705564371372305775,D3:F4:55:AB:96:20,-59
BLE,1705564371420997595,DF:DF:EE:00:00:04,-36
BLE,1705564371767018762,D3:F4:55:AB:96:20,-57
BLE,1705564371957922387,D3:F4:55:AB:96:20,-59
BLE,1705564371959251868,D3:F4:55:AB:96:20,-55
BLE,1705564371963335895,DF:DF:EE:00:00:04,-36
BLE,1705564372148396810,D3:F4:55:AB:96:20,-58
BLE,1705564372341770775,D3:F4:55:AB:96:20,-56
BLE,1705564372426390260,DF:DF:EE:00:00:04,-35
BLE,1705564372536803551,D3:F4:55:AB:96:20,-59
BLE,1705564373117374567,D3:F4:55:AB:96:20,-65
BLE,1705564373313890655,D3:F4:55:AB:96:20,-55
BLE,1705564373423527290,DF:DF:EE:00:00:04,-34
BLE,1705564373594682941,DF:A6:DC:DC:2E:81,-67
BLE,1705564373594740482,DF:DF:EE:00:00:01,-67
BLE,1705564373964895020,DF:DF:EE:00:00:04,-36
BLE,1705564374422268840,DF:DF:EE:00:00:04,-39
BLE,1705564374460008271,D3:F4:55:AB:96:20,-56
BLE,1705564374653053116,D3:F4:55:AB:96:20,-59
BLE,1705564374850768896,D3:F4:55:AB:96:20,-57
BLE,1705564375428752990,DF:DF:EE:00:00:04,-35
BLE,1705564375432668602,D3:F4:55:AB:96:20,-57
BLE,1705564375622449034,D3:F4:55:AB:96:20,-57
BLE,1705564375967047637,DF:DF:EE:00:00:04,-36
BLE,1705564376017957468,D3:F4:55:AB:96:20,-58
BLE,1705564376141874362,DF:A6:DC:DC:2E:81,-66
BLE,1705564376141901195,DF:DF:EE:00:00:01,-66
BLE,1705564376207422071,D3:F4:55:AB:96:20,-59
BLE,1705564376405220684,D3:F4:55:AB:96:20,-57
BLE,1705564376592373361,D3:F4:55:AB:96:20,-57
BLE,1705564376962620065,DF:DF:EE:00:00:04,-39
BLE,1705564376974270402,D3:F4:55:AB:96:20,-60
BLE,1705564377422470850,DF:DF:EE:00:00:04,-35
BLE,1705564377749786194,D3:F4:55:AB:96:20,-57
BLE,1705564377941516975,D3:F4:55:AB:96:20,-57
BLE,1705564377962404308,DF:DF:EE:00:00:04,-34
BLE,1705564378134501446,D3:F4:55:AB:96:20,-58
BLE,1705564378330995534,D3:F4:55:AB:96:20,-56
BLE,1705564378421779391,DF:DF:EE:00:00:04,-36
BLE,1705564378522559817,D3:F4:55:AB:96:20,-57
BLE,1705564378721163085,D3:F4:55:AB:96:20,-57
BLE,1705564378917634757,D3:F4:55:AB:96:20,-56
BLE,1705564378964813765,DF:DF:EE:00:00:04,-40
BLE,1705564379108754462,D3:F4:55:AB:96:20,-60
BLE,1705564379303735031,D3:F4:55:AB:96:20,-57
BLE,1705564379492303772,D3:F4:55:AB:96:20,-57
BLE,1705564379690078134,D3:F4:55:AB:96:20,-57
BLE,1705564379875910163,D3:F4:55:AB:96:20,-59
BLE,1705564379962371956,DF:A6:DC:DC:2E:81,-65
BLE,1705564379962404247,DF:DF:EE:00:00:01,-65
BLE,1705564380065369142,D3:F4:55:AB:96:20,-55
BLE,1705564380254367377,D3:F4:55:AB:96:20,-59
BLE,1705564380421962411,DF:DF:EE:00:00:04,-35
BLE,1705564380452462485,D3:F4:55:AB:96:20,-58
BLE,1705564380647334930,D3:F4:55:AB:96:20,-54
BLE,1705564380842668993,D3:F4:55:AB:96:20,-57
BLE,1705564380968713107,DF:DF:EE:00:00:04,-39
BLE,1705564381238925583,D3:F4:55:AB:96:20,-57
BLE,1705564381822536681,D3:F4:55:AB:96:20,-57
BLE,1705564381964427283,DF:DF:EE:00:00:04,-34
BLE,1705564382014970660,D3:F4:55:AB:96:20,-58
BLE,1705564382404968712,D3:F4:55:AB:96:20,-56
BLE,1705564382430285525,DF:DF:EE:00:00:04,-39
BLE,1705564382509388879,DF:A6:DC:DC:2E:81,-65
BLE,1705564382509416212,DF:DF:EE:00:00:01,-65
BLE,1705564382786388426,D3:F4:55:AB:96:20,-55
BLE,1705564382962354302,DF:DF:EE:00:00:04,-36
BLE,1705564382982485979,D3:F4:55:AB:96:20,-59
BLE,1705564383175378493,D3:F4:55:AB:96:20,-56
BLE,1705564383368910790,D3:F4:55:AB:96:20,-56
BLE,1705564383422401251,DF:DF:EE:00:00:04,-39
BLE,1705564383559451920,D3:F4:55:AB:96:20,-57
BLE,1705564383755076812,D3:F4:55:AB:96:20,-55
BLE,1705564383963817313,DF:DF:EE:00:00:04,-39
BLE,1705564384140824758,D3:F4:55:AB:96:20,-42
BLE,1705564384418532920,DF:DF:EE:00:00:04,-34
BLE,1705564384722115638,D3:F4:55:AB:96:20,-56
BLE,1705564384913472132,D3:F4:55:AB:96:20,-59
BLE,1705564384966299311,DF:DF:EE:00:00:04,-35
BLE,1705564385050005683,DF:A6:DC:DC:2E:81,-66
BLE,1705564385050033141,DF:DF:EE:00:00:01,-66
BLE,1705564385109225189,D3:F4:55:AB:96:20,-57
BLE,1705564385303764764,D3:F4:55:AB:96:20,-55
BLE,1705564385420110305,DF:DF:EE:00:00:04,-36
BLE,1705564385688714512,D3:F4:55:AB:96:20,-55
BLE,1705564385962755809,DF:DF:EE:00:00:04,-39
BLE,1705564386070494679,D3:F4:55:AB:96:20,-55
BLE,1705564386264984379,D3:F4:55:AB:96:20,-59
BLE,1705564386420431958,DF:DF:EE:00:00:04,-34
BLE,1705564386460141903,D3:F4:55:AB:96:20,-56
BLE,1705564386845729226,D3:F4:55:AB:96:20,-57
BLE,1705564386968619801,DF:DF:EE:00:00:04,-36
BLE,1705564387421287478,DF:DF:EE:00:00:04,-36
BLE,1705564387808891147,D3:F4:55:AB:96:20,-58
BLE,1705564387959566417,DF:DF:EE:00:00:04,-34
BLE,1705564387995286502,D3:F4:55:AB:96:20,-60
BLE,1705564388186773077,D3:F4:55:AB:96:20,-55
BLE,1705564388378332610,D3:F4:55:AB:96:20,-43
BLE,1705564388573737630,D3:F4:55:AB:96:20,-58
BLE,1705564388763347190,D3:F4:55:AB:96:20,-59
BLE,1705564388955092137,D3:F4:55:AB:96:20,-57
BLE,1705564388966378521,DF:DF:EE:00:00:04,-36
BLE,1705564389143571213,D3:F4:55:AB:96:20,-59
BLE,1705564389343297839,D3:F4:55:AB:96:20,-57
BLE,1705564389420600426,DF:DF:EE:00:00:04,-36
BLE,1705564389728235004,D3:F4:55:AB:96:20,-59
BLE,1705564389919267669,D3:F4:55:AB:96:20,-55
BLE,1705564389968058071,DF:DF:EE:00:00:04,-39
BLE,1705564390115102684,D3:F4:55:AB:96:20,-59
BLE,1705564390307785492,D3:F4:55:AB:96:20,-57
BLE,1705564390427491570,DF:DF:EE:00:00:04,-36
BLE,1705564390497551967,D3:F4:55:AB:96:20,-57
BLE,1705564390688457092,D3:F4:55:AB:96:20,-57
BLE,1705564390877500826,D3:F4:55:AB:96:20,-59
BLE,1705564390960920786,DF:DF:EE:00:00:04,-39
BLE,1705564391067663170,D3:F4:55:AB:96:20,-56
BLE,1705564391258788917,D3:F4:55:AB:96:20,-58
BLE,1705564391415012860,DF:A6:DC:DC:2E:81,-65
BLE,1705564391415042151,DF:DF:EE:00:00:01,-65
BLE,1705564391429776945,DF:DF:EE:00:00:04,-39
BLE,1705564391458082967,D3:F4:55:AB:96:20,-57
BLE,1705564391847191823,D3:F4:55:AB:96:20,-59
BLE,1705564391962773459,DF:DF:EE:00:00:04,-36
BLE,1705564392044879895,D3:F4:55:AB:96:20,-59
BLE,1705564392242622008,D3:F4:55:AB:96:20,-58
BLE,1705564392427732506,DF:DF:EE:00:00:04,-34
BLE,1705564392430354553,D3:F4:55:AB:96:20,-58
BLE,1705564392624795462,D3:F4:55:AB:96:20,-57
BLE,1705564392962923530,DF:DF:EE:00:00:04,-39
BLE,1705564393202756139,D3:F4:55:AB:96:20,-56
BLE,1705564393584886718,D3:F4:55:AB:96:20,-54
BLE,1705564393775381140,D3:F4:55:AB:96:20,-57
BLE,1705564393962300321,D3:F4:55:AB:96:20,-59
BLE,1705564393965950853,DF:DF:EE:00:00:04,-36
BLE,1705564394155636912,D3:F4:55:AB:96:20,-57
BLE,1705564394352184625,D3:F4:55:AB:96:20,-55
BLE,1705564394423817791,DF:DF:EE:00:00:04,-39
BLE,1705564394547184401,D3:F4:55:AB:96:20,-57
BLE,1705564394740943737,D3:F4:55:AB:96:20,-58
BLE,1705564394967645403,DF:DF:EE:00:00:04,-38
BLE,1705564395123450144,D3:F4:55:AB:96:20,-57
BLE,1705564395240248096,DF:A6:DC:DC:2E:81,-64
BLE,1705564395240277304,DF:DF:EE:00:00:01,-64
BLE,1705564395428653672,DF:DF:EE:00:00:04,-35
BLE,1705564395702452265,D3:F4:55:AB:96:20,-55
BLE,1705564395965252177,DF:DF:EE:00:00:04,-34
BLE,1705564396089859520,D3:F4:55:AB:96:20,-57
BLE,1705564396277364234,D3:F4:55:AB:96:20,-59
BLE,1705564396429727773,DF:DF:EE:00:00:04,-38
BLE,1705564396474503481,D3:F4:55:AB:96:20,-57
BLE,1705564396662543146,D3:F4:55:AB:96:20,-57
BLE,1705564396964795382,DF:DF:EE:00:00:04,-39
BLE,1705564397047765015,D3:F4:55:AB:96:20,-55
BLE,1705564397237180078,D3:F4:55:AB:96:20,-57
BLE,1705564397422656862,DF:DF:EE:00:00:04,-34
BLE,1705564397432646306,D3:F4:55:AB:96:20,-55
BLE,1705564397627837246,D3:F4:55:AB:96:20,-59
BLE,1705564397784841261,DF:A6:DC:DC:2E:81,-66
BLE,1705564397784882636,DF:DF:EE:00:00:01,-66
BLE,1705564397820329515,D3:F4:55:AB:96:20,-58
BLE,1705564398204125863,D3:F4:55:AB:96:20,-56
BLE,1705564398427758906,DF:DF:EE:00:00:04,-39
BLE,1705564398964037248,DF:DF:EE:00:00:04,-36
BLE,1705564398984851999,D3:F4:55:AB:96:20,-55
BLE,1705564399174084398,D3:F4:55:AB:96:20,-58
BLE,1705564399365119146,D3:F4:55:AB:96:20,-55
BLE,1705564399425375888,DF:DF:EE:00:00:04,-34
BLE,1705564399558578944,D3:F4:55:AB:96:20,-57
BLE,1705564399745546624,D3:F4:55:AB:96:20,-57
BLE,1705564399937661357,D3:F4:55:AB:96:20,-58
BLE,1705564400127158960,D3:F4:55:AB:96:20,-59
BLE,1705564400426346448,DF:DF:EE:00:00:04,-35
BLE,1705564400522864516,D3:F4:55:AB:96:20,-57
BLE,1705564400717254468,D3:F4:55:AB:96:20,-56
BLE,1705564400967340558,DF:DF:EE:00:00:04,-36
BLE,1705564401097943900,D3:F4:55:AB:96:20,-55
BLE,1705564401289124938,D3:F4:55:AB:96:20,-57
BLE,1705564401426091025,DF:DF:EE:00:00:04,-39
BLE,1705564401607879403,DF:A6:DC:DC:2E:81,-64
BLE,1705564401607923485,DF:DF:EE:00:00:01,-64
BLE,1705564401859449180,D3:F4:55:AB:96:20,-59
BLE,1705564402050361180,D3:F4:55:AB:96:20,-57
BLE,1705564402425852144,DF:DF:EE:00:00:04,-35
BLE,1705564402438075348,D3:F4:55:AB:96:20,-58
BLE,1705564402625389315,D3:F4:55:AB:96:20,-59
BLE,1705564402821121331,D3:F4:55:AB:96:20,-41
BLE,1705564402962095529,DF:DF:EE:00:00:04,-34
BLE,1705564403008528213,D3:F4:55:AB:96:20,-59
BLE,1705564403390606085,D3:F4:55:AB:96:20,-59
BLE,1705564403425809343,DF:DF:EE:00:00:04,-22
BLE,1705564403581721499,D3:F4:55:AB:96:20,-56
BLE,1705564403963053964,DF:DF:EE:00:00:04,-38
BLE,1705564404423792612,DF:DF:EE:00:00:04,-36
BLE,1705564404537799311,D3:F4:55:AB:96:20,-58
BLE,1705564404960050704,DF:DF:EE:00:00:04,-35
BLE,1705564405305543420,D3:F4:55:AB:96:20,-55
BLE,1705564405419207791,DF:DF:EE:00:00:04,-35
BLE,1705564405433104388,DF:A6:DC:DC:2E:81,-65
BLE,1705564405433131096,DF:DF:EE:00:00:01,-65
BLE,1705564405495330228,D3:F4:55:AB:96:20,-57
BLE,1705564405682818150,D3:F4:55:AB:96:20,-59
BLE,1705564405963315357,DF:DF:EE:00:00:04,-36
BLE,1705564406064829981,D3:F4:55:AB:96:20,-59
BLE,1705564406254054338,D3:F4:55:AB:96:20,-55
BLE,1705564406423019020,DF:DF:EE:00:00:04,-35
BLE,1705564406443202738,D3:F4:55:AB:96:20,-57
BLE,1705564406831278484,D3:F4:55:AB:96:20,-60
BLE,1705564406964104337,DF:DF:EE:00:00:04,-35
BLE,1705564407213012943,D3:F4:55:AB:96:20,-59
BLE,1705564407402465380,D3:F4:55:AB:96:20,-55
BLE,1705564407789260436,D3:F4:55:AB:96:20,-57
BLE,1705564407968021814,DF:DF:EE:00:00:04,-39
BLE,1705564407984226296,D3:F4:55:AB:96:20,-55
BLE,1705564408178962618,D3:F4:55:AB:96:20,-59
BLE,1705564408375355749,D3:F4:55:AB:96:20,-57
BLE,1705564408951776781,D3:F4:55:AB:96:20,-56
BLE,1705564409140760933,D3:F4:55:AB:96:20,-58
BLE,1705564409419194336,DF:DF:EE:00:00:04,-36
BLE,1705564409711978954,D3:F4:55:AB:96:20,-59
BLE,1705564409904774011,D3:F4:55:AB:96:20,-57
BLE,1705564409956583038,DF:DF:EE:00:00:04,-35
BLE,1705564410098053395,D3:F4:55:AB:96:20,-55
BLE,1705564410289283266,D3:F4:55:AB:96:20,-57
BLE,1705564410425759318,DF:DF:EE:00:00:04,-38
BLE,1705564410485358235,D3:F4:55:AB:96:20,-55
BLE,1705564410865039807,D3:F4:55:AB:96:20,-55
BLE,1705564410958526043,DF:DF:EE:00:00:04,-36
BLE,1705564411247022430,D3:F4:55:AB:96:20,-56
BLE,1705564411421558283,DF:DF:EE:00:00:04,-19
BLE,1705564411628038816,D3:F4:55:AB:96:20,-55
BLE,1705564411818905483,D3:F4:55:AB:96:20,-67
BLE,1705564411960370216,DF:DF:EE:00:00:04,-34
BLE,1705564412200460695,D3:F4:55:AB:96:20,-58
BLE,1705564412425965462,DF:DF:EE:00:00:04,-39
BLE,1705564412777526052,D3:F4:55:AB:96:20,-55
BLE,1705564412963475954,DF:DF:EE:00:00:04,-39
BLE,1705564412967514981,D3:F4:55:AB:96:20,-58
BLE,1705564413066043771,DF:A6:DC:DC:2E:81,-66
BLE,1705564413066072646,DF:DF:EE:00:00:01,-66
BLE,1705564413155623229,D3:F4:55:AB:96:20,-58
BLE,1705564413426379905,DF:DF:EE:00:00:04,-34
BLE,1705564413542853278,D3:F4:55:AB:96:20,-55
BLE,1705564413732526170,D3:F4:55:AB:96:20,-58
BLE,1705564413923786332,D3:F4:55:AB:96:20,-56
BLE,1705564413961592096,DF:DF:EE:00:00:04,-34
BLE,1705564414115098077,D3:F4:55:AB:96:20,-57
BLE,1705564414310710511,D3:F4:55:AB:96:20,-56
BLE,1705564414429247772,DF:DF:EE:00:00:04,-39
BLE,1705564414502857452,D3:F4:55:AB:96:20,-59
BLE,1705564414697985935,D3:F4:55:AB:96:20,-58
BLE,1705564414885776520,D3:F4:55:AB:96:20,-59
BLE,1705564414961423297,DF:DF:EE:00:00:04,-36
BLE,1705564415274223178,D3:F4:55:AB:96:20,-55
BLE,1705564415662711418,D3:F4:55:AB:96:20,-41
BLE,1705564415963278636,DF:DF:EE:00:00:04,-34
BLE,1705564416047006550,D3:F4:55:AB:96:20,-58
BLE,1705564416418285947,DF:DF:EE:00:00:04,-35
BLE,1705564416425652011,D3:F4:55:AB:96:20,-55
BLE,1705564416616584678,D3:F4:55:AB:96:20,-58
BLE,1705564416812659855,D3:F4:55:AB:96:20,-58
BLE,1705564416963222419,DF:DF:EE:00:00:04,-34
BLE,1705564417001052974,D3:F4:55:AB:96:20,-59
BLE,1705564417426639029,DF:DF:EE:00:00:04,-34
BLE,1705564417773579933,D3:F4:55:AB:96:20,-56
BLE,1705564418163224282,D3:F4:55:AB:96:20,-57
BLE,1705564418350095589,D3:F4:55:AB:96:20,-59
BLE,1705564418426924849,DF:DF:EE:00:00:04,-35
BLE,1705564418934839254,D3:F4:55:AB:96:20,-59
BLE,1705564418964431174,DF:DF:EE:00:00:04,-35
BLE,1705564419511791487,D3:F4:55:AB:96:20,-57
BLE,1705564419703033441,D3:F4:55:AB:96:20,-58
BLE,1705564420095722498,D3:F4:55:AB:96:20,-58
BLE,1705564420285734385,D3:F4:55:AB:96:20,-58
BLE,1705564420478568567,D3:F4:55:AB:96:20,-57
BLE,1705564420669433067,D3:F4:55:AB:96:20,-59
BLE,1705564420864909170,D3:F4:55:AB:96:20,-58
BLE,1705564420965620013,DF:DF:EE:00:00:04,-35
BLE,1705564421051898642,D3:F4:55:AB:96:20,-59
BLE,1705564421418307565,DF:DF:EE:00:00:04,-36
BLE,1705564421435591991,D3:F4:55:AB:96:20,-59
BLE,1705564421831588501,D3:F4:55:AB:96:20,-56
BLE,1705564421963545283,DF:DF:EE:00:00:04,-40
BLE,1705564421971886583,DF:A6:DC:DC:2E:81,-65
BLE,1705564421971929541,DF:DF:EE:00:00:01,-65
BLE,1705564422019928662,D3:F4:55:AB:96:20,-58
BLE,1705564422210387043,D3:F4:55:AB:96:20,-57
BLE,1705564422420289653,DF:DF:EE:00:00:04,-34
BLE,1705564422590239487,D3:F4:55:AB:96:20,-55
BLE,1705564422965188875,DF:DF:EE:00:00:04,-35
BLE,1705564422980301164,D3:F4:55:AB:96:20,-57
BLE,1705564423165665200,D3:F4:55:AB:96:20,-59
BLE,1705564423362653948,D3:F4:55:AB:96:20,-57
BLE,1705564423419925023,DF:DF:EE:00:00:04,-36
BLE,1705564423554280188,D3:F4:55:AB:96:20,-55
BLE,1705564423939563640,D3:F4:55:AB:96:20,-54
BLE,1705564423962762441,DF:DF:EE:00:00:04,-36
BLE,1705564424130728178,D3:F4:55:AB:96:20,-59
BLE,1705564424322035339,D3:F4:55:AB:96:20,-54
BLE,1705564424420005596,DF:DF:EE:00:00:04,-23
BLE,1705564424711908894,D3:F4:55:AB:96:20,-58
BLE,1705564424899377900,D3:F4:55:AB:96:20,-44
BLE,1705564424959330229,DF:DF:EE:00:00:04,-39
BLE,1705564425091571215,D3:F4:55:AB:96:20,-57
BLE,1705564425280729657,D3:F4:55:AB:96:20,-58
BLE,1705564425428438343,DF:DF:EE:00:00:04,-39
BLE,1705564425470268301,D3:F4:55:AB:96:20,-55
BLE,1705564425855928622,D3:F4:55:AB:96:20,-57
BLE,1705564426043501669,D3:F4:55:AB:96:20,-43
BLE,1705564426805352111,D3:F4:55:AB:96:20,-57
BLE,1705564426996799312,D3:F4:55:AB:96:20,-54
BLE,1705564427060890625,DF:A6:DC:DC:2E:81,-64
BLE,1705564427060918874,DF:DF:EE:00:00:01,-64
BLE,1705564427385418758,D3:F4:55:AB:96:20,-58
BLE,1705564427418370881,DF:DF:EE:00:00:04,-35
BLE,1705564427577466451,D3:F4:55:AB:96:20,-57
BLE,1705564427773195717,D3:F4:55:AB:96:20,-57
BLE,1705564427965883317,DF:DF:EE:00:00:04,-36
BLE,1705564428349185588,D3:F4:55:AB:96:20,-55
BLE,1705564428424661742,DF:DF:EE:00:00:04,-38
BLE,1705564428957560590,DF:DF:EE:00:00:04,-36
BLE,1705564429108688771,D3:F4:55:AB:96:20,-58
BLE,1705564429300420260,D3:F4:55:AB:96:20,-57
BLE,1705564429487949182,D3:F4:55:AB:96:20,-58
BLE,1705564429961913895,DF:DF:EE:00:00:04,-35
BLE,1705564430057050316,D3:F4:55:AB:96:20,-55
BLE,1705564430247813193,D3:F4:55:AB:96:20,-57
BLE,1705564430420071787,DF:DF:EE:00:00:04,-36
BLE,1705564430635414071,D3:F4:55:AB:96:20,-59
BLE,1705564430959787790,DF:DF:EE:00:00:04,-36
BLE,1705564431996659848,D3:F4:55:AB:96:20,-56
BLE,1705564431997686626,D3:F4:55:AB:96:20,-58
BLE,1705564432190489391,D3:F4:55:AB:96:20,-59
BLE,1705564432382187505,D3:F4:55:AB:96:20,-57
BLE,1705564432421013254,DF:DF:EE:00:00:04,-36
BLE,1705564432571341155,D3:F4:55:AB:96:20,-58
BLE,1705564432956018531,DF:DF:EE:00:00:04,-35
BLE,1705564433151636424,D3:F4:55:AB:96:20,-57
BLE,1705564433531549617,D3:F4:55:AB:96:20,-57
BLE,1705564433726879264,D3:F4:55:AB:96:20,-55
BLE,1705564434115532002,D3:F4:55:AB:96:20,-57
BLE,1705564434302403642,D3:F4:55:AB:96:20,-43
BLE,1705564434416198177,DF:DF:EE:00:00:04,-35
BLE,1705564434500029756,D3:F4:55:AB:96:20,-58
BLE,1705564434685774704,D3:F4:55:AB:96:20,-44
BLE,1705564434881045518,D3:F4:55:AB:96:20,-57
BLE,1705564434963415617,DF:DF:EE:00:00:04,-36
BLE,1705564435071444067,D3:F4:55:AB:96:20,-59
BLE,1705564435263608174,D3:F4:55:AB:96:20,-58
BLE,1705564435452173165,D3:F4:55:AB:96:20,-59
BLE,1705564435645609755,D3:F4:55:AB:96:20,-57
BLE,1705564435962447163,DF:DF:EE:00:00:04,-40
BLE,1705564435969236943,DF:A6:DC:DC:2E:81,-65
BLE,1705564435969264026,DF:DF:EE:00:00:01,-65
BLE,1705564436028748153,D3:F4:55:AB:96:20,-57
BLE,1705564436217050648,D3:F4:55:AB:96:20,-59
BLE,1705564436405607139,D3:F4:55:AB:96:20,-55
BLE,1705564436419872273,DF:DF:EE:00:00:04,-34
BLE,1705564436597351919,D3:F4:55:AB:96:20,-59
BLE,1705564436790872841,D3:F4:55:AB:96:20,-57
BLE,1705564436956804940,DF:DF:EE:00:00:04,-35
BLE,1705564436982687162,D3:F4:55:AB:96:20,-59
BLE,1705564437424243536,DF:DF:EE:00:00:04,-39
BLE,1705564437760872292,D3:F4:55:AB:96:20,-58
BLE,1705564437951246716,D3:F4:55:AB:96:20,-59
BLE,1705564437965294687,DF:DF:EE:00:00:04,-39
BLE,1705564438141460101,D3:F4:55:AB:96:20,-57
BLE,1705564438523663013,D3:F4:55:AB:96:20,-58
BLE,1705564438714321141,D3:F4:55:AB:96:20,-59
BLE,1705564439284690049,D3:F4:55:AB:96:20,-55
BLE,1705564439480941308,D3:F4:55:AB:96:20,-59
BLE,1705564439676530493,D3:F4:55:AB:96:20,-57
BLE,1705564439862566144,D3:F4:55:AB:96:20,-57
BLE,1705564439965013088,DF:DF:EE:00:00:04,-39
BLE,1705564440056878763,D3:F4:55:AB:96:20,-57
BLE,1705564440242823708,D3:F4:55:AB:96:20,-59
BLE,1705564440425579030,DF:DF:EE:00:00:04,-34
BLE,1705564440628372989,D3:F4:55:AB:96:20,-59
BLE,1705564440961886789,DF:DF:EE:00:00:04,-35
BLE,1705564441013747689,D3:F4:55:AB:96:20,-56
BLE,1705564441050712923,DF:A6:DC:DC:2E:81,-66
BLE,1705564441050740048,DF:DF:EE:00:00:01,-66
BLE,1705564441427532326,DF:DF:EE:00:00:04,-23
BLE,1705564441788833530,D3:F4:55:AB:96:20,-58
BLE,1705564441955605409,DF:DF:EE:00:00:04,-34
BLE,1705564442170034413,D3:F4:55:AB:96:20,-57
BLE,1705564442357417129,D3:F4:55:AB:96:20,-59
BLE,1705564442423259918,DF:DF:EE:00:00:04,-34
BLE,1705564442548672875,D3:F4:55:AB:96:20,-55
BLE,1705564442738178519,D3:F4:55:AB:96:20,-43
BLE,1705564442935017520,D3:F4:55:AB:96:20,-57
BLE,1705564442963759035,DF:DF:EE:00:00:04,-35
BLE,1705564443124821035,D3:F4:55:AB:96:20,-58
BLE,1705564443316161696,D3:F4:55:AB:96:20,-58
BLE,1705564443419063300,DF:DF:EE:00:00:04,-30
BLE,1705564443420739277,DF:DF:EE:00:00:04,-35
BLE,1705564443503462955,D3:F4:55:AB:96:20,-59
BLE,1705564443693608799,D3:F4:55:AB:96:20,-56
BLE,1705564443957733193,DF:DF:EE:00:00:04,-35
BLE,1705564444266292924,D3:F4:55:AB:96:20,-56
BLE,1705564444420792141,DF:DF:EE:00:00:04,-39
BLE,1705564444653627722,D3:F4:55:AB:96:20,-58
BLE,1705564444960272564,DF:DF:EE:00:00:04,-39
BLE,1705564445034508944,D3:F4:55:AB:96:20,-59
BLE,1705564445226199266,D3:F4:55:AB:96:20,-54
BLE,1705564445417122516,D3:F4:55:AB:96:20,-60
BLE,1705564445423945921,DF:DF:EE:00:00:04,-35
BLE,1705564445616914142,D3:F4:55:AB:96:20,-57
BLE,1705564445960192472,DF:DF:EE:00:00:04,-34
BLE,1705564446001290190,D3:F4:55:AB:96:20,-59
BLE,1705564446140866115,DF:A6:DC:DC:2E:81,-65
BLE,1705564446140901782,DF:DF:EE:00:00:01,-65
BLE,1705564446192635767,D3:F4:55:AB:96:20,-56
BLE,1705564446388178328,D3:F4:55:AB:96:20,-58
BLE,1705564446579926608,D3:F4:55:AB:96:20,-56
BLE,1705564446767496154,D3:F4:55:AB:96:20,-59
BLE,1705564446956284476,D3:F4:55:AB:96:20,-56
BLE,1705564447344716883,D3:F4:55:AB:96:20,-58
BLE,1705564447423536282,DF:DF:EE:00:00:04,-35
BLE,1705564447919244317,D3:F4:55:AB:96:20,-54
BLE,1705564448111104553,D3:F4:55:AB:96:20,-57
BLE,1705564448426419691,DF:DF:EE:00:00:04,-39
BLE,1705564448496188550,D3:F4:55:AB:96:20,-58
BLE,1705564448691454114,D3:F4:55:AB:96:20,-55
BLE,1705564448959703325,DF:DF:EE:00:00:04,-35
BLE,1705564449073666942,D3:F4:55:AB:96:20,-55
BLE,1705564449648816616,D3:F4:55:AB:96:20,-58
BLE,1705564449843651687,D3:F4:55:AB:96:20,-57
BLE,1705564449958885827,DF:DF:EE:00:00:04,-38
BLE,1705564450030848447,D3:F4:55:AB:96:20,-59
BLE,1705564450225243065,D3:F4:55:AB:96:20,-58
BLE,1705564450416149148,DF:DF:EE:00:00:04,-35
BLE,1705564450613427684,D3:F4:55:AB:96:20,-58
BLE,1705564450805247672,D3:F4:55:AB:96:20,-56
BLE,1705564450955050871,DF:DF:EE:00:00:04,-34
BLE,1705564451193089838,D3:F4:55:AB:96:20,-57
BLE,1705564451225576759,DF:A6:DC:DC:2E:81,-65
BLE,1705564451225603842,DF:DF:EE:00:00:01,-65
BLE,1705564451420020626,DF:DF:EE:00:00:04,-38
BLE,1705564451769564785,D3:F4:55:AB:96:20,-54
BLE,1705564451963419369,DF:DF:EE:00:00:04,-34
BLE,1705564452148502034,D3:F4:55:AB:96:20,-43
BLE,1705564452339902360,D3:F4:55:AB:96:20,-58
BLE,1705564452416456625,DF:DF:EE:00:00:04,-34
BLE,1705564452906528363,D3:F4:55:AB:96:20,-41
BLE,1705564452958358389,DF:DF:EE:00:00:04,-41
BLE,1705564453098714845,D3:F4:55:AB:96:20,-55
BLE,1705564453292730051,D3:F4:55:AB:96:20,-59
BLE,1705564453417211563,DF:DF:EE:00:00:04,-36
BLE,1705564453488369069,D3:F4:55:AB:96:20,-58
BLE,1705564453673997726,D3:F4:55:AB:96:20,-59
BLE,1705564453871896545,D3:F4:55:AB:96:20,-57
BLE,1705564453963361267,DF:DF:EE:00:00:04,-39
BLE,1705564454259820543,D3:F4:55:AB:96:20,-59
BLE,1705564454419947265,DF:DF:EE:00:00:04,-34
BLE,1705564454454904735,D3:F4:55:AB:96:20,-57
BLE,1705564454644378505,D3:F4:55:AB:96:20,-57
BLE,1705564454838681374,D3:F4:55:AB:96:20,-58
BLE,1705564455222698010,D3:F4:55:AB:96:20,-57
BLE,1705564455418940019,D3:F4:55:AB:96:20,-55
BLE,1705564455957979782,DF:DF:EE:00:00:04,-35
BLE,1705564456188188149,D3:F4:55:AB:96:20,-57
BLE,1705564456376378687,D3:F4:55:AB:96:20,-57
BLE,1705564456419142632,DF:DF:EE:00:00:04,-20
BLE,1705564456569805569,D3:F4:55:AB:96:20,-58
BLE,1705564456961249601,DF:DF:EE:00:00:04,-34
BLE,1705564457146349766,D3:F4:55:AB:96:20,-54
BLE,1705564457335078588,D3:F4:55:AB:96:20,-42
BLE,1705564457427744002,DF:DF:EE:00:00:04,-39
BLE,1705564457520791994,D3:F4:55:AB:96:20,-59
BLE,1705564457709673355,D3:F4:55:AB:96:20,-55
BLE,1705564457900173028,D3:F4:55:AB:96:20,-57
BLE,1705564457961613920,DF:DF:EE:00:00:04,-36
BLE,1705564458094991140,D3:F4:55:AB:96:20,-55
BLE,1705564458287947361,D3:F4:55:AB:96:20,-43
BLE,1705564458421882491,DF:DF:EE:00:00:04,-34
BLE,1705564458486341965,D3:F4:55:AB:96:20,-57
BLE,1705564458671457796,D3:F4:55:AB:96:20,-58
BLE,1705564458958777366,DF:DF:EE:00:00:04,-38
BLE,1705564459415192658,DF:DF:EE:00:00:04,-34
BLE,1705564459431704885,D3:F4:55:AB:96:20,-57
BLE,1705564459621640441,D3:F4:55:AB:96:20,-55
BLE,1705564459811527705,D3:F4:55:AB:96:20,-56
BLE,1705564459956020603,DF:DF:EE:00:00:04,-35
BLE,1705564460004411678,D3:F4:55:AB:96:20,-55
BLE,1705564460395116845,D3:F4:55:AB:96:20,-57
BLE,1705564460420301743,DF:DF:EE:00:00:04,-38
BLE,1705564460584939235,D3:F4:55:AB:96:20,-57
BLE,1705564461167372308,D3:F4:55:AB:96:20,-59
BLE,1705564461366777690,D3:F4:55:AB:96:20,-58
BLE,1705564461424299678,DF:DF:EE:00:00:04,-36
BLE,1705564461947379038,D3:F4:55:AB:96:20,-64
BLE,1705564461955113013,DF:DF:EE:00:00:04,-35
BLE,1705564462142302482,D3:F4:55:AB:96:20,-55
BLE,1705564462337826001,D3:F4:55:AB:96:20,-59
BLE,1705564462528004345,D3:F4:55:AB:96:20,-55
BLE,1705564462723363449,D3:F4:55:AB:96:20,-57
BLE,1705564462917638319,D3:F4:55:AB:96:20,-58
BLE,1705564463307407291,D3:F4:55:AB:96:20,-59
BLE,1705564463419023274,DF:DF:EE:00:00:04,-36
BLE,1705564463501943907,D3:F4:55:AB:96:20,-57
BLE,1705564463692413372,D3:F4:55:AB:96:20,-59
BLE,1705564463693749520,D3:F4:55:AB:96:20,-56
BLE,1705564464076756253,D3:F4:55:AB:96:20,-56
BLE,1705564464265365786,D3:F4:55:AB:96:20,-57
BLE,1705564464417404828,DF:DF:EE:00:00:04,-35
BLE,1705564464460793472,D3:F4:55:AB:96:20,-55
BLE,1705564464654266895,D3:F4:55:AB:96:20,-59
BLE,1705564464964662768,DF:DF:EE:00:00:04,-38
BLE,1705564465038582902,D3:F4:55:AB:96:20,-59
BLE,1705564465804059501,D3:F4:55:AB:96:20,-59
BLE,1705564466000496174,D3:F4:55:AB:96:20,-57
BLE,1705564466187119942,D3:F4:55:AB:96:20,-57
BLE,1705564466419904066,DF:DF:EE:00:00:04,-35
BLE,1705564466569859971,D3:F4:55:AB:96:20,-58
BLE,1705564466959248949,D3:F4:55:AB:96:20,-55
BLE,1705564466965213366,DF:DF:EE:00:00:04,-22
BLE,1705564467147921814,D3:F4:55:AB:96:20,-58
BLE,1705564467333701927,D3:F4:55:AB:96:20,-59
BLE,1705564467419036735,DF:DF:EE:00:00:04,-40
BLE,1705564467724936546,D3:F4:55:AB:96:20,-55
BLE,1705564467762547854,DF:A6:DC:DC:2E:81,-65
BLE,1705564467762575020,DF:DF:EE:00:00:01,-65
BLE,1705564467914071445,D3:F4:55:AB:96:20,-58
BLE,1705564468101632576,D3:F4:55:AB:96:20,-59
BLE,1705564468292885862,D3:F4:55:AB:96:20,-57
BLE,1705564468483025373,D3:F4:55:AB:96:20,-59
BLE,1705564468679132717,D3:F4:55:AB:96:20,-57
BLE,1705564468867101675,D3:F4:55:AB:96:20,-59
BLE,1705564468956801047,DF:DF:EE:00:00:04,-35
BLE,1705564469057791928,D3:F4:55:AB:96:20,-58
BLE,1705564469418068271,DF:DF:EE:00:00:04,-40
BLE,1705564469446235669,D3:F4:55:AB:96:20,-58
BLE,1705564469644126572,D3:F4:55:AB:96:20,-58
BLE,1705564469839281221,D3:F4:55:AB:96:20,-55
BLE,1705564470031288705,D3:F4:55:AB:96:20,-58
BLE,1705564470224775003,D3:F4:55:AB:96:20,-56
BLE,1705564470419755029,D3:F4:55:AB:96:20,-59
BLE,1705564470423163232,DF:DF:EE:00:00:04,-35
BLE,1705564470805146479,D3:F4:55:AB:96:20,-55
BLE,1705564471186817773,D3:F4:55:AB:96:20,-56
BLE,1705564471381707551,D3:F4:55:AB:96:20,-59
BLE,1705564471421422871,DF:DF:EE:00:00:04,-39
BLE,1705564471768167403,D3:F4:55:AB:96:20,-58
BLE,1705564471962262317,DF:DF:EE:00:00:04,-39
BLE,1705564472158259454,D3:F4:55:AB:96:20,-56
BLE,1705564472349544366,D3:F4:55:AB:96:20,-59
BLE,1705564472731801151,D3:F4:55:AB:96:20,-59
BLE,1705564472927042132,D3:F4:55:AB:96:20,-58
BLE,1705564472961372986,DF:DF:EE:00:00:04,-35
BLE,1705564473423957858,DF:DF:EE:00:00:04,-38
BLE,1705564473496874881,D3:F4:55:AB:96:20,-58
BLE,1705564474077544854,D3:F4:55:AB:96:20,-57
BLE,1705564474465441894,D3:F4:55:AB:96:20,-59
BLE,1705564474851255255,D3:F4:55:AB:96:20,-53
BLE,1705564474959175998,DF:DF:EE:00:00:04,-35
BLE,1705564475244162725,D3:F4:55:AB:96:20,-58
BLE,1705564475422349945,DF:DF:EE:00:00:04,-36
BLE,1705564475423889548,DF:DF:EE:00:00:04,-39
BLE,1705564475432691800,D3:F4:55:AB:96:20,-58
BLE,1705564475622109863,D3:F4:55:AB:96:20,-55
BLE,1705564475815708742,D3:F4:55:AB:96:20,-59
BLE,1705564475956398860,DF:DF:EE:00:00:04,-34
BLE,1705564476007328815,D3:F4:55:AB:96:20,-56
BLE,1705564476008877294,D3:F4:55:AB:96:20,-58
BLE,1705564476197764739,D3:F4:55:AB:96:20,-59
BLE,1705564476424150368,DF:DF:EE:00:00:04,-34
BLE,1705564476579613863,D3:F4:55:AB:96:20,-58
BLE,1705564476670624675,DF:A6:DC:DC:2E:81,-66
BLE,1705564476670656508,DF:DF:EE:00:00:01,-66
BLE,1705564476776861400,D3:F4:55:AB:96:20,-42
BLE,1705564476958874107,DF:DF:EE:00:00:04,-39
BLE,1705564476971761552,D3:F4:55:AB:96:20,-56
BLE,1705564477356504178,D3:F4:55:AB:96:20,-55
BLE,1705564477423145164,DF:DF:EE:00:00:04,-35
BLE,1705564477551814450,D3:F4:55:AB:96:20,-59
BLE,1705564477746382691,D3:F4:55:AB:96:20,-58
BLE,1705564477939437786,D3:F4:55:AB:96:20,-54
BLE,1705564477955726767,DF:DF:EE:00:00:04,-34
BLE,1705564478515856568,D3:F4:55:AB:96:20,-59
BLE,1705564479098987006,D3:F4:55:AB:96:20,-59
BLE,1705564479294431068,D3:F4:55:AB:96:20,-58
BLE,1705564479419490446,DF:DF:EE:00:00:04,-34
BLE,1705564479489601425,D3:F4:55:AB:96:20,-53
BLE,1705564479870208234,D3:F4:55:AB:96:20,-57
BLE,1705564480060773655,D3:F4:55:AB:96:20,-58
BLE,1705564480423250592,DF:DF:EE:00:00:04,-39
BLE,1705564480444100884,D3:F4:55:AB:96:20,-57
BLE,1705564480958922443,DF:DF:EE:00:00:04,-37
BLE,1705564481024699733,D3:F4:55:AB:96:20,-56
BLE,1705564481593625744,D3:F4:55:AB:96:20,-57
BLE,1705564481957803074,DF:DF:EE:00:00:04,-34
BLE,1705564482175666698,D3:F4:55:AB:96:20,-57
BLE,1705564482362743918,D3:F4:55:AB:96:20,-59
BLE,1705564482425765996,DF:DF:EE:00:00:04,-39
BLE,1705564482553235715,D3:F4:55:AB:96:20,-56
BLE,1705564482959753245,DF:DF:EE:00:00:04,-34
BLE,1705564483037103582,DF:A6:DC:DC:2E:81,-65
BLE,1705564483037131956,DF:DF:EE:00:00:01,-65
BLE,1705564483314043880,D3:F4:55:AB:96:20,-54
BLE,1705564483422800736,DF:DF:EE:00:00:04,-34
BLE,1705564483503375944,D3:F4:55:AB:96:20,-58
BLE,1705564483694327652,D3:F4:55:AB:96:20,-59
BLE,1705564483886851879,D3:F4:55:AB:96:20,-57
BLE,1705564484079337940,D3:F4:55:AB:96:20,-55
BLE,1705564484271532339,D3:F4:55:AB:96:20,-67
BLE,1705564484415335289,DF:DF:EE:00:00:04,-34
BLE,1705564484464357562,D3:F4:55:AB:96:20,-54
BLE,1705564484653999830,D3:F4:55:AB:96:20,-41
BLE,1705564484848522988,D3:F4:55:AB:96:20,-54
BLE,1705564484964073332,DF:DF:EE:00:00:04,-38
BLE,1705564485039412697,D3:F4:55:AB:96:20,-59
BLE,1705564485234821301,D3:F4:55:AB:96:20,-57
BLE,1705564485424938645,D3:F4:55:AB:96:20,-58
BLE,1705564485614966866,D3:F4:55:AB:96:20,-56
BLE,1705564485807987795,D3:F4:55:AB:96:20,-57
BLE,1705564485957881493,DF:DF:EE:00:00:04,-51
BLE,1705564486002307539,D3:F4:55:AB:96:20,-58
BLE,1705564486197089235,D3:F4:55:AB:96:20,-54
BLE,1705564486573460477,D3:F4:55:AB:96:20,-58
BLE,1705564486961551473,DF:DF:EE:00:00:04,-35
BLE,1705564487344686955,D3:F4:55:AB:96:20,-56
BLE,1705564487537888090,D3:F4:55:AB:96:20,-59
BLE,1705564487731940546,D3:F4:55:AB:96:20,-58
BLE,1705564487927114070,D3:F4:55:AB:96:20,-56
BLE,1705564488122914710,D3:F4:55:AB:96:20,-58
BLE,1705564488311635782,D3:F4:55:AB:96:20,-54
BLE,1705564488415705745,DF:DF:EE:00:00:04,-36
BLE,1705564488501524755,D3:F4:55:AB:96:20,-58
BLE,1705564488692912123,D3:F4:55:AB:96:20,-55
BLE,1705564488888807803,D3:F4:55:AB:96:20,-59
BLE,1705564488963410220,DF:DF:EE:00:00:04,-36
BLE,1705564489085939175,D3:F4:55:AB:96:20,-57
BLE,1705564489274156379,D3:F4:55:AB:96:20,-59
BLE,1705564489422047938,DF:DF:EE:00:00:04,-39
BLE,1705564489468386833,D3:F4:55:AB:96:20,-57
BLE,1705564489657078572,D3:F4:55:AB:96:20,-58
BLE,1705564489965135103,DF:DF:EE:00:00:04,-39
BLE,1705564490052917876,D3:F4:55:AB:96:20,-58
BLE,1705564490238709448,D3:F4:55:AB:96:20,-59
BLE,1705564490435745279,D3:F4:55:AB:96:20,-57
BLE,1705564490668230365,DF:A6:DC:DC:2E:81,-64
BLE,1705564490668270948,DF:DF:EE:00:00:01,-64
BLE,1705564490818221228,D3:F4:55:AB:96:20,-58
BLE,1705564491004132506,D3:F4:55:AB:96:20,-59
BLE,1705564491200092603,D3:F4:55:AB:96:20,-57
BLE,1705564491393884896,D3:F4:55:AB:96:20,-55
BLE,1705564491425985822,DF:DF:EE:00:00:04,-38
BLE,1705564491583307125,D3:F4:55:AB:96:20,-57
BLE,1705564491957033488,DF:DF:EE:00:00:04,-35
BLE,1705564492348217066,D3:F4:55:AB:96:20,-57
BLE,1705564492417466765,DF:DF:EE:00:00:04,-39
BLE,1705564492542430769,D3:F4:55:AB:96:20,-56
BLE,1705564493208365676,DF:A6:DC:DC:2E:81,-65
BLE,1705564493208405800,DF:DF:EE:00:00:01,-65
BLE,1705564493314615900,D3:F4:55:AB:96:20,-58
BLE,1705564493415451242,DF:DF:EE:00:00:04,-35
BLE,1705564493508494567,D3:F4:55:AB:96:20,-56
BLE,1705564493887666146,D3:F4:55:AB:96:20,-58
BLE,1705564493959629557,DF:DF:EE:00:00:04,-35
BLE,1705564494464591921,D3:F4:55:AB:96:20,-57
BLE,1705564494850610570,D3:F4:55:AB:96:20,-59
BLE,1705564494959801420,DF:DF:EE:00:00:04,-38
BLE,1705564495047029869,D3:F4:55:AB:96:20,-58
BLE,1705564495417063117,DF:DF:EE:00:00:04,-35
BLE,1705564495818066057,D3:F4:55:AB:96:20,-59
BLE,1705564495954773731,DF:DF:EE:00:00:04,-34
BLE,1705564496012199637,D3:F4:55:AB:96:20,-57
BLE,1705564496396759641,D3:F4:55:AB:96:20,-41
BLE,1705564496418632543,DF:DF:EE:00:00:04,-23
BLE,1705564496780708569,D3:F4:55:AB:96:20,-57
BLE,1705564496958785707,DF:DF:EE:00:00:04,-39
BLE,1705564497034693897,DF:A6:DC:DC:2E:81,-65
BLE,1705564497034722896,DF:DF:EE:00:00:01,-65
BLE,1705564497422210900,DF:DF:EE:00:00:04,-35
BLE,1705564497740903366,D3:F4:55:AB:96:20,-55
BLE,1705564497956528437,DF:DF:EE:00:00:04,-34
BLE,1705564498129899224,D3:F4:55:AB:96:20,-58
BLE,1705564498421065990,DF:DF:EE:00:00:04,-40
BLE,1705564498514261897,D3:F4:55:AB:96:20,-57
BLE,1705564498704739528,D3:F4:55:AB:96:20,-55
BLE,1705564498899360934,D3:F4:55:AB:96:20,-58
BLE,1705564499478740175,D3:F4:55:AB:96:20,-57
BLE,1705564499859779852,D3:F4:55:AB:96:20,-58
BLE,1705564500234918404,D3:F4:55:AB:96:20,-55
BLE,1705564500423506562,DF:DF:EE:00:00:04,-39
BLE,1705564500612421298,D3:F4:55:AB:96:20,-57
BLE,1705564500809996413,D3:F4:55:AB:96:20,-58
BLE,1705564500995726069,D3:F4:55:AB:96:20,-59
BLE,1705564501191529084,D3:F4:55:AB:96:20,-57
BLE,1705564501416859561,DF:DF:EE:00:00:04,-38
BLE,1705564501573804744,D3:F4:55:AB:96:20,-58
BLE,1705564501964522620,D3:F4:55:AB:96:20,-58
BLE,1705564502159125985,D3:F4:55:AB:96:20,-57
BLE,1705564502537087414,D3:F4:55:AB:96:20,-58
BLE,1705564502953734053,DF:DF:EE:00:00:04,-36
BLE,1705564503310019159,D3:F4:55:AB:96:20,-59
BLE,1705564503402510034,DF:A6:DC:DC:2E:81,-65
BLE,1705564503402538409,DF:DF:EE:00:00:01,-65
BLE,1705564503507862563,D3:F4:55:AB:96:20,-57
BLE,1705564503693753591,D3:F4:55:AB:96:20,-43
BLE,1705564504271991681,D3:F4:55:AB:96:20,-58
BLE,1705564504416631494,DF:DF:EE:00:00:04,-34
BLE,1705564504457585463,D3:F4:55:AB:96:20,-59
BLE,1705564504656008442,D3:F4:55:AB:96:20,-57
BLE,1705564505418523833,DF:DF:EE:00:00:04,-39
BLE,1705564505427498082,D3:F4:55:AB:96:20,-57
BLE,1705564505617039227,D3:F4:55:AB:96:20,-54
BLE,1705564506184655840,D3:F4:55:AB:96:20,-63
BLE,1705564506416192106,DF:DF:EE:00:00:04,-35
BLE,1705564506572590046,D3:F4:55:AB:96:20,-59
BLE,1705564506957578835,DF:DF:EE:00:00:04,-35
BLE,1705564507152061160,D3:F4:55:AB:96:20,-57
BLE,1705564507337323989,D3:F4:55:AB:96:20,-59
BLE,1705564507414484495,DF:DF:EE:00:00:04,-36
BLE,1705564507536398667,D3:F4:55:AB:96:20,-58
BLE,1705564507727520289,D3:F4:55:AB:96:20,-55
BLE,1705564507921986239,D3:F4:55:AB:96:20,-58
BLE,1705564507958196067,DF:DF:EE:00:00:04,-35
BLE,1705564508419677204,DF:DF:EE:00:00:04,-34
BLE,1705564508501767099,D3:F4:55:AB:96:20,-57
BLE,1705564508688790112,D3:F4:55:AB:96:20,-58
BLE,1705564508958315847,DF:DF:EE:00:00:04,-36
BLE,1705564509080174437,D3:F4:55:AB:96:20,-56
BLE,1705564509273968938,D3:F4:55:AB:96:20,-59
BLE,1705564509419570488,DF:DF:EE:00:00:04,-36
BLE,1705564509467337446,D3:F4:55:AB:96:20,-57
BLE,1705564509657078170,D3:F4:55:AB:96:20,-58
BLE,1705564509963346059,DF:DF:EE:00:00:04,-39
BLE,1705564510438655628,D3:F4:55:AB:96:20,-57
BLE,1705564510625765265,D3:F4:55:AB:96:20,-58
BLE,1705564511020311795,D3:F4:55:AB:96:20,-57
BLE,1705564511420863534,DF:DF:EE:00:00:04,-35
BLE,1705564511586308014,D3:F4:55:AB:96:20,-58
BLE,1705564511959765756,DF:DF:EE:00:00:04,-36
BLE,1705564512160363079,D3:F4:55:AB:96:20,-55
BLE,1705564512350163470,D3:F4:55:AB:96:20,-58
BLE,1705564512536405785,D3:F4:55:AB:96:20,-59
BLE,1705564512731645975,D3:F4:55:AB:96:20,-57
BLE,1705564513112750318,D3:F4:55:AB:96:20,-57
BLE,1705564513301849593,D3:F4:55:AB:96:20,-58
BLE,1705564513414567519,DF:DF:EE:00:00:04,-33
BLE,1705564513869702828,D3:F4:55:AB:96:20,-55
BLE,1705564513959573448,DF:DF:EE:00:00:04,-35
BLE,1705564514062117766,D3:F4:55:AB:96:20,-57
BLE,1705564514422198028,DF:DF:EE:00:00:04,-40
BLE,1705564514450893627,D3:F4:55:AB:96:20,-59
BLE,1705564514646261231,D3:F4:55:AB:96:20,-57
BLE,1705564514953569355,DF:DF:EE:00:00:04,-35
BLE,1705564515797660149,D3:F4:55:AB:96:20,-57
BLE,1705564515957663205,DF:DF:EE:00:00:04,-35
BLE,1705564515989394970,D3:F4:55:AB:96:20,-56
BLE,1705564516424873596,DF:DF:EE:00:00:04,-39
BLE,1705564516572762114,D3:F4:55:AB:96:20,-56
BLE,1705564516766470700,D3:F4:55:AB:96:20,-57
BLE,1705564516961918928,DF:DF:EE:00:00:04,-38
BLE,1705564517421335011,DF:DF:EE:00:00:04,-35
BLE,1705564517534069978,D3:F4:55:AB:96:20,-59
BLE,1705564517726455624,D3:F4:55:AB:96:20,-41
BLE,1705564518109093779,D3:F4:55:AB:96:20,-57
BLE,1705564518296140708,D3:F4:55:AB:96:20,-59
BLE,1705564518417216850,DF:DF:EE:00:00:04,-36
BLE,1705564518491296857,D3:F4:55:AB:96:20,-57
BLE,1705564518687385202,D3:F4:55:AB:96:20,-55
BLE,1705564518882692890,D3:F4:55:AB:96:20,-58
BLE,1705564518963486387,DF:DF:EE:00:00:04,-39
BLE,1705564519071565502,D3:F4:55:AB:96:20,-55
BLE,1705564519267253060,D3:F4:55:AB:96:20,-59
BLE,1705564519655321181,D3:F4:55:AB:96:20,-55
BLE,1705564519844042087,D3:F4:55:AB:96:20,-57
BLE,1705564519960362754,DF:DF:EE:00:00:04,-35
BLE,1705564520030347568,D3:F4:55:AB:96:20,-43
BLE,1705564520226560202,D3:F4:55:AB:96:20,-57
BLE,1705564520415279525,DF:DF:EE:00:00:04,-35
BLE,1705564520606468687,D3:F4:55:AB:96:20,-56
BLE,1705564520796308036,D3:F4:55:AB:96:20,-59
BLE,1705564520960776030,DF:DF:EE:00:00:04,-35
BLE,1705564521180294172,D3:F4:55:AB:96:20,-59
BLE,1705564521372457780,D3:F4:55:AB:96:20,-57
BLE,1705564521419648037,DF:DF:EE:00:00:04,-39
BLE,1705564521559256004,D3:F4:55:AB:96:20,-58
BLE,1705564521753270877,D3:F4:55:AB:96:20,-57
BLE,1705564521941284876,D3:F4:55:AB:96:20,-57
BLE,1705564522325745506,D3:F4:55:AB:96:20,-58
BLE,1705564522417211145,DF:DF:EE:00:00:04,-34
BLE,1705564522523191581,D3:F4:55:AB:96:20,-57
BLE,1705564522710572256,D3:F4:55:AB:96:20,-57
BLE,1705564522962953980,DF:DF:EE:00:00:04,-36
BLE,1705564523104915956,D3:F4:55:AB:96:20,-57
BLE,1705564523295273672,D3:F4:55:AB:96:20,-57
BLE,1705564523688663260,D3:F4:55:AB:96:20,-57
BLE,1705564523766399424,DF:A6:DC:DC:2E:81,-64
BLE,1705564523766428299,DF:DF:EE:00:00:01,-64
BLE,1705564523952763405,DF:DF:EE:00:00:04,-36
BLE,1705564524073041600,D3:F4:55:AB:96:20,-57
BLE,1705564524262267332,D3:F4:55:AB:96:20,-59
BLE,1705564524455133138,D3:F4:55:AB:96:20,-57
BLE,1705564524643010347,D3:F4:55:AB:96:20,-58
BLE,1705564524840751585,D3:F4:55:AB:96:20,-57
BLE,1705564525417449154,D3:F4:55:AB:96:20,-54
BLE,1705564525797664385,D3:F4:55:AB:96:20,-55
BLE,1705564525962764579,DF:DF:EE:00:00:04,-39
BLE,1705564525986442707,D3:F4:55:AB:96:20,-58
BLE,1705564526171868325,D3:F4:55:AB:96:20,-59
BLE,1705564526369038946,D3:F4:55:AB:96:20,-57
BLE,1705564526420467352,DF:DF:EE:00:00:04,-34
BLE,1705564526557393148,D3:F4:55:AB:96:20,-59
BLE,1705564526747492618,D3:F4:55:AB:96:20,-57
BLE,1705564526937119594,D3:F4:55:AB:96:20,-59
BLE,1705564527126465991,D3:F4:55:AB:96:20,-56
BLE,1705564527418675743,DF:DF:EE:00:00:04,-35
BLE,1705564527897176684,D3:F4:55:AB:96:20,-58
BLE,1705564527952126125,DF:DF:EE:00:00:04,-35
BLE,1705564528417177254,DF:DF:EE:00:00:04,-39
BLE,1705564528664328677,D3:F4:55:AB:96:20,-58
BLE,1705564528851205900,D3:F4:55:AB:96:20,-59
BLE,1705564528957510165,DF:DF:EE:00:00:04,-39
BLE,1705564529046566254,D3:F4:55:AB:96:20,-57
BLE,1705564529233015192,D3:F4:55:AB:96:20,-57
BLE,1705564529418812597,DF:DF:EE:00:00:04,-36
BLE,1705564529617366615,D3:F4:55:AB:96:20,-59
BLE,1705564529957979149,DF:DF:EE:00:00:04,-36
BLE,1705564530129707917,DF:A6:DC:DC:2E:81,-66
BLE,1705564530129737375,DF:DF:EE:00:00:01,-66
BLE,1705564530201877367,D3:F4:55:AB:96:20,-58
BLE,1705564530586302206,D3:F4:55:AB:96:20,-58
BLE,1705564530780059999,D3:F4:55:AB:96:20,-56
BLE,1705564530956635116,DF:DF:EE:00:00:04,-39
BLE,1705564530967451882,D3:F4:55:AB:96:20,-57
BLE,1705564531161283049,D3:F4:55:AB:96:20,-58
BLE,1705564531350512948,D3:F4:55:AB:96:20,-59
BLE,1705564531421594913,DF:DF:EE:00:00:04,-35
BLE,1705564531731937787,D3:F4:55:AB:96:20,-57
BLE,1705564531926365904,D3:F4:55:AB:96:20,-57
BLE,1705564531961824076,DF:DF:EE:00:00:04,-35
BLE,1705564532115652010,D3:F4:55:AB:96:20,-59
BLE,1705564532308900853,D3:F4:55:AB:96:20,-57
BLE,1705564532421356615,DF:DF:EE:00:00:04,-39
BLE,1705564532676382595,DF:A6:DC:DC:2E:81,-65
BLE,1705564532676417886,DF:DF:EE:00:00:01,-65
BLE,1705564532957849872,DF:DF:EE:00:00:04,-39
BLE,1705564533416622380,DF:DF:EE:00:00:04,-36
BLE,1705564533645909177,D3:F4:55:AB:96:20,-58
BLE,1705564533838436905,D3:F4:55:AB:96:20,-58
BLE,1705564534024207060,D3:F4:55:AB:96:20,-54
BLE,1705564534418203432,D3:F4:55:AB:96:20,-56
BLE,1705564534423144321,DF:DF:EE:00:00:04,-39
BLE,1705564534616285957,D3:F4:55:AB:96:20,-55
BLE,1705564534810693366,D3:F4:55:AB:96:20,-59
BLE,1705564534958285679,DF:DF:EE:00:00:04,-36
BLE,1705564535005078234,D3:F4:55:AB:96:20,-57
BLE,1705564535388056426,D3:F4:55:AB:96:20,-58
BLE,1705564535583053828,D3:F4:55:AB:96:20,-56
BLE,1705564535773218921,D3:F4:55:AB:96:20,-56
BLE,1705564535953406988,DF:DF:EE:00:00:04,-40
BLE,1705564535961317252,D3:F4:55:AB:96:20,-58
BLE,1705564536344861687,D3:F4:55:AB:96:20,-59
BLE,1705564536411833126,DF:DF:EE:00:00:04,-35
BLE,1705564536538905226,D3:F4:55:AB:96:20,-58
BLE,1705564536735570146,D3:F4:55:AB:96:20,-55
BLE,1705564536928021708,D3:F4:55:AB:96:20,-58
BLE,1705564536953575726,DF:DF:EE:00:00:04,-35
BLE,1705564537125045039,D3:F4:55:AB:96:20,-58
BLE,1705564537415733562,DF:DF:EE:00:00:04,-39
BLE,1705564537505628182,D3:F4:55:AB:96:20,-57
BLE,1705564537694881496,D3:F4:55:AB:96:20,-58
BLE,1705564537889453112,D3:F4:55:AB:96:20,-57
BLE,1705564538076519291,D3:F4:55:AB:96:20,-59
BLE,1705564538270692787,D3:F4:55:AB:96:20,-57
BLE,1705564538414565402,DF:DF:EE:00:00:04,-34
BLE,1705564538460419470,D3:F4:55:AB:96:20,-68
BLE,1705564538655840365,D3:F4:55:AB:96:20,-57
BLE,1705564538953896035,DF:DF:EE:00:00:04,-35
BLE,1705564539045476673,D3:F4:55:AB:96:20,-58
BLE,1705564539240757529,D3:F4:55:AB:96:20,-56
BLE,1705564539630310212,D3:F4:55:AB:96:20,-57
BLE,1705564539820751427,D3:F4:55:AB:96:20,-57
BLE,1705564540012080005,D3:F4:55:AB:96:20,-59
BLE,1705564540390540468,D3:F4:55:AB:96:20,-68
BLE,1705564540414860379,DF:DF:EE:00:00:04,-35
BLE,1705564540776779657,D3:F4:55:AB:96:20,-58
BLE,1705564540958489702,DF:DF:EE:00:00:04,-35
BLE,1705564541167718904,D3:F4:55:AB:96:20,-54
BLE,1705564541363482753,D3:F4:55:AB:96:20,-58
BLE,1705564541557820330,D3:F4:55:AB:96:20,-58
BLE,1705564541940765940,D3:F4:55:AB:96:20,-57
BLE,1705564541959412763,DF:DF:EE:00:00:04,-39
BLE,1705564542137800063,D3:F4:55:AB:96:20,-42
BLE,1705564542416018968,DF:DF:EE:00:00:04,-34
BLE,1705564542528105236,D3:F4:55:AB:96:20,-57
BLE,1705564542727413827,D3:F4:55:AB:96:20,-58
BLE,1705564542921514241,D3:F4:55:AB:96:20,-56
BLE,1705564543306402073,D3:F4:55:AB:96:20,-55
BLE,1705564543416011125,DF:DF:EE:00:00:04,-35
BLE,1705564543881553748,D3:F4:55:AB:96:20,-58
BLE,1705564543950962861,DF:DF:EE:00:00:04,-36
BLE,1705564543952500673,DF:DF:EE:00:00:04,-32
BLE,1705564544073180988,D3:F4:55:AB:96:20,-64
BLE,1705564544126998694,DF:A6:DC:DC:2E:81,-50
BLE,1705564544127025402,DF:DF:EE:00:00:01,-50
BLE,1705564544265180347,D3:F4:55:AB:96:20,-59
BLE,1705564544460224290,D3:F4:55:AB:96:20,-58
BLE,1705564544848374285,D3:F4:55:AB:96:20,-59
BLE,1705564545037106232,D3:F4:55:AB:96:20,-55
BLE,1705564545232135633,D3:F4:55:AB:96:20,-59
BLE,1705564545419737846,DF:DF:EE:00:00:04,-36
BLE,1705564545427750359,D3:F4:55:AB:96:20,-58
BLE,1705564545815916937,D3:F4:55:AB:96:20,-68
BLE,1705564545959493181,DF:DF:EE:00:00:04,-36
BLE,1705564546212802518,D3:F4:55:AB:96:20,-57
BLE,1705564546398978126,D3:F4:55:AB:96:20,-59
BLE,1705564546414683823,DF:DF:EE:00:00:04,-39
BLE,1705564546593506992,D3:F4:55:AB:96:20,-57
BLE,1705564546673371543,DF:A6:DC:DC:2E:81,-75
BLE,1705564546673399376,DF:DF:EE:00:00:01,-75
BLE,1705564546955790473,DF:DF:EE:00:00:04,-38
BLE,1705564546977848540,D3:F4:55:AB:96:20,-58
BLE,1705564547166300824,D3:F4:55:AB:96:20,-58
BLE,1705564547358190728,D3:F4:55:AB:96:20,-57
BLE,1705564547413803576,DF:DF:EE:00:00:04,-34
BLE,1705564547546336599,D3:F4:55:AB:96:20,-58
BLE,1705564547744382208,D3:F4:55:AB:96:20,-58
BLE,1705564547930649523,D3:F4:55:AB:96:20,-58
BLE,1705564547950303040,DF:A6:DC:DC:2E:81,-65
BLE,1705564547950329373,DF:DF:EE:00:00:01,-65
BLE,1705564547955239055,DF:DF:EE:00:00:04,-35
BLE,1705564548412923537,DF:DF:EE:00:00:04,-36
BLE,1705564548698762252,D3:F4:55:AB:96:20,-59
BLE,1705564548700276898,D3:F4:55:AB:96:20,-56
BLE,1705564548889171468,D3:F4:55:AB:96:20,-57
BLE,1705564548960963923,DF:DF:EE:00:00:04,-39
BLE,1705564549462015216,D3:F4:55:AB:96:20,-57
BLE,1705564549654549027,D3:F4:55:AB:96:20,-58
BLE,1705564549843678468,D3:F4:55:AB:96:20,-43
BLE,1705564549961926317,DF:DF:EE:00:00:04,-35
BLE,1705564550233174361,D3:F4:55:AB:96:20,-56
BLE,1705564550427052862,D3:F4:55:AB:96:20,-58
BLE,1705564550623021708,D3:F4:55:AB:96:20,-57
BLE,1705564550817150371,D3:F4:55:AB:96:20,-55
BLE,1705564550954422912,DF:DF:EE:00:00:04,-35
BLE,1705564551204101841,D3:F4:55:AB:96:20,-56
BLE,1705564551395992411,D3:F4:55:AB:96:20,-59
BLE,1705564551588282558,D3:F4:55:AB:96:20,-57
BLE,1705564551776724884,DF:A6:DC:DC:2E:81,-66
BLE,1705564551776755134,DF:DF:EE:00:00:01,-66
BLE,1705564551779714259,D3:F4:55:AB:96:20,-58
BLE,1705564551957097782,DF:DF:EE:00:00:04,-34
BLE,1705564551970734924,D3:F4:55:AB:96:20,-58
BLE,1705564552158406511,D3:F4:55:AB:96:20,-59
BLE,1705564552347190708,D3:F4:55:AB:96:20,-56
BLE,1705564552543061513,D3:F4:55:AB:96:20,-59
BLE,1705564552957124522,DF:DF:EE:00:00:04,-36
BLE,1705564553123490448,D3:F4:55:AB:96:20,-57
BLE,1705564553313488085,D3:F4:55:AB:96:20,-55
BLE,1705564553508523445,D3:F4:55:AB:96:20,-58
BLE,1705564553893347403,D3:F4:55:AB:96:20,-58
BLE,1705564554089341707,D3:F4:55:AB:96:20,-57
BLE,1705564554283901989,D3:F4:55:AB:96:20,-54
BLE,1705564554413521720,DF:DF:EE:00:00:04,-35
BLE,1705564554475460938,D3:F4:55:AB:96:20,-59
BLE,1705564554670553713,D3:F4:55:AB:96:20,-58
BLE,1705564554864232841,D3:F4:55:AB:96:20,-57
BLE,1705564554950892756,DF:DF:EE:00:00:04,-35
BLE,1705564555054836721,D3:F4:55:AB:96:20,-57
BLE,1705564555242157562,D3:F4:55:AB:96:20,-57
BLE,1705564555418343602,DF:DF:EE:00:00:04,-38
BLE,1705564555431093882,D3:F4:55:AB:96:20,-56
BLE,1705564555811451652,D3:F4:55:AB:96:20,-55
BLE,1705564555954308532,DF:DF:EE:00:00:04,-33
BLE,1705564556003451554,D3:F4:55:AB:96:20,-56
BLE,1705564556392339788,D3:F4:55:AB:96:20,-59
BLE,1705564556415487382,DF:DF:EE:00:00:04,-35
BLE,1705564556584279566,D3:F4:55:AB:96:20,-57
BLE,1705564556958538296,DF:DF:EE:00:00:04,-34
BLE,1705564556970984998,D3:F4:55:AB:96:20,-56
BLE,1705564557359802692,D3:F4:55:AB:96:20,-59
BLE,1705564557552494375,D3:F4:55:AB:96:20,-57
BLE,1705564557741318779,D3:F4:55:AB:96:20,-58
BLE,1705564557935176530,D3:F4:55:AB:96:20,-70
BLE,1705564558125825908,D3:F4:55:AB:96:20,-58
BLE,1705564558320928933,D3:F4:55:AB:96:20,-57
BLE,1705564558895252119,D3:F4:55:AB:96:20,-55
BLE,1705564558956874759,DF:DF:EE:00:00:04,-35
BLE,1705564559088099176,D3:F4:55:AB:96:20,-59
BLE,1705564559281144146,D3:F4:55:AB:96:20,-55
BLE,1705564559420912652,DF:DF:EE:00:00:04,-38
BLE,1705564559476628290,D3:F4:55:AB:96:20,-57
BLE,1705564560052244708,D3:F4:55:AB:96:20,-56
BLE,1705564560243240207,D3:F4:55:AB:96:20,-55
BLE,1705564560413973073,DF:DF:EE:00:00:04,-40
BLE,1705564560438467397,D3:F4:55:AB:96:20,-59
BLE,1705564560823660600,D3:F4:55:AB:96:20,-59
BLE,1705564560953802949,DF:DF:EE:00:00:04,-40
BLE,1705564561013857985,D3:F4:55:AB:96:20,-55
BLE,1705564561206271964,D3:F4:55:AB:96:20,-59
BLE,1705564561414406348,DF:DF:EE:00:00:04,-35
BLE,1705564561594757121,D3:F4:55:AB:96:20,-55
BLE,1705564561784400680,D3:F4:55:AB:96:20,-57
BLE,1705564561955390500,DF:DF:EE:00:00:04,-48
BLE,1705564561977033323,D3:F4:55:AB:96:20,-54
BLE,1705564562166062724,D3:F4:55:AB:96:20,-58
BLE,1705564562354719756,D3:F4:55:AB:96:20,-59
BLE,1705564562548827545,D3:F4:55:AB:96:20,-41
BLE,1705564562734803030,D3:F4:55:AB:96:20,-59
BLE,1705564562932365062,D3:F4:55:AB:96:20,-57
BLE,1705564562953299603,DF:DF:EE:00:00:04,-38
BLE,1705564563118421297,D3:F4:55:AB:96:20,-59
BLE,1705564563312506419,D3:F4:55:AB:96:20,-58
BLE,1705564563421557604,DF:DF:EE:00:00:04,-35
BLE,1705564563423180082,DF:DF:EE:00:00:04,-38
BLE,1705564563507252741,D3:F4:55:AB:96:20,-54
BLE,1705564563956123429,DF:DF:EE:00:00:04,-36
BLE,1705564564272753881,D3:F4:55:AB:96:20,-55
BLE,1705564564462240776,D3:F4:55:AB:96:20,-57
BLE,1705564564489826224,DF:A6:DC:DC:2E:81,-65
BLE,1705564564489854141,DF:DF:EE:00:00:01,-65
BLE,1705564564653549437,D3:F4:55:AB:96:20,-55
BLE,1705564565043436783,D3:F4:55:AB:96:20,-58
BLE,1705564565234096787,D3:F4:55:AB:96:20,-58
BLE,1705564565420168188,DF:DF:EE:00:00:04,-35
BLE,1705564565427071800,D3:F4:55:AB:96:20,-57
BLE,1705564565623309642,D3:F4:55:AB:96:20,-56
BLE,1705564565817360348,D3:F4:55:AB:96:20,-59
BLE,1705564565954835428,DF:DF:EE:00:00:04,-36
BLE,1705564566016240570,D3:F4:55:AB:96:20,-57
BLE,1705564566398661520,D3:F4:55:AB:96:20,-58
BLE,1705564566417877168,DF:DF:EE:00:00:04,-39
BLE,1705564566585710407,D3:F4:55:AB:96:20,-59
BLE,1705564566783313564,D3:F4:55:AB:96:20,-59
BLE,1705564566953619268,DF:DF:EE:00:00:04,-36
BLE,1705564567414861326,DF:DF:EE:00:00:04,-35
BLE,1705564567552506070,D3:F4:55:AB:96:20,-58
BLE,1705564567746233822,D3:F4:55:AB:96:20,-57
BLE,1705564567936508331,D3:F4:55:AB:96:20,-59
BLE,1705564568313576939,DF:A6:DC:DC:2E:81,-65
BLE,1705564568313610064,DF:DF:EE:00:00:01,-65
BLE,1705564568323832588,D3:F4:55:AB:96:20,-56
BLE,1705564568517650255,D3:F4:55:AB:96:20,-59
BLE,1705564568899940874,D3:F4:55:AB:96:20,-58
BLE,1705564568960925272,DF:DF:EE:00:00:04,-45
BLE,1705564569089583433,D3:F4:55:AB:96:20,-55
BLE,1705564569283704222,D3:F4:55:AB:96:20,-60
BLE,1705564569664862773,D3:F4:55:AB:96:20,-58
BLE,1705564569860495165,D3:F4:55:AB:96:20,-58
BLE,1705564570410542482,DF:DF:EE:00:00:04,-35
BLE,1705564570440215443,D3:F4:55:AB:96:20,-55
BLE,1705564570635499757,D3:F4:55:AB:96:20,-58
BLE,1705564570955167083,DF:DF:EE:00:00:04,-36
BLE,1705564571405106965,D3:F4:55:AB:96:20,-55
BLE,1705564571595774218,D3:F4:55:AB:96:20,-57
BLE,1705564571782565026,D3:F4:55:AB:96:20,-59
BLE,1705564571955315321,DF:DF:EE:00:00:04,-40
BLE,1705564571976298903,D3:F4:55:AB:96:20,-57
BLE,1705564572172186667,D3:F4:55:AB:96:20,-56
BLE,1705564572363618285,D3:F4:55:AB:96:20,-59
BLE,1705564572420962859,DF:DF:EE:00:00:04,-36
BLE,1705564572558964056,D3:F4:55:AB:96:20,-58
BLE,1705564572746425563,D3:F4:55:AB:96:20,-59
BLE,1705564572941419214,D3:F4:55:AB:96:20,-57
BLE,1705564572957585572,DF:DF:EE:00:00:04,-36
BLE,1705564573131723056,D3:F4:55:AB:96:20,-57
BLE,1705564573323904622,D3:F4:55:AB:96:20,-58
BLE,1705564573400036350,DF:A6:DC:DC:2E:81,-65
BLE,1705564573400064016,DF:DF:EE:00:00:01,-65
BLE,1705564573512146784,D3:F4:55:AB:96:20,-57
BLE,1705564573702133588,D3:F4:55:AB:96:20,-54
BLE,1705564573895130101,D3:F4:55:AB:96:20,-57
BLE,1705564574092309222,D3:F4:55:AB:96:20,-41
BLE,1705564574280034850,D3:F4:55:AB:96:20,-57
BLE,1705564574415393542,DF:DF:EE:00:00:04,-35
BLE,1705564574472126000,D3:F4:55:AB:96:20,-58
BLE,1705564574658763935,D3:F4:55:AB:96:20,-58
BLE,1705564574851794572,D3:F4:55:AB:96:20,-56
BLE,1705564575042624239,D3:F4:55:AB:96:20,-57
BLE,1705564575234072982,D3:F4:55:AB:96:20,-56
BLE,1705564575412157203,DF:DF:EE:00:00:04,-36
BLE,1705564575427256659,D3:F4:55:AB:96:20,-59
BLE,1705564575623368794,D3:F4:55:AB:96:20,-56
BLE,1705564575809912480,D3:F4:55:AB:96:20,-58
BLE,1705564575956514683,DF:DF:EE:00:00:04,-39
BLE,1705564576588075653,D3:F4:55:AB:96:20,-57
BLE,1705564576778376994,D3:F4:55:AB:96:20,-59
BLE,1705564576953504465,DF:DF:EE:00:00:04,-34
BLE,1705564576973921471,D3:F4:55:AB:96:20,-58
BLE,1705564577161972928,D3:F4:55:AB:96:20,-58
BLE,1705564577163483532,D3:F4:55:AB:96:20,-55
BLE,1705564577358881844,D3:F4:55:AB:96:20,-58
BLE,1705564577415577802,DF:DF:EE:00:00:04,-36
BLE,1705564577548877649,D3:F4:55:AB:96:20,-55
BLE,1705564577742172699,D3:F4:55:AB:96:20,-59
BLE,1705564577931553095,D3:F4:55:AB:96:20,-55
BLE,1705564578311153168,D3:F4:55:AB:96:20,-55
BLE,1705564578413428073,DF:DF:EE:00:00:04,-40
BLE,1705564578502884240,D3:F4:55:AB:96:20,-57
BLE,1705564578690377454,D3:F4:55:AB:96:20,-57
BLE,1705564578885400022,D3:F4:55:AB:96:20,-56
BLE,1705564579071394882,D3:F4:55:AB:96:20,-57
BLE,1705564579421972819,DF:DF:EE:00:00:04,-39
BLE,1705564579453107134,D3:F4:55:AB:96:20,-59
BLE,1705564579646599598,D3:F4:55:AB:96:20,-58
BLE,1705564579768448062,DF:A6:DC:DC:2E:81,-66
BLE,1705564579768477062,DF:DF:EE:00:00:01,-66
BLE,1705564579834162561,D3:F4:55:AB:96:20,-59
BLE,1705564579959200440,DF:DF:EE:00:00:04,-36
BLE,1705564580028952549,D3:F4:55:AB:96:20,-57
BLE,1705564580220248793,D3:F4:55:AB:96:20,-57
BLE,1705564580411939657,D3:F4:55:AB:96:20,-59
BLE,1705564580418892894,DF:DF:EE:00:00:04,-36
BLE,1705564580601643799,D3:F4:55:AB:96:20,-59
BLE,1705564580792002640,D3:F4:55:AB:96:20,-56
BLE,1705564580985328773,D3:F4:55:AB:96:20,-59
BLE,1705564581177324467,D3:F4:55:AB:96:20,-58
BLE,1705564581420176991,DF:DF:EE:00:00:04,-36
BLE,1705564581561424185,D3:F4:55:AB:96:20,-58
BLE,1705564581951811524,DF:DF:EE:00:00:04,-34
BLE,1705564582310105644,DF:A6:DC:DC:2E:81,-65
BLE,1705564582310152893,DF:DF:EE:00:00:01,-65
BLE,1705564582411626934,DF:DF:EE:00:00:04,-36
BLE,1705564582517061628,D3:F4:55:AB:96:20,-59
BLE,1705564582910177054,D3:F4:55:AB:96:20,-57
BLE,1705564582954109357,DF:DF:EE:00:00:04,-40
BLE,1705564583096984361,D3:F4:55:AB:96:20,-59
BLE,1705564583289120844,D3:F4:55:AB:96:20,-56
BLE,1705564583486768458,D3:F4:55:AB:96:20,-55
BLE,1705564583678624278,D3:F4:55:AB:96:20,-57
BLE,1705564584065147713,D3:F4:55:AB:96:20,-59
BLE,1705564584263977560,D3:F4:55:AB:96:20,-57
BLE,1705564584414254503,DF:DF:EE:00:00:04,-35
BLE,1705564584851163817,DF:A6:DC:DC:2E:81,-65
BLE,1705564584851201983,DF:DF:EE:00:00:01,-65
BLE,1705564584959887132,DF:DF:EE:00:00:04,-22
BLE,1705564585224623559,D3:F4:55:AB:96:20,-55
BLE,1705564585415307520,D3:F4:55:AB:96:20,-59
BLE,1705564585417869401,DF:DF:EE:00:00:04,-34
BLE,1705564585610687750,D3:F4:55:AB:96:20,-58
BLE,1705564585806335975,D3:F4:55:AB:96:20,-56
BLE,1705564585997432473,D3:F4:55:AB:96:20,-73
BLE,1705564586182944048,D3:F4:55:AB:96:20,-57
BLE,1705564586378171113,D3:F4:55:AB:96:20,-58
BLE,1705564586421676422,DF:DF:EE:00:00:04,-39
BLE,1705564586953170789,DF:DF:EE:00:00:04,-36
BLE,1705564586960365231,D3:F4:55:AB:96:20,-57
BLE,1705564587154412604,D3:F4:55:AB:96:20,-56
BLE,1705564587414423972,DF:DF:EE:00:00:04,-38
BLE,1705564587536821137,D3:F4:55:AB:96:20,-56
BLE,1705564587726755609,D3:F4:55:AB:96:20,-57
BLE,1705564587950903020,DF:DF:EE:00:00:04,-38
BLE,1705564588104220337,D3:F4:55:AB:96:20,-55
BLE,1705564588297042643,D3:F4:55:AB:96:20,-57
BLE,1705564588494991170,D3:F4:55:AB:96:20,-57
BLE,1705564588682474968,D3:F4:55:AB:96:20,-59
BLE,1705564588872591687,D3:F4:55:AB:96:20,-57
BLE,1705564588958615194,DF:DF:EE:00:00:04,-35
BLE,1705564589253720989,D3:F4:55:AB:96:20,-58
BLE,1705564589418733767,DF:DF:EE:00:00:04,-34
BLE,1705564589441161746,D3:F4:55:AB:96:20,-59
BLE,1705564590417885394,DF:DF:EE:00:00:04,-35
BLE,1705564590794326428,D3:F4:55:AB:96:20,-58
BLE,1705564590953278666,DF:DF:EE:00:00:04,-34
BLE,1705564590989205997,D3:F4:55:AB:96:20,-58
BLE,1705564591379303924,D3:F4:55:AB:96:20,-57
BLE,1705564591414269560,DF:DF:EE:00:00:04,-39
BLE,1705564591572594474,D3:F4:55:AB:96:20,-57
BLE,1705564591761919371,D3:F4:55:AB:96:20,-59
BLE,1705564591952416418,D3:F4:55:AB:96:20,-56
BLE,1705564591954742802,DF:DF:EE:00:00:04,-36
BLE,1705564592329347320,D3:F4:55:AB:96:20,-55
BLE,1705564592419171690,DF:DF:EE:00:00:04,-35
BLE,1705564592711431316,D3:F4:55:AB:96:20,-56
BLE,1705564592901644493,D3:F4:55:AB:96:20,-58
BLE,1705564593088186804,D3:F4:55:AB:96:20,-59
BLE,1705564593279239177,D3:F4:55:AB:96:20,-55
BLE,1705564593417783908,DF:DF:EE:00:00:04,-40
BLE,1705564593659327326,D3:F4:55:AB:96:20,-56
BLE,1705564593852903289,D3:F4:55:AB:96:20,-59
BLE,1705564593954251332,DF:DF:EE:00:00:04,-35
BLE,1705564594046979161,D3:F4:55:AB:96:20,-41
BLE,1705564594241560860,D3:F4:55:AB:96:20,-55
BLE,1705564594418905633,DF:DF:EE:00:00:04,-34
BLE,1705564594435032408,D3:F4:55:AB:96:20,-56
BLE,1705564594620167072,D3:F4:55:AB:96:20,-59
BLE,1705564594808824312,D3:F4:55:AB:96:20,-54
BLE,1705564594956346543,DF:DF:EE:00:00:04,-35
BLE,1705564595023818059,DF:A6:DC:DC:2E:81,-65
BLE,1705564595023844767,DF:DF:EE:00:00:01,-65
BLE,1705564595191748088,D3:F4:55:AB:96:20,-55
BLE,1705564595414835639,DF:DF:EE:00:00:04,-35
BLE,1705564595581781515,D3:F4:55:AB:96:20,-57
BLE,1705564595771708529,D3:F4:55:AB:96:20,-55
BLE,1705564595956892484,DF:DF:EE:00:00:04,-35
BLE,1705564595961361171,D3:F4:55:AB:96:20,-57
BLE,1705564596350780482,D3:F4:55:AB:96:20,-59
BLE,1705564596411782421,DF:DF:EE:00:00:04,-39
BLE,1705564596545723092,D3:F4:55:AB:96:20,-57
BLE,1705564596734007337,D3:F4:55:AB:96:20,-58
BLE,1705564596928882199,D3:F4:55:AB:96:20,-73
BLE,1705564596957554798,DF:DF:EE:00:00:04,-35
BLE,1705564597121623423,D3:F4:55:AB:96:20,-50
BLE,1705564597314270607,D3:F4:55:AB:96:20,-58
BLE,1705564597417318793,DF:DF:EE:00:00:04,-35
BLE,1705564597509425631,D3:F4:55:AB:96:20,-55
BLE,1705564598089456321,D3:F4:55:AB:96:20,-55
BLE,1705564598279030756,D3:F4:55:AB:96:20,-57
BLE,1705564598411473990,DF:DF:EE:00:00:04,-38
BLE,1705564598465824022,D3:F4:55:AB:96:20,-59
BLE,1705564598659472109,D3:F4:55:AB:96:20,-57
BLE,1705564599042031724,D3:F4:55:AB:96:20,-58
BLE,1705564599230510133,D3:F4:55:AB:96:20,-59
BLE,1705564599409803837,DF:DF:EE:00:00:04,-35
BLE,1705564599424755545,D3:F4:55:AB:96:20,-56
BLE,1705564599620725266,D3:F4:55:AB:96:20,-55
BLE,1705564599816812777,D3:F4:55:AB:96:20,-59
BLE,1705564599950512534,DF:DF:EE:00:00:04,-34
BLE,1705564600006305338,D3:F4:55:AB:96:20,-56
BLE,1705564600111379412,DF:A6:DC:DC:2E:81,-66
BLE,1705564600111409953,DF:DF:EE:00:00:01,-66
BLE,1705564600196661721,D3:F4:55:AB:96:20,-59
BLE,1705564600395704816,D3:F4:55:AB:96:20,-57
BLE,1705564600416169321,DF:DF:EE:00:00:04,-38
BLE,1705564600969222555,D3:F4:55:AB:96:20,-55
BLE,1705564601160168554,D3:F4:55:AB:96:20,-57
BLE,1705564601731402242,D3:F4:55:AB:96:20,-54
BLE,1705564601953353475,DF:DF:EE:00:00:04,-34
BLE,1705564602118456961,D3:F4:55:AB:96:20,-55
BLE,1705564602412169275,DF:DF:EE:00:00:04,-36
BLE,1705564602698598315,D3:F4:55:AB:96:20,-59
BLE,1705564602895179195,D3:F4:55:AB:96:20,-57
BLE,1705564602949507186,DF:DF:EE:00:00:04,-36
BLE,1705564603082035043,D3:F4:55:AB:96:20,-58
BLE,1705564603276961195,D3:F4:55:AB:96:20,-57
BLE,1705564603414102571,DF:DF:EE:00:00:04,-35
BLE,1705564603464649490,D3:F4:55:AB:96:20,-59
BLE,1705564603852872568,D3:F4:55:AB:96:20,-55
BLE,1705564603954479398,DF:DF:EE:00:00:04,-34
BLE,1705564604044933510,D3:F4:55:AB:96:20,-43
BLE,1705564604413226532,DF:DF:EE:00:00:04,-35
BLE,1705564604431928438,D3:F4:55:AB:96:20,-59
BLE,1705564604821883657,D3:F4:55:AB:96:20,-56
BLE,1705564604956644358,DF:DF:EE:00:00:04,-35
BLE,1705564605016440648,D3:F4:55:AB:96:20,-59
BLE,1705564605795328394,D3:F4:55:AB:96:20,-58
BLE,1705564606369618080,D3:F4:55:AB:96:20,-56
BLE,1705564606419036015,DF:DF:EE:00:00:04,-35
BLE,1705564606477520781,DF:A6:DC:DC:2E:81,-66
BLE,1705564606477551281,DF:DF:EE:00:00:01,-66
BLE,1705564606562100933,D3:F4:55:AB:96:20,-58
BLE,1705564606748059711,D3:F4:55:AB:96:20,-57
BLE,1705564606950461217,DF:DF:EE:00:00:04,-34
BLE,1705564607325690434,D3:F4:55:AB:96:20,-57
BLE,1705564607514605795,D3:F4:55:AB:96:20,-57
BLE,1705564607900905941,D3:F4:55:AB:96:20,-55
BLE,1705564608412367130,DF:DF:EE:00:00:04,-35
BLE,1705564608680360804,D3:F4:55:AB:96:20,-59
BLE,1705564608870480148,D3:F4:55:AB:96:20,-55
BLE,1705564608950013454,DF:DF:EE:00:00:04,-34
BLE,1705564609021672453,DF:A6:DC:DC:2E:81,-64
BLE,1705564609021710494,DF:DF:EE:00:00:01,-64
BLE,1705564609063515244,D3:F4:55:AB:96:20,-59
BLE,1705564609256735586,D3:F4:55:AB:96:20,-58
BLE,1705564609410635145,DF:DF:EE:00:00:04,-36
BLE,1705564609829746499,D3:F4:55:AB:96:20,-58
BLE,1705564609957211219,DF:DF:EE:00:00:04,-38
BLE,1705564610212215074,D3:F4:55:AB:96:20,-59
BLE,1705564610405789453,D3:F4:55:AB:96:20,-57
BLE,1705564610593443124,D3:F4:55:AB:96:20,-58
BLE,1705564610790824992,D3:F4:55:AB:96:20,-57
BLE,1705564610956678092,DF:DF:EE:00:00:04,-34
BLE,1705564610977200847,D3:F4:55:AB:96:20,-58
BLE,1705564611172999487,D3:F4:55:AB:96:20,-58
BLE,1705564611363909653,D3:F4:55:AB:96:20,-55
BLE,1705564611410433920,DF:DF:EE:00:00:04,-36
BLE,1705564611555811598,D3:F4:55:AB:96:20,-57
BLE,1705564611748344159,D3:F4:55:AB:96:20,-55
BLE,1705564611952269852,DF:DF:EE:00:00:04,-36
BLE,1705564612134121812,D3:F4:55:AB:96:20,-56
BLE,1705564612414505479,DF:DF:EE:00:00:04,-35
BLE,1705564612708360332,D3:F4:55:AB:96:20,-57
BLE,1705564612897923143,D3:F4:55:AB:96:20,-56
BLE,1705564612956818195,DF:DF:EE:00:00:04,-36
BLE,1705564613420644758,DF:DF:EE:00:00:04,-39
BLE,1705564613472715031,D3:F4:55:AB:96:20,-58
BLE,1705564613664915846,D3:F4:55:AB:96:20,-56
BLE,1705564613858415143,D3:F4:55:AB:96:20,-59
BLE,1705564613959365817,DF:DF:EE:00:00:04,-40
BLE,1705564614250005799,D3:F4:55:AB:96:20,-56
BLE,1705564614417248379,DF:DF:EE:00:00:04,-36
BLE,1705564614441040297,D3:F4:55:AB:96:20,-58
BLE,1705564614632271876,D3:F4:55:AB:96:20,-56
BLE,1705564614825214514,D3:F4:55:AB:96:20,-58
BLE,1705564614953921925,DF:DF:EE:00:00:04,-39
BLE,1705564615205460161,D3:F4:55:AB:96:20,-58
BLE,1705564615384414828,DF:A6:DC:DC:2E:81,-65
BLE,1705564615384451744,DF:DF:EE:00:00:01,-65
BLE,1705564615394296565,D3:F4:55:AB:96:20,-56
BLE,1705564615408818446,DF:DF:EE:00:00:04,-35
BLE,1705564615585192815,D3:F4:55:AB:96:20,-58
BLE,1705564615777125760,D3:F4:55:AB:96:20,-54
BLE,1705564615954671280,DF:DF:EE:00:00:04,-35
BLE,1705564615972074911,D3:F4:55:AB:96:20,-59
BLE,1705564616416168958,DF:DF:EE:00:00:04,-39
BLE,1705564616557965228,D3:F4:55:AB:96:20,-60
BLE,1705564616750485455,D3:F4:55:AB:96:20,-57
BLE,1705564616938275999,D3:F4:55:AB:96:20,-58
BLE,1705564617133042070,D3:F4:55:AB:96:20,-56
BLE,1705564617409331919,DF:DF:EE:00:00:04,-35
BLE,1705564617518080567,D3:F4:55:AB:96:20,-57
BLE,1705564617711029080,D3:F4:55:AB:96:20,-55
BLE,1705564617903099147,D3:F4:55:AB:96:20,-57
BLE,1705564617932251407,DF:A6:DC:DC:2E:81,-65
BLE,1705564617932278531,DF:DF:EE:00:00:01,-65
BLE,1705564618289468375,D3:F4:55:AB:96:20,-58
BLE,1705564618420494879,DF:DF:EE:00:00:04,-39
BLE,1705564618669761313,D3:F4:55:AB:96:20,-58
BLE,1705564619057462606,D3:F4:55:AB:96:20,-59
BLE,1705564619254861974,D3:F4:55:AB:96:20,-59
BLE,1705564619413751088,DF:DF:EE:00:00:04,-35
BLE,1705564619443743502,D3:F4:55:AB:96:20,-55
BLE,1705564619633627350,D3:F4:55:AB:96:20,-57
BLE,1705564619830277062,D3:F4:55:AB:96:20,-56
BLE,1705564620411450361,DF:DF:EE:00:00:04,-36
BLE,1705564620598719203,D3:F4:55:AB:96:20,-57
BLE,1705564620786950824,D3:F4:55:AB:96:20,-59
BLE,1705564620951574149,DF:DF:EE:00:00:04,-36
BLE,1705564620980047168,D3:F4:55:AB:96:20,-63
BLE,1705564621172495064,D3:F4:55:AB:96:20,-59
BLE,1705564621367188886,D3:F4:55:AB:96:20,-58
BLE,1705564621559368868,D3:F4:55:AB:96:20,-56
BLE,1705564621753736278,D3:F4:55:AB:96:20,-58
BLE,1705564621945148480,D3:F4:55:AB:96:20,-55
BLE,1705564622136360309,D3:F4:55:AB:96:20,-58
BLE,1705564622327354016,D3:F4:55:AB:96:20,-50
BLE,1705564622409337412,DF:DF:EE:00:00:04,-35
BLE,1705564622519114462,D3:F4:55:AB:96:20,-43
BLE,1705564622708847479,D3:F4:55:AB:96:20,-56
BLE,1705564622903632800,D3:F4:55:AB:96:20,-57
BLE,1705564622956933014,DF:DF:EE:00:00:04,-36
BLE,1705564623092847948,D3:F4:55:AB:96:20,-55
BLE,1705564623283468578,D3:F4:55:AB:96:20,-59
BLE,1705564623415277445,DF:DF:EE:00:00:04,-38
BLE,1705564623475614477,D3:F4:55:AB:96:20,-59
BLE,1705564623668309452,D3:F4:55:AB:96:20,-58
BLE,1705564623864843832,D3:F4:55:AB:96:20,-57
BLE,1705564624061837664,D3:F4:55:AB:96:20,-57
BLE,1705564624252951952,D3:F4:55:AB:96:20,-43
BLE,1705564624411439697,DF:DF:EE:00:00:04,-36
BLE,1705564624649141043,D3:F4:55:AB:96:20,-57
BLE,1705564624956934244,DF:DF:EE:00:00:04,-36
BLE,1705564625233297592,D3:F4:55:AB:96:20,-57
BLE,1705564625410000124,DF:DF:EE:00:00:04,-36
BLE,1705564625420764015,D3:F4:55:AB:96:20,-59
BLE,1705564625579956625,DF:A6:DC:DC:2E:81,-64
BLE,1705564625580009249,DF:DF:EE:00:00:01,-64
BLE,1705564625609555753,D3:F4:55:AB:96:20,-55
BLE,1705564625799081106,D3:F4:55:AB:96:20,-58
BLE,1705564625956214036,DF:DF:EE:00:00:04,-39
BLE,1705564626184531305,D3:F4:55:AB:96:20,-58
BLE,1705564626374208323,D3:F4:55:AB:96:20,-55
BLE,1705564626418706743,DF:DF:EE:00:00:04,-36
BLE,1705564626752019587,D3:F4:55:AB:96:20,-59
BLE,1705564627138347566,D3:F4:55:AB:96:20,-55
BLE,1705564627330346967,D3:F4:55:AB:96:20,-56
BLE,1705564627416288392,DF:DF:EE:00:00:04,-39
BLE,1705564627524110511,D3:F4:55:AB:96:20,-55
BLE,1705564627715036052,D3:F4:55:AB:96:20,-59
BLE,1705564627906423837,D3:F4:55:AB:96:20,-54
BLE,1705564627957517415,DF:DF:EE:00:00:04,-38
BLE,1705564628099978425,D3:F4:55:AB:96:20,-57
BLE,1705564628415804139,DF:DF:EE:00:00:04,-34
BLE,1705564628675414263,D3:F4:55:AB:96:20,-58
BLE,1705564628867128335,D3:F4:55:AB:96:20,-66
BLE,1705564629259546312,D3:F4:55:AB:96:20,-57
BLE,1705564629414138903,DF:DF:EE:00:00:04,-36
BLE,1705564629447883556,D3:F4:55:AB:96:20,-59
BLE,1705564629838761305,D3:F4:55:AB:96:20,-55
BLE,1705564630029606722,D3:F4:55:AB:96:20,-57
BLE,1705564630215134048,D3:F4:55:AB:96:20,-58
BLE,1705564630411165143,DF:DF:EE:00:00:04,-39
BLE,1705564630412312377,D3:F4:55:AB:96:20,-58
BLE,1705564630599464013,D3:F4:55:AB:96:20,-59
BLE,1705564630793861172,D3:F4:55:AB:96:20,-57
BLE,1705564630952041713,DF:DF:EE:00:00:04,-38
BLE,1705564631176202082,D3:F4:55:AB:96:20,-57
BLE,1705564631368809183,D3:F4:55:AB:96:20,-56
BLE,1705564631417160924,DF:DF:EE:00:00:04,-36
BLE,1705564631948801498,D3:F4:55:AB:96:20,-59
BLE,1705564631956415142,DF:DF:EE:00:00:04,-35
BLE,1705564632327064506,D3:F4:55:AB:96:20,-59
BLE,1705564632412719393,DF:DF:EE:00:00:04,-38
BLE,1705564632519660816,D3:F4:55:AB:96:20,-55
BLE,1705564632710937103,D3:F4:55:AB:96:20,-58
BLE,1705564632907703771,D3:F4:55:AB:96:20,-57
BLE,1705564633097584619,D3:F4:55:AB:96:20,-58
BLE,1705564633210154296,DF:A6:DC:DC:2E:81,-64
BLE,1705564633210184171,DF:DF:EE:00:00:01,-64
BLE,1705564633290166429,D3:F4:55:AB:96:20,-57
BLE,1705564633417777813,DF:DF:EE:00:00:04,-35
BLE,1705564633477482646,D3:F4:55:AB:96:20,-43
BLE,1705564633949612009,DF:DF:EE:00:00:04,-35
BLE,1705564634415404087,DF:DF:EE:00:00:04,-38
BLE,1705564634637555817,D3:F4:55:AB:96:20,-57
BLE,1705564634826383763,D3:F4:55:AB:96:20,-59
BLE,1705564634949657207,DF:DF:EE:00:00:04,-35
BLE,1705564635016421275,D3:F4:55:AB:96:20,-55
BLE,1705564635211665548,D3:F4:55:AB:96:20,-59
BLE,1705564635414410299,DF:DF:EE:00:00:04,-34
BLE,1705564635605702294,D3:F4:55:AB:96:20,-58
BLE,1705564635951335258,DF:DF:EE:00:00:04,-36
BLE,1705564636372223087,D3:F4:55:AB:96:20,-58
BLE,1705564636417614120,DF:DF:EE:00:00:04,-40
BLE,1705564636564789689,D3:F4:55:AB:96:20,-55
BLE,1705564636757156127,D3:F4:55:AB:96:20,-56
BLE,1705564636941865547,D3:F4:55:AB:96:20,-59
BLE,1705564637136918364,D3:F4:55:AB:96:20,-57
BLE,1705564637324739491,D3:F4:55:AB:96:20,-59
BLE,1705564637413894870,DF:DF:EE:00:00:04,-34
BLE,1705564637521005791,D3:F4:55:AB:96:20,-58
BLE,1705564637707674600,D3:F4:55:AB:96:20,-59
BLE,1705564637903969566,D3:F4:55:AB:96:20,-56
BLE,1705564637949026437,DF:DF:EE:00:00:04,-39
BLE,1705564638096818123,D3:F4:55:AB:96:20,-56
BLE,1705564638286472974,D3:F4:55:AB:96:20,-42
BLE,1705564638410697322,DF:DF:EE:00:00:04,-36
BLE,1705564638480904091,D3:F4:55:AB:96:20,-56
BLE,1705564638670975936,D3:F4:55:AB:96:20,-57
BLE,1705564638859477887,D3:F4:55:AB:96:20,-53
BLE,1705564638951268813,DF:DF:EE:00:00:04,-36
BLE,1705564639052127446,D3:F4:55:AB:96:20,-57
BLE,1705564639242323289,D3:F4:55:AB:96:20,-54
BLE,1705564639823807084,D3:F4:55:AB:96:20,-57
BLE,1705564639954725547,DF:DF:EE:00:00:04,-34
BLE,1705564640020117175,D3:F4:55:AB:96:20,-58
BLE,1705564640416517846,DF:DF:EE:00:00:04,-35
BLE,1705564640603580775,D3:F4:55:AB:96:20,-57
BLE,1705564640791046906,D3:F4:55:AB:96:20,-57
BLE,1705564641186588923,D3:F4:55:AB:96:20,-57
BLE,1705564641372724490,D3:F4:55:AB:96:20,-58
BLE,1705564641567026984,D3:F4:55:AB:96:20,-57
BLE,1705564642138566834,D3:F4:55:AB:96:20,-59
BLE,1705564642327870982,D3:F4:55:AB:96:20,-55
BLE,1705564642417338607,DF:DF:EE:00:00:04,-35
BLE,1705564642520401376,D3:F4:55:AB:96:20,-58
BLE,1705564642716361889,D3:F4:55:AB:96:20,-58
BLE,1705564643413991227,DF:DF:EE:00:00:04,-39
BLE,1705564643675206120,D3:F4:55:AB:96:20,-54
BLE,1705564643950360402,DF:DF:EE:00:00:04,-37
BLE,1705564644059904039,D3:F4:55:AB:96:20,-55
BLE,1705564644249855677,D3:F4:55:AB:96:20,-55
BLE,1705564644414849914,DF:DF:EE:00:00:04,-34
BLE,1705564644437375516,D3:F4:55:AB:96:20,-57
BLE,1705564644627905480,D3:F4:55:AB:96:20,-57
BLE,1705564644660354652,DF:A6:DC:DC:2E:81,-65
BLE,1705564644660380735,DF:DF:EE:00:00:01,-65
BLE,1705564644815419569,D3:F4:55:AB:96:20,-59
BLE,1705564644954185339,DF:DF:EE:00:00:04,-34
BLE,1705564645006149571,D3:F4:55:AB:96:20,-55
BLE,1705564645200406441,D3:F4:55:AB:96:20,-58
BLE,1705564645393771449,D3:F4:55:AB:96:20,-47
BLE,1705564645419550880,DF:DF:EE:00:00:04,-40
BLE,1705564645583624714,D3:F4:55:AB:96:20,-59
BLE,1705564645778057956,D3:F4:55:AB:96:20,-57
BLE,1705564645949173649,DF:DF:EE:00:00:04,-36
BLE,1705564645966458491,D3:F4:55:AB:96:20,-58
BLE,1705564646414065156,DF:DF:EE:00:00:04,-35
BLE,1705564646551743566,D3:F4:55:AB:96:20,-59
BLE,1705564646742408486,D3:F4:55:AB:96:20,-57
BLE,1705564646934042559,D3:F4:55:AB:96:20,-58
BLE,1705564646949878005,DF:DF:EE:00:00:04,-39
BLE,1705564647130255819,D3:F4:55:AB:96:20,-57
BLE,1705564647325562049,D3:F4:55:AB:96:20,-56
BLE,1705564647408006106,DF:DF:EE:00:00:04,-34
BLE,1705564647516176345,D3:F4:55:AB:96:20,-59
BLE,1705564647711970568,D3:F4:55:AB:96:20,-56
BLE,1705564647950598777,DF:DF:EE:00:00:04,-35
BLE,1705564648096203118,D3:F4:55:AB:96:20,-58
BLE,1705564648282779220,D3:F4:55:AB:96:20,-59
BLE,1705564648411432881,DF:DF:EE:00:00:04,-40
BLE,1705564649057555690,D3:F4:55:AB:96:20,-54
BLE,1705564649253726075,D3:F4:55:AB:96:20,-57
BLE,1705564649407110099,DF:DF:EE:00:00:04,-34
BLE,1705564649449681004,D3:F4:55:AB:96:20,-48
BLE,1705564649645011359,D3:F4:55:AB:96:20,-57
BLE,1705564649746719189,DF:A6:DC:DC:2E:81,-66
BLE,1705564649746754855,DF:DF:EE:00:00:01,-66
BLE,1705564649837180467,D3:F4:55:AB:96:20,-59
BLE,1705564649948223374,DF:DF:EE:00:00:04,-35
BLE,1705564650225491668,D3:F4:55:AB:96:20,-56
BLE,1705564650411616193,DF:DF:EE:00:00:04,-40
BLE,1705564650419115838,D3:F4:55:AB:96:20,-58
BLE,1705564650615578052,D3:F4:55:AB:96:20,-58
BLE,1705564650805521983,D3:F4:55:AB:96:20,-58
BLE,1705564650955236933,DF:DF:EE:00:00:04,-39
BLE,1705564650999897476,D3:F4:55:AB:96:20,-57
BLE,1705564651186231623,D3:F4:55:AB:96:20,-58
BLE,1705564651380631824,D3:F4:55:AB:96:20,-57
BLE,1705564651566268731,D3:F4:55:AB:96:20,-59
BLE,1705564651761637752,D3:F4:55:AB:96:20,-57
BLE,1705564651950422241,DF:DF:EE:00:00:04,-35
BLE,1705564651955087467,D3:F4:55:AB:96:20,-55
BLE,1705564652147748734,D3:F4:55:AB:96:20,-57
BLE,1705564652338006077,D3:F4:55:AB:96:20,-56
BLE,1705564652413817143,DF:DF:EE:00:00:04,-39
BLE,1705564652918891380,D3:F4:55:AB:96:20,-57
BLE,1705564652949328788,DF:DF:EE:00:00:04,-35
BLE,1705564653306816669,D3:F4:55:AB:96:20,-56
BLE,1705564653412719815,DF:DF:EE:00:00:04,-35
BLE,1705564653568785302,DF:A6:DC:DC:2E:81,-65
BLE,1705564653568817176,DF:DF:EE:00:00:01,-65
BLE,1705564653685925916,D3:F4:55:AB:96:20,-59
BLE,1705564653687278772,D3:F4:55:AB:96:20,-55
BLE,1705564653952241029,DF:DF:EE:00:00:04,-34
BLE,1705564654080203200,D3:F4:55:AB:96:20,-58
BLE,1705564654410563877,DF:DF:EE:00:00:04,-35
BLE,1705564654461834619,D3:F4:55:AB:96:20,-57
BLE,1705564654950607167,DF:DF:EE:00:00:04,-35
BLE,1705564655041994516,D3:F4:55:AB:96:20,-45
BLE,1705564655416764406,DF:DF:EE:00:00:04,-34
BLE,1705564655625121996,D3:F4:55:AB:96:20,-56
BLE,1705564656005453642,D3:F4:55:AB:96:20,-56
BLE,1705564656114301996,DF:A6:DC:DC:2E:81,-65
BLE,1705564656114334704,DF:DF:EE:00:00:01,-65
BLE,1705564656195449904,D3:F4:55:AB:96:20,-57
BLE,1705564656952517538,DF:DF:EE:00:00:04,-35
BLE,1705564656967531287,D3:F4:55:AB:96:20,-59
BLE,1705564657158269206,D3:F4:55:AB:96:20,-55
BLE,1705564657545619920,D3:F4:55:AB:96:20,-57
BLE,1705564658408152331,DF:DF:EE:00:00:04,-35
BLE,1705564658696105767,D3:F4:55:AB:96:20,-56
BLE,1705564658885296249,D3:F4:55:AB:96:20,-55
BLE,1705564658947985207,DF:DF:EE:00:00:04,-35
BLE,1705564659077502023,D3:F4:55:AB:96:20,-52
BLE,1705564659264035376,D3:F4:55:AB:96:20,-58
BLE,1705564659412332512,DF:DF:EE:00:00:04,-38
BLE,1705564659455678240,D3:F4:55:AB:96:20,-57
BLE,1705564659645926083,D3:F4:55:AB:96:20,-59
BLE,1705564659835727432,D3:F4:55:AB:96:20,-56
BLE,1705564660026839971,D3:F4:55:AB:96:20,-43
BLE,1705564660225236866,D3:F4:55:AB:96:20,-57
BLE,1705564660410406738,DF:DF:EE:00:00:04,-35
BLE,1705564660614143059,D3:F4:55:AB:96:20,-58
BLE,1705564660803572455,D3:F4:55:AB:96:20,-56
BLE,1705564660997625619,D3:F4:55:AB:96:20,-58
BLE,1705564661191726575,D3:F4:55:AB:96:20,-57
BLE,1705564661414515796,DF:DF:EE:00:00:04,-39
BLE,1705564661580777849,D3:F4:55:AB:96:20,-58
BLE,1705564661777404435,D3:F4:55:AB:96:20,-57
BLE,1705564661957033676,DF:DF:EE:00:00:04,-39
BLE,1705564662168162519,D3:F4:55:AB:96:20,-59
BLE,1705564662362967548,D3:F4:55:AB:96:20,-57
BLE,1705564662417739616,DF:DF:EE:00:00:04,-35
BLE,1705564662481487726,DF:A6:DC:DC:2E:81,-65
BLE,1705564662481515434,DF:DF:EE:00:00:01,-65
BLE,1705564662742045753,D3:F4:55:AB:96:20,-57
BLE,1705564662954867489,DF:DF:EE:00:00:04,-34
BLE,1705564663327217413,D3:F4:55:AB:96:20,-57
BLE,1705564663409645803,DF:DF:EE:00:00:04,-35
BLE,1705564663952065310,DF:DF:EE:00:00:04,-36
BLE,1705564664102290961,D3:F4:55:AB:96:20,-57
BLE,1705564664485566483,D3:F4:55:AB:96:20,-58
BLE,1705564664875043584,D3:F4:55:AB:96:20,-56
BLE,1705564665070697060,D3:F4:55:AB:96:20,-57
BLE,1705564665412053750,DF:DF:EE:00:00:04,-36
BLE,1705564665452087774,D3:F4:55:AB:96:20,-57
BLE,1705564665648655320,D3:F4:55:AB:96:20,-58
BLE,1705564665838386045,D3:F4:55:AB:96:20,-56
BLE,1705564665950312440,DF:DF:EE:00:00:04,-32
BLE,1705564666229546665,D3:F4:55:AB:96:20,-57
BLE,1705564666305819141,DF:A6:DC:DC:2E:81,-65
BLE,1705564666305849807,DF:DF:EE:00:00:01,-65
BLE,1705564666413408888,DF:DF:EE:00:00:04,-39
BLE,1705564667000258274,D3:F4:55:AB:96:20,-58
BLE,1705564667383579712,D3:F4:55:AB:96:20,-59
BLE,1705564667408367490,DF:DF:EE:00:00:04,-20
BLE,1705564667581677611,D3:F4:55:AB:96:20,-57
BLE,1705564667768122674,D3:F4:55:AB:96:20,-58
BLE,1705564667951064118,DF:DF:EE:00:00:04,-34
BLE,1705564668414732350,DF:DF:EE:00:00:04,-39
BLE,1705564668528764549,D3:F4:55:AB:96:20,-57
BLE,1705564668954075317,DF:DF:EE:00:00:04,-39
BLE,1705564669298188552,D3:F4:55:AB:96:20,-59
BLE,1705564669681622738,D3:F4:55:AB:96:20,-58
BLE,1705564669953425774,DF:DF:EE:00:00:04,-35
BLE,1705564670413281434,DF:DF:EE:00:00:04,-38
BLE,1705564670452950714,D3:F4:55:AB:96:20,-54
BLE,1705564670647262416,D3:F4:55:AB:96:20,-58
BLE,1705564670842122111,D3:F4:55:AB:96:20,-57
BLE,1705564670949408987,DF:DF:EE:00:00:04,-35
BLE,1705564671038310746,D3:F4:55:AB:96:20,-56
BLE,1705564671230464978,D3:F4:55:AB:96:20,-59
BLE,1705564671411989693,DF:DF:EE:00:00:04,-35
BLE,1705564671427194272,D3:F4:55:AB:96:20,-57
BLE,1705564671615967552,D3:F4:55:AB:96:20,-59
BLE,1705564671813403919,D3:F4:55:AB:96:20,-58
BLE,1705564671954158078,DF:DF:EE:00:00:04,-35
BLE,1705564672413410913,DF:DF:EE:00:00:04,-36
BLE,1705564672675809623,DF:A6:DC:DC:2E:81,-66
BLE,1705564672675844123,DF:DF:EE:00:00:01,-66
BLE,1705564672949738755,DF:DF:EE:00:00:04,-35
BLE,1705564672968072832,D3:F4:55:AB:96:20,-58
BLE,1705564673164182927,D3:F4:55:AB:96:20,-57
BLE,1705564673355485171,D3:F4:55:AB:96:20,-56
BLE,1705564673548897678,D3:F4:55:AB:96:20,-57
BLE,1705564673938365696,D3:F4:55:AB:96:20,-55
BLE,1705564673948944632,DF:DF:EE:00:00:04,-38
BLE,1705564674325587829,D3:F4:55:AB:96:20,-56
BLE,1705564674418919984,DF:DF:EE:00:00:04,-39
BLE,1705564674518615758,D3:F4:55:AB:96:20,-59
BLE,1705564674716721449,D3:F4:55:AB:96:20,-57
BLE,1705564674906112845,D3:F4:55:AB:96:20,-56
BLE,1705564674951240757,DF:DF:EE:00:00:04,-36
BLE,1705564675100402215,D3:F4:55:AB:96:20,-59
BLE,1705564675218506815,DF:A6:DC:DC:2E:81,-66
BLE,1705564675218537648,DF:DF:EE:00:00:01,-66
BLE,1705564675292285034,D3:F4:55:AB:96:20,-56
BLE,1705564675671067785,D3:F4:55:AB:96:20,-55
BLE,1705564675863584305,D3:F4:55:AB:96:20,-57
BLE,1705564675953357217,DF:DF:EE:00:00:04,-38
BLE,1705564676051667094,D3:F4:55:AB:96:20,-58
BLE,1705564676409672635,DF:DF:EE:00:00:04,-35
BLE,1705564676435974393,D3:F4:55:AB:96:20,-56
BLE,1705564676495883348,DF:A6:DC:DC:2E:81,-66
BLE,1705564676495918472,DF:DF:EE:00:00:01,-66
BLE,1705564677016407244,D3:F4:55:AB:96:20,-59
BLE,1705564677205240523,D3:F4:55:AB:96:20,-54
BLE,1705564677410536447,DF:DF:EE:00:00:04,-38
BLE,1705564677580585280,D3:F4:55:AB:96:20,-58
BLE,1705564677967062507,D3:F4:55:AB:96:20,-56
BLE,1705564678351846715,D3:F4:55:AB:96:20,-55
BLE,1705564678740687451,D3:F4:55:AB:96:20,-57
BLE,1705564678948456840,DF:DF:EE:00:00:04,-19
BLE,1705564679316507074,D3:F4:55:AB:96:20,-56
BLE,1705564679416794382,DF:DF:EE:00:00:04,-22
BLE,1705564679511176605,D3:F4:55:AB:96:20,-58
BLE,1705564679707377698,D3:F4:55:AB:96:20,-58
BLE,1705564679897715872,D3:F4:55:AB:96:20,-59
BLE,1705564679953469510,DF:DF:EE:00:00:04,-39
BLE,1705564680275809675,D3:F4:55:AB:96:20,-58
BLE,1705564680475018142,D3:F4:55:AB:96:20,-58
BLE,1705564680661771992,D3:F4:55:AB:96:20,-59
BLE,1705564680858006542,D3:F4:55:AB:96:20,-58
BLE,1705564680947296004,DF:DF:EE:00:00:04,-38
BLE,1705564681051532423,D3:F4:55:AB:96:20,-55
BLE,1705564681243150496,D3:F4:55:AB:96:20,-58
BLE,1705564681411148899,DF:DF:EE:00:00:04,-36
BLE,1705564681433624002,D3:F4:55:AB:96:20,-56
BLE,1705564681625723611,D3:F4:55:AB:96:20,-59
BLE,1705564681816857858,D3:F4:55:AB:96:20,-56
BLE,1705564681948626809,DF:DF:EE:00:00:04,-35
BLE,1705564682010642401,D3:F4:55:AB:96:20,-58
BLE,1705564682209404166,D3:F4:55:AB:96:20,-41
BLE,1705564682394905408,D3:F4:55:AB:96:20,-43
BLE,1705564682408455802,DF:DF:EE:00:00:04,-23
BLE,1705564682591087793,D3:F4:55:AB:96:20,-58
BLE,1705564682783854851,D3:F4:55:AB:96:20,-56
BLE,1705564682868261047,DF:A6:DC:DC:2E:81,-66
BLE,1705564682868288630,DF:DF:EE:00:00:01,-66
BLE,1705564682948144556,DF:DF:EE:00:00:04,-39
BLE,1705564683163933458,D3:F4:55:AB:96:20,-56
BLE,1705564683354399464,D3:F4:55:AB:96:20,-58
BLE,1705564683408291462,DF:DF:EE:00:00:04,-35
BLE,1705564683543138953,D3:F4:55:AB:96:20,-59
BLE,1705564683737640361,D3:F4:55:AB:96:20,-57
BLE,1705564683933527334,D3:F4:55:AB:96:20,-56
BLE,1705564683946252072,DF:DF:EE:00:00:04,-35
BLE,1705564684127642039,D3:F4:55:AB:96:20,-58
BLE,1705564684409101024,DF:DF:EE:00:00:04,-38
BLE,1705564684521375289,D3:F4:55:AB:96:20,-57
BLE,1705564684713839726,D3:F4:55:AB:96:20,-43
BLE,1705564684903954445,D3:F4:55:AB:96:20,-57
BLE,1705564684951679112,DF:DF:EE:00:00:04,-39
BLE,1705564685282507033,D3:F4:55:AB:96:20,-56
BLE,1705564685409487217,DF:A6:DC:DC:2E:81,-63
BLE,1705564685409522300,DF:DF:EE:00:00:01,-63
BLE,1705564685414811560,DF:DF:EE:00:00:04,-35
BLE,1705564685473028913,D3:F4:55:AB:96:20,-59
BLE,1705564685668999967,D3:F4:55:AB:96:20,-57
BLE,1705564685948449939,DF:DF:EE:00:00:04,-35
BLE,1705564686806083085,D3:F4:55:AB:96:20,-57
BLE,1705564686955062295,DF:DF:EE:00:00:04,-39
BLE,1705564687195198858,D3:F4:55:AB:96:20,-56
BLE,1705564687579540573,D3:F4:55:AB:96:20,-55
BLE,1705564687777372059,D3:F4:55:AB:96:20,-56
BLE,1705564687954506835,DF:DF:EE:00:00:04,-21
BLE,1705564687973313364,D3:F4:55:AB:96:20,-59
BLE,1705564688362463845,D3:F4:55:AB:96:20,-55
BLE,1705564688413572423,DF:DF:EE:00:00:04,-39
BLE,1705564688550797339,D3:F4:55:AB:96:20,-57
BLE,1705564688744935336,D3:F4:55:AB:96:20,-56
BLE,1705564688938900252,D3:F4:55:AB:96:20,-57
BLE,1705564688951518867,DF:DF:EE:00:00:04,-35
BLE,1705564689131239565,D3:F4:55:AB:96:20,-56
BLE,1705564689414892395,DF:DF:EE:00:00:04,-35
BLE,1705564689517275465,D3:F4:55:AB:96:20,-57
BLE,1705564690095846092,D3:F4:55:AB:96:20,-55
BLE,1705564690285777522,D3:F4:55:AB:96:20,-57
BLE,1705564690414196478,DF:DF:EE:00:00:04,-36
BLE,1705564690415827247,DF:DF:EE:00:00:04,-22
BLE,1705564690481278749,D3:F4:55:AB:96:20,-40
BLE,1705564690871545632,D3:F4:55:AB:96:20,-57
BLE,1705564690945077229,DF:DF:EE:00:00:04,-34
BLE,1705564691062568922,D3:F4:55:AB:96:20,-45
BLE,1705564691258335104,D3:F4:55:AB:96:20,-57
BLE,1705564691452438101,D3:F4:55:AB:96:20,-57
BLE,1705564691947636059,DF:DF:EE:00:00:04,-39
BLE,1705564692220028213,D3:F4:55:AB:96:20,-56
BLE,1705564692406349985,DF:DF:EE:00:00:04,-36
BLE,1705564692796213539,D3:F4:55:AB:96:20,-56
BLE,1705564692948272832,DF:DF:EE:00:00:04,-35
BLE,1705564692992152136,D3:F4:55:AB:96:20,-58
BLE,1705564693186097469,D3:F4:55:AB:96:20,-57
BLE,1705564693410023632,DF:DF:EE:00:00:04,-39
BLE,1705564693766814190,D3:F4:55:AB:96:20,-56
BLE,1705564693952157685,DF:DF:EE:00:00:04,-39
BLE,1705564693958927590,D3:F4:55:AB:96:20,-58
BLE,1705564694150902950,D3:F4:55:AB:96:20,-57
BLE,1705564694412142551,DF:DF:EE:00:00:04,-30
BLE,1705564694413628031,DF:DF:EE:00:00:04,-36
BLE,1705564694537045223,D3:F4:55:AB:96:20,-57
BLE,1705564694725119430,D3:F4:55:AB:96:20,-57
BLE,1705564695108957735,D3:F4:55:AB:96:20,-68
BLE,1705564695406809741,DF:DF:EE:00:00:04,-36
BLE,1705564695501205964,D3:F4:55:AB:96:20,-57
BLE,1705564695888983215,D3:F4:55:AB:96:20,-58
BLE,1705564695956605895,DF:DF:EE:00:00:04,-39
BLE,1705564696464049349,D3:F4:55:AB:96:20,-56
BLE,1705564696851564561,D3:F4:55:AB:96:20,-58
BLE,1705564697042827223,D3:F4:55:AB:96:20,-59
BLE,1705564697415243896,DF:DF:EE:00:00:04,-39
BLE,1705564697432625986,D3:F4:55:AB:96:20,-56
BLE,1705564697822234586,D3:F4:55:AB:96:20,-57
BLE,1705564697947361671,DF:DF:EE:00:00:04,-36
BLE,1705564698016884492,D3:F4:55:AB:96:20,-55
BLE,1705564698212696507,D3:F4:55:AB:96:20,-59
BLE,1705564698978423770,D3:F4:55:AB:96:20,-58
BLE,1705564699363596015,D3:F4:55:AB:96:20,-56
BLE,1705564699414038810,DF:DF:EE:00:00:04,-35
BLE,1705564699553539028,D3:F4:55:AB:96:20,-58
BLE,1705564699744252322,D3:F4:55:AB:96:20,-59
BLE,1705564699937947784,D3:F4:55:AB:96:20,-57
BLE,1705564700513839031,D3:F4:55:AB:96:20,-56
BLE,1705564700708828766,D3:F4:55:AB:96:20,-58
BLE,1705564700901079539,D3:F4:55:AB:96:20,-57
BLE,1705564700946919274,DF:DF:EE:00:00:04,-38
BLE,1705564701089896152,D3:F4:55:AB:96:20,-58
BLE,1705564701279135675,D3:F4:55:AB:96:20,-56
BLE,1705564701406089860,DF:DF:EE:00:00:04,-35
BLE,1705564701472273435,D3:F4:55:AB:96:20,-59
BLE,1705564701858264919,D3:F4:55:AB:96:20,-59
BLE,1705564701953211509,DF:DF:EE:00:00:04,-35
BLE,1705564702245298055,D3:F4:55:AB:96:20,-56
BLE,1705564702824872459,D3:F4:55:AB:96:20,-57
BLE,1705564702951608480,DF:DF:EE:00:00:04,-38
BLE,1705564703018506963,D3:F4:55:AB:96:20,-41
BLE,1705564703231501613,DF:A6:DC:DC:2E:81,-64
BLE,1705564703231537820,DF:DF:EE:00:00:01,-64
BLE,1705564703402255061,D3:F4:55:AB:96:20,-57
BLE,1705564703406639458,DF:DF:EE:00:00:04,-35
BLE,1705564703597677873,D3:F4:55:AB:96:20,-54
BLE,1705564703792755148,D3:F4:55:AB:96:20,-57
BLE,1705564704181086224,D3:F4:55:AB:96:20,-55
BLE,1705564704411404715,DF:DF:EE:00:00:04,-40
BLE,1705564704565949306,D3:F4:55:AB:96:20,-56
BLE,1705564704946638614,D3:F4:55:AB:96:20,-56
BLE,1705564705331779276,D3:F4:55:AB:96:20,-54
BLE,1705564705414077501,DF:DF:EE:00:00:04,-34
BLE,1705564705709123047,D3:F4:55:AB:96:20,-56
BLE,1705564706411497861,DF:DF:EE:00:00:04,-35
BLE,1705564706853758434,D3:F4:55:AB:96:20,-57
BLE,1705564706951157240,DF:DF:EE:00:00:04,-35
BLE,1705564707056169523,DF:A6:DC:DC:2E:81,-66
BLE,1705564707056200398,DF:DF:EE:00:00:01,-66
BLE,1705564707240455407,D3:F4:55:AB:96:20,-54
BLE,1705564707434884483,D3:F4:55:AB:96:20,-58
BLE,1705564707629924800,D3:F4:55:AB:96:20,-56
BLE,1705564707818726621,D3:F4:55:AB:96:20,-59
BLE,1705564708014226766,D3:F4:55:AB:96:20,-57
BLE,1705564708399222221,D3:F4:55:AB:96:20,-57
BLE,1705564708409833865,DF:DF:EE:00:00:04,-36
BLE,1705564708590824712,D3:F4:55:AB:96:20,-56
BLE,1705564708950487355,DF:DF:EE:00:00:04,-36
BLE,1705564709364487447,D3:F4:55:AB:96:20,-57
BLE,1705564709597450818,DF:A6:DC:DC:2E:81,-66
BLE,1705564709597507192,DF:DF:EE:00:00:01,-66
BLE,1705564709751541499,D3:F4:55:AB:96:20,-59
BLE,1705564709941198933,D3:F4:55:AB:96:20,-40
BLE,1705564709950445221,DF:DF:EE:00:00:04,-22
BLE,1705564710133455789,D3:F4:55:AB:96:20,-58
BLE,1705564710408950233,DF:DF:EE:00:00:04,-34
BLE,1705564710514328886,D3:F4:55:AB:96:20,-58
BLE,1705564710704100860,D3:F4:55:AB:96:20,-56
BLE,1705564710947838122,DF:DF:EE:00:00:04,-20
BLE,1705564711090344632,D3:F4:55:AB:96:20,-40
BLE,1705564711472479461,D3:F4:55:AB:96:20,-56
BLE,1705564711849006410,D3:F4:55:AB:96:20,-58
BLE,1705564711946708337,DF:DF:EE:00:00:04,-35
BLE,1705564712242971115,D3:F4:55:AB:96:20,-58
BLE,1705564712411203765,DF:DF:EE:00:00:04,-34
BLE,1705564712438403552,D3:F4:55:AB:96:20,-56
BLE,1705564712628048403,D3:F4:55:AB:96:20,-57
BLE,1705564712951555676,DF:DF:EE:00:00:04,-34
BLE,1705564713007796266,D3:F4:55:AB:96:20,-57
BLE,1705564713197482241,D3:F4:55:AB:96:20,-59
BLE,1705564713388905901,D3:F4:55:AB:96:20,-58
BLE,1705564713407501724,DF:DF:EE:00:00:04,-35
BLE,1705564713581022759,D3:F4:55:AB:96:20,-59
BLE,1705564713953952508,DF:DF:EE:00:00:04,-39
BLE,1705564713975430875,D3:F4:55:AB:96:20,-57
BLE,1705564714166278376,D3:F4:55:AB:96:20,-57
BLE,1705564714358091405,D3:F4:55:AB:96:20,-57
BLE,1705564714553329844,D3:F4:55:AB:96:20,-55
BLE,1705564714683418944,DF:A6:DC:DC:2E:81,-64
BLE,1705564714683446277,DF:DF:EE:00:00:01,-64
BLE,1705564714938938333,D3:F4:55:AB:96:20,-56
BLE,1705564715134053024,D3:F4:55:AB:96:20,-58
BLE,1705564715324337700,D3:F4:55:AB:96:20,-57
BLE,1705564715406895422,DF:DF:EE:00:00:04,-35
BLE,1705564715708909703,D3:F4:55:AB:96:20,-57
BLE,1705564715895420348,D3:F4:55:AB:96:20,-59
BLE,1705564715951326650,DF:DF:EE:00:00:04,-36
BLE,1705564716276082447,D3:F4:55:AB:96:20,-59
BLE,1705564716407684568,DF:DF:EE:00:00:04,-39
BLE,1705564716469020836,D3:F4:55:AB:96:20,-56
BLE,1705564716659693381,D3:F4:55:AB:96:20,-59
BLE,1705564716855647144,D3:F4:55:AB:96:20,-58
BLE,1705564717242120620,D3:F4:55:AB:96:20,-56
BLE,1705564717405415881,DF:DF:EE:00:00:04,-34
BLE,1705564717428145397,D3:F4:55:AB:96:20,-57
BLE,1705564717811305420,D3:F4:55:AB:96:20,-59
BLE,1705564718001910466,D3:F4:55:AB:96:20,-58
BLE,1705564718191403944,D3:F4:55:AB:96:20,-59
BLE,1705564718384431040,D3:F4:55:AB:96:20,-57
BLE,1705564718571885880,D3:F4:55:AB:96:20,-57
BLE,1705564718771107305,D3:F4:55:AB:96:20,-58
BLE,1705564718949411981,DF:DF:EE:00:00:04,-39
BLE,1705564719346516226,D3:F4:55:AB:96:20,-54
BLE,1705564719408860064,DF:DF:EE:00:00:04,-35
BLE,1705564719726976620,D3:F4:55:AB:96:20,-56
BLE,1705564719953206002,DF:DF:EE:00:00:04,-36
BLE,1705564720110143352,D3:F4:55:AB:96:20,-55
BLE,1705564720304636302,D3:F4:55:AB:96:20,-58
BLE,1705564720412001594,DF:DF:EE:00:00:04,-39
BLE,1705564720500203528,D3:F4:55:AB:96:20,-58
BLE,1705564720690450412,D3:F4:55:AB:96:20,-59
BLE,1705564720882790809,D3:F4:55:AB:96:20,-57
BLE,1705564720955150715,DF:DF:EE:00:00:04,-38
BLE,1705564721050181846,DF:A6:DC:DC:2E:81,-65
BLE,1705564721050214054,DF:DF:EE:00:00:01,-65
BLE,1705564721078642282,D3:F4:55:AB:96:20,-55
BLE,1705564721407077778,DF:DF:EE:00:00:04,-34
BLE,1705564721465207632,D3:F4:55:AB:96:20,-56
BLE,1705564721466522072,D3:F4:55:AB:96:20,-58
BLE,1705564721658131021,D3:F4:55:AB:96:20,-59
BLE,1705564721946449535,DF:DF:EE:00:00:04,-35
BLE,1705564722052193725,D3:F4:55:AB:96:20,-52
BLE,1705564722437363637,D3:F4:55:AB:96:20,-58
BLE,1705564722819465216,D3:F4:55:AB:96:20,-57
BLE,1705564722948972199,DF:DF:EE:00:00:04,-35
BLE,1705564723016396549,D3:F4:55:AB:96:20,-55
BLE,1705564723207036594,D3:F4:55:AB:96:20,-59
BLE,1705564723406448725,D3:F4:55:AB:96:20,-57
BLE,1705564723595273380,D3:F4:55:AB:96:20,-58
BLE,1705564723596406364,D3:F4:55:AB:96:20,-55
BLE,1705564723788954674,D3:F4:55:AB:96:20,-57
BLE,1705564723946238686,DF:DF:EE:00:00:04,-39
BLE,1705564723976964506,D3:F4:55:AB:96:20,-57
BLE,1705564724409506298,DF:DF:EE:00:00:04,-35
BLE,1705564724558696964,D3:F4:55:AB:96:20,-57
BLE,1705564724872998241,DF:A6:DC:DC:2E:81,-65
BLE,1705564724873036948,DF:DF:EE:00:00:01,-65
BLE,1705564724943922917,DF:DF:EE:00:00:04,-35
BLE,1705564724949597754,D3:F4:55:AB:96:20,-56
BLE,1705564725332853317,D3:F4:55:AB:96:20,-54
BLE,1705564725413609731,DF:DF:EE:00:00:04,-35
BLE,1705564725526919523,D3:F4:55:AB:96:20,-58
BLE,1705564725717290906,D3:F4:55:AB:96:20,-55
BLE,1705564725908304196,D3:F4:55:AB:96:20,-58
BLE,1705564726097144267,D3:F4:55:AB:96:20,-56
BLE,1705564726412121492,DF:DF:EE:00:00:04,-36
BLE,1705564726486845282,D3:F4:55:AB:96:20,-57
BLE,1705564726682821294,D3:F4:55:AB:96:20,-56
BLE,1705564726946250073,DF:DF:EE:00:00:04,-36
BLE,1705564727073136759,D3:F4:55:AB:96:20,-57
BLE,1705564727408743613,DF:DF:EE:00:00:04,-22
BLE,1705564727415338271,DF:A6:DC:DC:2E:81,-49
BLE,1705564727415364104,DF:DF:EE:00:00:01,-49
BLE,1705564727460851885,D3:F4:55:AB:96:20,-43
BLE,1705564727658523666,D3:F4:55:AB:96:20,-58
BLE,1705564727949769223,DF:DF:EE:00:00:04,-38
BLE,1705564728041910561,D3:F4:55:AB:96:20,-57
BLE,1705564728404419955,DF:DF:EE:00:00:04,-20
BLE,1705564728798998361,D3:F4:55:AB:96:20,-40
BLE,1705564728948215735,DF:DF:EE:00:00:04,-34
BLE,1705564729174576156,D3:F4:55:AB:96:20,-58
BLE,1705564729409380501,DF:DF:EE:00:00:04,-38
BLE,1705564729556690027,D3:F4:55:AB:96:20,-59
BLE,1705564729748435557,D3:F4:55:AB:96:20,-58
BLE,1705564729938552985,D3:F4:55:AB:96:20,-58
BLE,1705564729951269391,DF:DF:EE:00:00:04,-39
BLE,1705564730333579342,D3:F4:55:AB:96:20,-57
BLE,1705564730523043154,D3:F4:55:AB:96:20,-59
BLE,1705564730718333885,D3:F4:55:AB:96:20,-57
BLE,1705564730909659920,D3:F4:55:AB:96:20,-56
BLE,1705564731099080608,D3:F4:55:AB:96:20,-57
BLE,1705564731289161661,D3:F4:55:AB:96:20,-59
BLE,1705564731415435772,DF:DF:EE:00:00:04,-39
BLE,1705564731479190465,D3:F4:55:AB:96:20,-58
BLE,1705564731670435044,D3:F4:55:AB:96:20,-59
BLE,1705564731949122693,DF:DF:EE:00:00:04,-35
BLE,1705564732062218155,D3:F4:55:AB:96:20,-41
BLE,1705564732409347973,DF:DF:EE:00:00:04,-34
BLE,1705564732643505327,D3:F4:55:AB:96:20,-56
BLE,1705564732946188599,DF:DF:EE:00:00:04,-38
BLE,1705564733032196940,D3:F4:55:AB:96:20,-57
BLE,1705564733221402588,D3:F4:55:AB:96:20,-59
BLE,1705564733414205020,DF:DF:EE:00:00:04,-38
BLE,1705564733952374961,DF:DF:EE:00:00:04,-36
BLE,1705564733984181309,D3:F4:55:AB:96:20,-57
BLE,1705564734175921214,D3:F4:55:AB:96:20,-56
BLE,1705564734407437147,DF:DF:EE:00:00:04,-39
BLE,1705564734552995405,D3:F4:55:AB:96:20,-59
BLE,1705564734938280982,D3:F4:55:AB:96:20,-56
BLE,1705564735047409666,DF:A6:DC:DC:2E:81,-66
BLE,1705564735047437916,DF:DF:EE:00:00:01,-66
BLE,1705564735321069968,D3:F4:55:AB:96:20,-50
BLE,1705564735412435942,DF:DF:EE:00:00:04,-35
BLE,1705564735712274671,D3:F4:55:AB:96:20,-57
BLE,1705564735901487111,D3:F4:55:AB:96:20,-58
BLE,1705564736097714704,D3:F4:55:AB:96:20,-56
BLE,1705564736289909644,D3:F4:55:AB:96:20,-54
BLE,1705564736485935406,D3:F4:55:AB:96:20,-58
BLE,1705564736869819544,D3:F4:55:AB:96:20,-59
BLE,1705564737060747419,D3:F4:55:AB:96:20,-58
BLE,1705564737251707501,D3:F4:55:AB:96:20,-57
BLE,1705564737404654907,DF:DF:EE:00:00:04,-36
BLE,1705564737440618113,D3:F4:55:AB:96:20,-55
BLE,1705564737587451645,DF:A6:DC:DC:2E:81,-65
BLE,1705564737587479936,DF:DF:EE:00:00:01,-65
BLE,1705564737632773220,D3:F4:55:AB:96:20,-57
BLE,1705564737825874981,D3:F4:55:AB:96:20,-57
BLE,1705564737952769459,DF:DF:EE:00:00:04,-35
BLE,1705564738203461874,D3:F4:55:AB:96:20,-56
BLE,1705564738412372206,DF:DF:EE:00:00:04,-38
BLE,1705564738949828990,DF:DF:EE:00:00:04,-46
BLE,1705564738965942599,D3:F4:55:AB:96:20,-56
BLE,1705564739408989452,DF:DF:EE:00:00:04,-34
BLE,1705564739739917663,D3:F4:55:AB:96:20,-58
BLE,1705564739933555208,D3:F4:55:AB:96:20,-56
BLE,1705564740129786175,DF:A6:DC:DC:2E:81,-65
BLE,1705564740129837175,DF:DF:EE:00:00:01,-65
BLE,1705564740317346722,D3:F4:55:AB:96:20,-56
BLE,1705564740414069121,DF:DF:EE:00:00:04,-40
BLE,1705564740511116641,D3:F4:55:AB:96:20,-58
BLE,1705564740897090041,D3:F4:55:AB:96:20,-59
BLE,1705564740949821304,DF:DF:EE:00:00:04,-35
BLE,1705564741277201440,D3:F4:55:AB:96:20,-58
BLE,1705564741407259748,DF:DF:EE:00:00:04,-38
BLE,1705564741469974247,D3:F4:55:AB:96:20,-57
BLE,1705564741659757388,D3:F4:55:AB:96:20,-58
BLE,1705564741852844024,D3:F4:55:AB:96:20,-58
BLE,1705564741951922724,DF:DF:EE:00:00:04,-48
BLE,1705564742039755497,D3:F4:55:AB:96:20,-59
BLE,1705564742239649330,D3:F4:55:AB:96:20,-41
BLE,1705564742408531221,DF:DF:EE:00:00:04,-35
BLE,1705564742621106543,D3:F4:55:AB:96:20,-58
BLE,1705564742669717906,DF:A6:DC:DC:2E:81,-66
BLE,1705564742669743031,DF:DF:EE:00:00:01,-66
BLE,1705564742815739200,D3:F4:55:AB:96:20,-56
BLE,1705564742952859243,DF:DF:EE:00:00:04,-36
BLE,1705564743205077386,D3:F4:55:AB:96:20,-57
BLE,1705564743401306229,D3:F4:55:AB:96:20,-55
BLE,1705564743409836485,DF:DF:EE:00:00:04,-39
BLE,1705564743592490267,D3:F4:55:AB:96:20,-59
BLE,1705564743948325921,DF:DF:EE:00:00:04,-38
BLE,1705564743975262170,D3:F4:55:AB:96:20,-59
BLE,1705564744170001117,D3:F4:55:AB:96:20,-57
BLE,1705564744405820573,DF:DF:EE:00:00:04,-35
BLE,1705564744544492552,D3:F4:55:AB:96:20,-56
BLE,1705564744936014542,D3:F4:55:AB:96:20,-57
BLE,1705564745122530020,D3:F4:55:AB:96:20,-58
BLE,1705564745407937367,DF:DF:EE:00:00:04,-37
BLE,1705564745504691599,D3:F4:55:AB:96:20,-44
BLE,1705564745701436767,D3:F4:55:AB:96:20,-56
BLE,1705564745944456789,DF:DF:EE:00:00:04,-36
BLE,1705564746273303446,D3:F4:55:AB:96:20,-58
BLE,1705564746499730992,DF:A6:DC:DC:2E:81,-64
BLE,1705564746499765074,DF:DF:EE:00:00:01,-64
BLE,1705564746659841797,D3:F4:55:AB:96:20,-56
BLE,1705564746849146069,D3:F4:55:AB:96:20,-57
BLE,1705564746948147311,DF:DF:EE:00:00:04,-35
BLE,1705564747239484825,D3:F4:55:AB:96:20,-59
BLE,1705564747413348647,DF:DF:EE:00:00:04,-39
BLE,1705564747437134106,D3:F4:55:AB:96:20,-57
BLE,1705564747625181855,D3:F4:55:AB:96:20,-58
BLE,1705564747947405104,DF:DF:EE:00:00:04,-35
BLE,1705564748018693900,D3:F4:55:AB:96:20,-58
BLE,1705564748206533693,D3:F4:55:AB:96:20,-59
BLE,1705564748397090073,D3:F4:55:AB:96:20,-56
BLE,1705564748587919532,D3:F4:55:AB:96:20,-58
BLE,1705564749168316258,D3:F4:55:AB:96:20,-58
BLE,1705564749358233189,D3:F4:55:AB:96:20,-59
BLE,1705564749409398141,DF:DF:EE:00:00:04,-35
BLE,1705564749937913134,D3:F4:55:AB:96:20,-59
BLE,1705564750137101310,D3:F4:55:AB:96:20,-57
BLE,1705564750321395694,DF:A6:DC:DC:2E:81,-65
BLE,1705564750321425277,DF:DF:EE:00:00:01,-65
BLE,1705564750323986741,D3:F4:55:AB:96:20,-58
BLE,1705564750411800098,DF:DF:EE:00:00:04,-34
BLE,1705564750517278916,D3:F4:55:AB:96:20,-58
BLE,1705564750703887101,D3:F4:55:AB:96:20,-59
BLE,1705564750900105735,D3:F4:55:AB:96:20,-58
BLE,1705564751092679629,D3:F4:55:AB:96:20,-56
BLE,1705564751282469228,D3:F4:55:AB:96:20,-57
BLE,1705564751407440274,DF:DF:EE:00:00:04,-37
BLE,1705564751468844791,D3:F4:55:AB:96:20,-58
BLE,1705564751663725319,D3:F4:55:AB:96:20,-57
BLE,1705564751855171770,D3:F4:55:AB:96:20,-57
BLE,1705564751948875461,DF:DF:EE:00:00:04,-36
BLE,1705564752048757024,D3:F4:55:AB:96:20,-57
BLE,1705564752243303099,D3:F4:55:AB:96:20,-55
BLE,1705564752439560816,D3:F4:55:AB:96:20,-59
BLE,1705564752633016197,D3:F4:55:AB:96:20,-57
BLE,1705564752867042469,DF:A6:DC:DC:2E:81,-66
BLE,1705564752867077219,DF:DF:EE:00:00:01,-66
BLE,1705564752943349820,DF:DF:EE:00:00:04,-35
BLE,1705564753020947028,D3:F4:55:AB:96:20,-59
BLE,1705564753407215383,D3:F4:55:AB:96:20,-59
BLE,1705564753413710209,DF:DF:EE:00:00:04,-36
BLE,1705564753598505127,D3:F4:55:AB:96:20,-58
BLE,1705564753974857371,D3:F4:55:AB:96:20,-55
BLE,1705564754167638553,D3:F4:55:AB:96:20,-57
BLE,1705564754360634524,D3:F4:55:AB:96:20,-55
BLE,1705564754362113336,D3:F4:55:AB:96:20,-57
BLE,1705564754745049946,D3:F4:55:AB:96:20,-58
BLE,1705564755323888111,D3:F4:55:AB:96:20,-55
BLE,1705564755409593205,DF:DF:EE:00:00:04,-20
BLE,1705564755705619445,D3:F4:55:AB:96:20,-56
BLE,1705564755896445905,D3:F4:55:AB:96:20,-57
BLE,1705564755950933894,DF:DF:EE:00:00:04,-35
BLE,1705564756092935452,D3:F4:55:AB:96:20,-45
BLE,1705564756410097272,DF:DF:EE:00:00:04,-38
BLE,1705564756472488567,D3:F4:55:AB:96:20,-55
BLE,1705564756862214082,D3:F4:55:AB:96:20,-57
BLE,1705564756950845927,DF:DF:EE:00:00:04,-39
BLE,1705564757050316829,D3:F4:55:AB:96:20,-58
BLE,1705564757409675310,DF:DF:EE:00:00:04,-35
BLE,1705564757446350672,D3:F4:55:AB:96:20,-58
BLE,1705564757634841248,D3:F4:55:AB:96:20,-59
BLE,1705564757831828288,D3:F4:55:AB:96:20,-57
BLE,1705564757947161552,DF:DF:EE:00:00:04,-34
BLE,1705564758023127866,D3:F4:55:AB:96:20,-55
BLE,1705564758217231821,D3:F4:55:AB:96:20,-59
BLE,1705564758414958518,DF:DF:EE:00:00:04,-40
BLE,1705564758952822880,DF:DF:EE:00:00:04,-38
BLE,1705564759410040244,DF:DF:EE:00:00:04,-35
BLE,1705564759753396614,D3:F4:55:AB:96:20,-58
BLE,1705564759754756887,D3:F4:55:AB:96:20,-55
BLE,1705564759945305517,DF:DF:EE:00:00:04,-22
BLE,1705564760407742849,DF:DF:EE:00:00:04,-35
BLE,1705564760525000795,D3:F4:55:AB:96:20,-56
BLE,1705564760906461925,D3:F4:55:AB:96:20,-56
BLE,1705564760942680711,DF:DF:EE:00:00:04,-35
BLE,1705564761098918528,D3:F4:55:AB:96:20,-59
BLE,1705564761296010109,D3:F4:55:AB:96:20,-57
BLE,1705564761405507329,DF:DF:EE:00:00:04,-39
BLE,1705564761484177230,D3:F4:55:AB:96:20,-58
BLE,1705564761878629346,D3:F4:55:AB:96:20,-58
BLE,1705564761943001905,DF:DF:EE:00:00:04,-36
BLE,1705564762067603373,D3:F4:55:AB:96:20,-59
BLE,1705564762259762522,D3:F4:55:AB:96:20,-57
BLE,1705564762406564805,DF:DF:EE:00:00:04,-34
BLE,1705564762447569024,D3:F4:55:AB:96:20,-58
BLE,1705564762647720728,D3:F4:55:AB:96:20,-57
BLE,1705564762834683866,D3:F4:55:AB:96:20,-59
BLE,1705564762945743732,DF:DF:EE:00:00:04,-35
BLE,1705564763025362661,D3:F4:55:AB:96:20,-57
BLE,1705564763059779264,DF:A6:DC:DC:2E:81,-66
BLE,1705564763059816763,DF:DF:EE:00:00:01,-66
BLE,1705564763214520936,D3:F4:55:AB:96:20,-58
BLE,1705564763404061663,DF:DF:EE:00:00:04,-33
BLE,1705564763409729501,D3:F4:55:AB:96:20,-57
BLE,1705564763595483698,D3:F4:55:AB:96:20,-58
BLE,1705564763787652389,D3:F4:55:AB:96:20,-56
BLE,1705564763944952733,DF:DF:EE:00:00:04,-34
BLE,1705564763977906856,D3:F4:55:AB:96:20,-59
BLE,1705564764337744663,DF:A6:DC:DC:2E:81,-66
BLE,1705564764337784204,DF:DF:EE:00:00:01,-66
BLE,1705564764551641801,D3:F4:55:AB:96:20,-55
BLE,1705564764933901086,D3:F4:55:AB:96:20,-56
BLE,1705564765316871862,D3:F4:55:AB:96:20,-55
BLE,1705564765413927548,DF:DF:EE:00:00:04,-22
BLE,1705564765699371769,D3:F4:55:AB:96:20,-56
BLE,1705564765892388865,D3:F4:55:AB:96:20,-59
BLE,1705564766087410516,D3:F4:55:AB:96:20,-57
BLE,1705564766275482514,D3:F4:55:AB:96:20,-58
BLE,1705564766407737833,DF:DF:EE:00:00:04,-35
BLE,1705564766468986477,D3:F4:55:AB:96:20,-57
BLE,1705564766657650967,D3:F4:55:AB:96:20,-58
BLE,1705564766846684160,D3:F4:55:AB:96:20,-56
BLE,1705564766945640319,DF:DF:EE:00:00:04,-39
BLE,1705564767040247998,D3:F4:55:AB:96:20,-59
BLE,1705564767237987194,D3:F4:55:AB:96:20,-57
BLE,1705564767410606116,DF:DF:EE:00:00:04,-34
BLE,1705564767425672531,D3:F4:55:AB:96:20,-57
BLE,1705564767427121386,D3:F4:55:AB:96:20,-55
BLE,1705564767617330062,D3:F4:55:AB:96:20,-57
BLE,1705564767812511128,D3:F4:55:AB:96:20,-56
BLE,1705564767943383425,DF:DF:EE:00:00:04,-24
BLE,1705564767944939986,DF:DF:EE:00:00:04,-48
BLE,1705564768008733220,D3:F4:55:AB:96:20,-59
BLE,1705564768200825537,D3:F4:55:AB:96:20,-57
BLE,1705564768408022726,DF:DF:EE:00:00:04,-39
BLE,1705564768584123308,D3:F4:55:AB:96:20,-58
BLE,1705564768771875561,D3:F4:55:AB:96:20,-68
BLE,1705564768947392567,DF:DF:EE:00:00:04,-39
BLE,1705564768961701492,D3:F4:55:AB:96:20,-56
BLE,1705564769152870614,D3:F4:55:AB:96:20,-58
BLE,1705564769412084243,DF:DF:EE:00:00:04,-36
BLE,1705564769427329280,DF:A6:DC:DC:2E:81,-66
BLE,1705564769427355905,DF:DF:EE:00:00:01,-66
BLE,1705564769538104525,D3:F4:55:AB:96:20,-59
BLE,1705564769735187563,D3:F4:55:AB:96:20,-58
BLE,1705564769951734830,DF:DF:EE:00:00:04,-35
BLE,1705564770317845341,D3:F4:55:AB:96:20,-56
BLE,1705564770410030554,DF:DF:EE:00:00:04,-39
BLE,1705564770947462797,DF:DF:EE:00:00:04,-38
BLE,1705564771091287455,D3:F4:55:AB:96:20,-58
BLE,1705564771287888500,D3:F4:55:AB:96:20,-57
BLE,1705564771407405872,DF:DF:EE:00:00:04,-34
BLE,1705564771476255619,D3:F4:55:AB:96:20,-59
BLE,1705564771858110285,D3:F4:55:AB:96:20,-57
BLE,1705564771945020863,DF:DF:EE:00:00:04,-35
BLE,1705564772049305573,D3:F4:55:AB:96:20,-57
BLE,1705564772425381653,D3:F4:55:AB:96:20,-56
BLE,1705564772803398623,D3:F4:55:AB:96:20,-59
BLE,1705564772948828925,DF:DF:EE:00:00:04,-45
BLE,1705564772999976336,D3:F4:55:AB:96:20,-58
BLE,1705564773196823336,D3:F4:55:AB:96:20,-57
BLE,1705564773252898220,DF:A6:DC:DC:2E:81,-63
BLE,1705564773252924803,DF:DF:EE:00:00:01,-63
BLE,1705564773385389702,D3:F4:55:AB:96:20,-59
BLE,1705564773406630864,DF:DF:EE:00:00:04,-35
BLE,1705564773767469240,D3:F4:55:AB:96:20,-57
BLE,1705564773948393005,DF:DF:EE:00:00:04,-35
BLE,1705564773960989496,D3:F4:55:AB:96:20,-57
BLE,1705564774343816815,D3:F4:55:AB:96:20,-58
BLE,1705564774410529508,DF:DF:EE:00:00:04,-40
BLE,1705564774530404542,DF:A6:DC:DC:2E:81,-65
BLE,1705564774530433917,DF:DF:EE:00:00:01,-65
BLE,1705564774725449734,D3:F4:55:AB:96:20,-57
BLE,1705564774913854269,D3:F4:55:AB:96:20,-58
BLE,1705564774952929182,DF:DF:EE:00:00:04,-38
BLE,1705564775103866782,D3:F4:55:AB:96:20,-45
BLE,1705564775299680672,D3:F4:55:AB:96:20,-57
BLE,1705564775494520034,D3:F4:55:AB:96:20,-58
BLE,1705564775878320339,D3:F4:55:AB:96:20,-57
BLE,1705564775947684329,DF:DF:EE:00:00:04,-35
BLE,1705564776065171896,D3:F4:55:AB:96:20,-58
BLE,1705564776255364364,D3:F4:55:AB:96:20,-56
BLE,1705564776412746708,DF:DF:EE:00:00:04,-39
BLE,1705564776451658081,D3:F4:55:AB:96:20,-56
BLE,1705564776647255932,D3:F4:55:AB:96:20,-58
BLE,1705564776842554163,D3:F4:55:AB:96:20,-56
BLE,1705564776941480031,DF:DF:EE:00:00:04,-34
BLE,1705564777028190945,D3:F4:55:AB:96:20,-58
BLE,1705564777076065609,DF:A6:DC:DC:2E:81,-66
BLE,1705564777076092442,DF:DF:EE:00:00:01,-66
BLE,1705564777225090486,D3:F4:55:AB:96:20,-58
BLE,1705564777405184762,DF:DF:EE:00:00:04,-39
BLE,1705564777411771253,D3:F4:55:AB:96:20,-57
BLE,1705564777609141413,D3:F4:55:AB:96:20,-57
BLE,1705564778373372613,D3:F4:55:AB:96:20,-57
BLE,1705564778943913394,DF:DF:EE:00:00:04,-34
BLE,1705564779145741492,D3:F4:55:AB:96:20,-59
BLE,1705564779342536284,D3:F4:55:AB:96:20,-57
BLE,1705564779530547242,D3:F4:55:AB:96:20,-43
BLE,1705564779620505318,DF:A6:DC:DC:2E:81,-65
BLE,1705564779620589526,DF:DF:EE:00:00:01,-65
BLE,1705564779920647084,D3:F4:55:AB:96:20,-56
BLE,1705564779943261310,DF:DF:EE:00:00:04,-35
BLE,1705564780115019036,D3:F4:55:AB:96:20,-54
BLE,1705564780306390238,D3:F4:55:AB:96:20,-57
BLE,1705564780406173761,DF:DF:EE:00:00:04,-19
BLE,1705564780495602928,D3:F4:55:AB:96:20,-43
BLE,1705564780689299890,D3:F4:55:AB:96:20,-57
BLE,1705564780881385290,D3:F4:55:AB:96:20,-57
BLE,1705564780882700730,D3:F4:55:AB:96:20,-56
BLE,1705564780944411701,DF:DF:EE:00:00:04,-34
BLE,1705564781073122195,D3:F4:55:AB:96:20,-58
BLE,1705564781259922586,D3:F4:55:AB:96:20,-59
BLE,1705564781455957347,D3:F4:55:AB:96:20,-41
BLE,1705564781642988402,D3:F4:55:AB:96:20,-57
BLE,1705564781838969456,D3:F4:55:AB:96:20,-56
BLE,1705564781943411414,DF:DF:EE:00:00:04,-36
BLE,1705564782216109063,D3:F4:55:AB:96:20,-54
BLE,1705564782217648208,D3:F4:55:AB:96:20,-41
BLE,1705564782410649012,D3:F4:55:AB:96:20,-57
BLE,1705564782603066033,D3:F4:55:AB:96:20,-57
BLE,1705564782792082601,D3:F4:55:AB:96:20,-58
BLE,1705564782948475292,DF:DF:EE:00:00:04,-41
BLE,1705564782984033753,D3:F4:55:AB:96:20,-58
BLE,1705564783175817741,D3:F4:55:AB:96:20,-59
BLE,1705564783412264105,DF:DF:EE:00:00:04,-38
BLE,1705564783757054831,D3:F4:55:AB:96:20,-59
BLE,1705564783952804638,DF:DF:EE:00:00:04,-40
BLE,1705564784139127869,D3:F4:55:AB:96:20,-60
BLE,1705564784333471404,D3:F4:55:AB:96:20,-57
BLE,1705564784404154917,DF:DF:EE:00:00:04,-38
BLE,1705564784524031743,D3:F4:55:AB:96:20,-43
BLE,1705564784713451513,D3:F4:55:AB:96:20,-40
BLE,1705564784908923616,D3:F4:55:AB:96:20,-57
BLE,1705564785301264636,D3:F4:55:AB:96:20,-56
BLE,1705564785402740927,DF:DF:EE:00:00:04,-34
BLE,1705564785686252217,D3:F4:55:AB:96:20,-58
BLE,1705564785878291368,D3:F4:55:AB:96:20,-55
BLE,1705564785941258613,DF:DF:EE:00:00:04,-36
BLE,1705564786262475793,D3:F4:55:AB:96:20,-55
BLE,1705564786404316395,DF:DF:EE:00:00:04,-39
BLE,1705564786452079020,D3:F4:55:AB:96:20,-57
BLE,1705564786647108754,D3:F4:55:AB:96:20,-54
BLE,1705564787030326151,D3:F4:55:AB:96:20,-55
BLE,1705564787221685562,D3:F4:55:AB:96:20,-58
BLE,1705564787248238858,DF:A6:DC:DC:2E:81,-63
BLE,1705564787248265899,DF:DF:EE:00:00:01,-63
BLE,1705564787604758628,D3:F4:55:AB:96:20,-59
BLE,1705564787798345924,D3:F4:55:AB:96:20,-71
BLE,1705564787948217622,DF:DF:EE:00:00:04,-35
BLE,1705564787989943247,D3:F4:55:AB:96:20,-58
BLE,1705564788184089036,D3:F4:55:AB:96:20,-57
BLE,1705564788379095062,D3:F4:55:AB:96:20,-55
BLE,1705564788572193240,D3:F4:55:AB:96:20,-59
BLE,1705564788770284764,D3:F4:55:AB:96:20,-57
BLE,1705564788942184530,DF:DF:EE:00:00:04,-35
BLE,1705564789345749559,D3:F4:55:AB:96:20,-56
BLE,1705564789411245978,DF:DF:EE:00:00:04,-35
BLE,1705564789541619615,D3:F4:55:AB:96:20,-59
BLE,1705564789787975466,DF:A6:DC:DC:2E:81,-65
BLE,1705564789788005674,DF:DF:EE:00:00:01,-65
BLE,1705564789933452600,D3:F4:55:AB:96:20,-55
BLE,1705564789943251672,DF:DF:EE:00:00:04,-34
BLE,1705564790409644157,DF:DF:EE:00:00:04,-39
BLE,1705564790509822550,D3:F4:55:AB:96:20,-58
BLE,1705564790951960416,DF:DF:EE:00:00:04,-39
BLE,1705564791091715130,D3:F4:55:AB:96:20,-57
BLE,1705564791285515007,D3:F4:55:AB:96:20,-58
BLE,1705564791408458873,DF:DF:EE:00:00:04,-35
BLE,1705564791481961763,D3:F4:55:AB:96:20,-55
BLE,1705564791676737584,D3:F4:55:AB:96:20,-57
BLE,1705564791873652041,D3:F4:55:AB:96:20,-73
BLE,1705564792064141464,D3:F4:55:AB:96:20,-57
BLE,1705564792065478445,D3:F4:55:AB:96:20,-57
BLE,1705564792257531721,D3:F4:55:AB:96:20,-57
BLE,1705564792329158096,DF:A6:DC:DC:2E:81,-66
BLE,1705564792329189887,DF:DF:EE:00:00:01,-66
BLE,1705564792411049327,DF:DF:EE:00:00:04,-39
BLE,1705564792640758118,D3:F4:55:AB:96:20,-57
BLE,1705564792831658285,D3:F4:55:AB:96:20,-56
BLE,1705564792947674123,DF:DF:EE:00:00:04,-34
BLE,1705564793022920030,D3:F4:55:AB:96:20,-58
BLE,1705564793215062430,D3:F4:55:AB:96:20,-55
BLE,1705564793410942943,D3:F4:55:AB:96:20,-57
BLE,1705564793605844304,D3:F4:55:AB:96:20,-57
BLE,1705564793945579976,DF:DF:EE:00:00:04,-38
BLE,1705564794188809328,D3:F4:55:AB:96:20,-57
BLE,1705564794384778008,D3:F4:55:AB:96:20,-55
BLE,1705564794400958532,DF:DF:EE:00:00:04,-35
BLE,1705564794773384871,D3:F4:55:AB:96:20,-58
BLE,1705564794873946217,DF:A6:DC:DC:2E:81,-65
BLE,1705564794873976300,DF:DF:EE:00:00:01,-65
BLE,1705564794943914239,DF:DF:EE:00:00:04,-35
BLE,1705564794962692685,D3:F4:55:AB:96:20,-58
BLE,1705564795155469659,D3:F4:55:AB:96:20,-57
BLE,1705564795403236448,DF:DF:EE:00:00:04,-39
BLE,1705564795536060802,D3:F4:55:AB:96:20,-54
BLE,1705564795733324129,D3:F4:55:AB:96:20,-56
BLE,1705564795947230850,DF:DF:EE:00:00:04,-39
BLE,1705564796122999228,D3:F4:55:AB:96:20,-56
BLE,1705564796318377582,D3:F4:55:AB:96:20,-56
BLE,1705564796898681393,D3:F4:55:AB:96:20,-53
BLE,1705564796945626529,DF:DF:EE:00:00:04,-35
BLE,1705564797087410674,D3:F4:55:AB:96:20,-56
BLE,1705564797410158791,DF:DF:EE:00:00:04,-38
BLE,1705564797474895720,D3:F4:55:AB:96:20,-56
BLE,1705564797666059091,D3:F4:55:AB:96:20,-58
BLE,1705564797943739004,DF:DF:EE:00:00:04,-35
BLE,1705564798054866369,D3:F4:55:AB:96:20,-56
BLE,1705564798250838798,D3:F4:55:AB:96:20,-57
BLE,1705564798403488958,DF:DF:EE:00:00:04,-35
BLE,1705564798638913419,D3:F4:55:AB:96:20,-55
BLE,1705564798831793892,D3:F4:55:AB:96:20,-58
BLE,1705564798944731606,DF:DF:EE:00:00:04,-35
BLE,1705564799217353131,D3:F4:55:AB:96:20,-59
BLE,1705564799411555127,D3:F4:55:AB:96:20,-57
BLE,1705564799600745734,D3:F4:55:AB:96:20,-59
BLE,1705564799791851898,D3:F4:55:AB:96:20,-57
BLE,1705564799943045161,DF:DF:EE:00:00:04,-36
